ID	centroid_x	centroid_y	centroid_z	volume	integrated_intensity	eccentricity	elongation	orientation	bounding_box_volume	sum	mean	minimum	maximum	sigma	variance	surface_gradient	interior_gradient	surface_intensity	interior_intensity	intensity_ratio	convexity	radius_variation	surface_area	shape	shared_boundary	t_energy	t_entropy	inverse_diff_moment	inertia	cluster_shade	cluster_prominence	
1.00	934.00	204.00	0.00	18847.00	833476.00	1.00	144.86	-1.89	50470.00	833476.00	44.22	14.00	218.00	13.55	183.67	2.28	0.00	44.22	0.00	0.00	0.00	1.72	18847.00	166.65	0.00	0.00	0.00	0.00	0.00	0.00	0.00	
2.00	788.00	625.00	0.00	17899.00	700249.00	1.00	116.18	-1.89	29930.00	700249.00	39.12	11.00	53.00	5.18	26.81	1.44	0.00	39.12	0.00	0.00	0.00	2.15	17899.00	158.27	0.00	0.00	0.00	0.00	0.00	0.00	0.00	
3.00	808.00	962.00	0.00	10173.00	390286.00	1.00	92.73	-1.02	17286.00	390286.00	38.36	16.00	51.00	4.62	21.36	1.25	0.00	38.36	0.00	0.00	0.00	1.63	10173.00	89.95	0.00	0.00	0.00	0.00	0.00	0.00	0.00	
4.00	936.00	661.00	0.00	9177.00	369757.00	1.00	56.88	-0.26	15824.00	369757.00	40.29	15.00	51.00	5.09	25.90	1.44	0.00	40.29	0.00	0.00	0.00	1.95	9177.00	81.14	0.00	0.00	0.00	0.00	0.00	0.00	0.00	
5.00	901.00	818.00	0.00	8945.00	330619.00	1.00	73.73	0.19	18512.00	330619.00	36.96	16.00	50.00	5.20	27.05	1.33	0.00	36.96	0.00	0.00	0.00	1.86	8945.00	79.09	0.00	0.00	0.00	0.00	0.00	0.00	0.00	
6.00	161.00	1011.00	0.00	7939.00	611407.00	1.00	58.45	0.68	14478.00	611407.00	77.01	17.00	254.00	37.90	1436.18	4.95	0.00	77.01	0.00	0.00	0.00	1.83	7939.00	70.20	0.00	0.00	0.00	0.00	0.00	0.00	0.00	
7.00	520.00	452.00	0.00	6727.00	259019.00	1.00	58.47	-0.12	12155.00	259019.00	38.50	17.00	46.00	4.55	20.69	1.71	0.00	38.50	0.00	0.00	0.00	1.68	6727.00	59.48	0.00	0.00	0.00	0.00	0.00	0.00	0.00	
8.00	1251.00	263.00	0.00	6666.00	251077.00	1.00	48.30	-0.62	16592.00	251077.00	37.67	15.00	50.00	5.63	31.70	1.74	0.00	37.67	0.00	0.00	0.00	2.16	6666.00	58.94	0.00	0.00	0.00	0.00	0.00	0.00	0.00	
9.00	937.00	455.00	0.00	6418.00	251886.00	1.00	54.59	-2.03	10890.00	251886.00	39.25	16.00	48.00	5.80	33.68	1.49	0.00	39.25	0.00	0.00	0.00	1.63	6418.00	56.75	0.00	0.00	0.00	0.00	0.00	0.00	0.00	
10.00	1476.00	629.00	0.00	6398.00	262126.00	1.00	52.87	-1.37	9900.00	262126.00	40.97	14.00	53.00	6.08	36.98	1.76	0.00	40.97	0.00	0.00	0.00	1.58	6398.00	56.57	0.00	0.00	0.00	0.00	0.00	0.00	0.00	
11.00	447.00	543.00	0.00	6364.00	234618.00	1.00	69.62	0.51	14256.00	234618.00	36.87	15.00	45.00	3.92	15.39	1.54	0.00	36.87	0.00	0.00	0.00	1.76	6364.00	56.27	0.00	0.00	0.00	0.00	0.00	0.00	0.00	
12.00	62.00	565.00	0.00	5555.00	199154.00	1.00	59.91	-0.42	9167.00	199154.00	35.85	14.00	43.00	3.92	15.36	1.31	0.00	35.85	0.00	0.00	0.00	1.38	5555.00	49.12	0.00	0.00	0.00	0.00	0.00	0.00	0.00	
13.00	990.00	303.00	0.00	5511.00	220182.00	1.00	59.57	-1.65	9928.00	220182.00	39.95	12.00	50.00	5.12	26.20	1.93	0.00	39.95	0.00	0.00	0.00	1.53	5511.00	48.73	0.00	0.00	0.00	0.00	0.00	0.00	0.00	
14.00	750.00	471.00	0.00	5234.00	204195.00	1.00	44.76	-1.62	7866.00	204195.00	39.01	14.00	50.00	4.91	24.15	1.70	0.00	39.01	0.00	0.00	0.00	1.52	5234.00	46.28	0.00	0.00	0.00	0.00	0.00	0.00	0.00	
15.00	682.00	744.00	0.00	5092.00	195611.00	1.00	55.66	-1.82	7725.00	195611.00	38.42	18.00	51.00	5.08	25.76	1.38	0.00	38.42	0.00	0.00	0.00	1.37	5092.00	45.02	0.00	0.00	0.00	0.00	0.00	0.00	0.00	
16.00	393.00	1035.00	0.00	5064.00	186050.00	1.00	59.09	-0.69	9282.00	186050.00	36.74	16.00	43.00	3.68	13.52	1.26	0.00	36.74	0.00	0.00	0.00	1.54	5064.00	44.78	0.00	0.00	0.00	0.00	0.00	0.00	0.00	
17.00	809.00	366.00	0.00	5043.00	187030.00	1.00	63.39	-0.70	11118.00	187030.00	37.09	15.00	45.00	5.02	25.18	1.60	0.00	37.09	0.00	0.00	0.00	1.57	5043.00	44.59	0.01	0.00	0.00	0.00	0.00	0.00	0.00	
18.00	1606.00	354.00	0.00	5024.00	192794.00	1.00	44.59	-0.81	10388.00	192794.00	38.37	11.00	50.00	5.74	32.91	1.79	0.00	38.37	0.00	0.00	0.00	1.72	5024.00	44.42	0.00	0.00	0.00	0.00	0.00	0.00	0.00	
19.00	663.00	382.00	0.00	4900.00	195543.00	1.00	48.30	-1.93	11592.00	195543.00	39.91	16.00	47.00	4.67	21.82	1.80	0.00	39.91	0.00	0.00	0.00	1.75	4900.00	43.33	0.01	0.00	0.00	0.00	0.00	0.00	0.00	
20.00	993.00	987.00	0.00	4620.00	176179.00	1.00	64.11	-0.07	6391.00	176179.00	38.13	22.00	48.00	5.47	29.94	1.32	0.00	38.13	0.00	0.00	0.00	1.18	4620.00	40.85	0.00	0.00	0.00	0.00	0.00	0.00	0.00	
21.00	589.00	311.00	0.00	4606.00	172919.00	1.00	48.20	-0.85	8536.00	172919.00	37.54	15.00	45.00	4.68	21.87	1.67	0.00	37.54	0.00	0.00	0.00	1.50	4606.00	40.73	0.00	0.00	0.00	0.00	0.00	0.00	0.00	
22.00	1676.00	943.00	0.00	4587.00	186597.00	1.00	60.42	-0.72	6004.00	186597.00	40.68	22.00	57.00	7.31	53.48	1.59	0.00	40.68	0.00	0.00	0.00	1.20	4587.00	40.56	0.00	0.00	0.00	0.00	0.00	0.00	0.00	
23.00	486.00	1007.00	0.00	4537.00	177934.00	1.00	62.08	0.42	6300.00	177934.00	39.22	22.00	46.00	4.30	18.50	1.36	0.00	39.22	0.00	0.00	0.00	1.18	4537.00	40.12	0.00	0.00	0.00	0.00	0.00	0.00	0.00	
24.00	1563.00	841.00	0.00	4502.00	176460.00	1.00	57.58	-0.97	6004.00	176460.00	39.20	19.00	54.00	6.36	40.50	1.52	0.00	39.20	0.00	0.00	0.00	1.22	4502.00	39.81	0.00	0.00	0.00	0.00	0.00	0.00	0.00	
25.00	796.00	717.00	0.00	4500.00	159781.00	1.00	55.55	-1.11	8536.00	159781.00	35.51	17.00	44.00	4.84	23.42	1.30	0.00	35.51	0.00	0.00	0.00	1.28	4500.00	39.79	0.01	0.00	0.00	0.00	0.00	0.00	0.00	
26.00	455.00	783.00	0.00	4411.00	162294.00	1.00	47.33	-2.17	9879.00	162294.00	36.79	18.00	45.00	4.44	19.70	1.66	0.00	36.79	0.00	0.00	0.00	1.76	4411.00	39.00	0.00	0.00	0.00	0.00	0.00	0.00	0.00	
27.00	712.00	890.00	0.00	4410.00	177402.00	1.00	62.20	0.40	5846.00	177402.00	40.23	22.00	49.00	4.74	22.47	1.43	0.00	40.23	0.00	0.00	0.00	1.17	4410.00	38.99	0.00	0.00	0.00	0.00	0.00	0.00	0.00	
28.00	1470.00	853.00	0.00	4283.00	177197.00	1.00	58.33	-0.73	5850.00	177197.00	41.37	21.00	54.00	6.61	43.74	1.56	0.00	41.37	0.00	0.00	0.00	1.18	4283.00	37.87	0.00	0.00	0.00	0.00	0.00	0.00	0.00	
29.00	342.00	965.00	0.00	4107.00	158492.00	1.00	54.85	0.55	5822.00	158492.00	38.59	22.00	48.00	3.99	15.90	1.51	0.00	38.59	0.00	0.00	0.00	1.19	4107.00	36.31	0.00	0.00	0.00	0.00	0.00	0.00	0.00	
30.00	1018.00	831.00	0.00	4051.00	157179.00	1.00	61.92	-1.37	5625.00	157179.00	38.80	21.00	49.00	5.24	27.43	1.47	0.00	38.80	0.00	0.00	0.00	1.14	4051.00	35.82	0.00	0.00	0.00	0.00	0.00	0.00	0.00	
31.00	1381.00	770.00	0.00	4020.00	166125.00	1.00	57.46	-0.91	5548.00	166125.00	41.32	19.00	56.00	6.26	39.14	1.61	0.00	41.32	0.00	0.00	0.00	1.15	4020.00	35.55	0.00	0.00	0.00	0.00	0.00	0.00	0.00	
32.00	1477.00	773.00	0.00	3797.00	157833.00	1.00	54.62	-0.70	5037.00	157833.00	41.57	22.00	53.00	6.47	41.93	1.65	0.00	41.57	0.00	0.00	0.00	1.15	3797.00	33.57	0.00	0.00	0.00	0.00	0.00	0.00	0.00	
33.00	803.00	1049.00	0.00	3718.00	157234.00	1.00	52.59	-1.68	5551.00	157234.00	42.29	16.00	53.00	5.84	34.16	1.06	0.00	42.29	0.00	0.00	0.00	1.26	3718.00	32.88	0.01	0.00	0.00	0.00	0.00	0.00	0.00	
34.00	1180.00	714.00	0.00	3691.00	147966.00	1.00	57.58	-1.01	4900.00	147966.00	40.09	19.00	53.00	5.54	30.68	1.64	0.00	40.09	0.00	0.00	0.00	1.12	3691.00	32.64	0.00	0.00	0.00	0.00	0.00	0.00	0.00	
35.00	81.00	788.00	0.00	3574.00	130931.00	1.00	53.79	0.75	4757.00	130931.00	36.63	21.00	43.00	3.47	12.07	1.30	0.00	36.63	0.00	0.00	0.00	1.13	3574.00	31.60	0.00	0.00	0.00	0.00	0.00	0.00	0.00	
36.00	573.00	148.00	0.00	3551.00	128694.00	1.00	45.20	-0.77	6318.00	128694.00	36.24	20.00	44.00	4.26	18.16	1.62	0.00	36.24	0.00	0.00	0.00	1.34	3551.00	31.40	0.00	0.00	0.00	0.00	0.00	0.00	0.00	
37.00	724.00	276.00	0.00	3369.00	130983.00	1.00	43.14	-0.24	4988.00	130983.00	38.88	17.00	48.00	5.00	24.99	1.73	0.00	38.88	0.00	0.00	0.00	1.24	3369.00	29.79	0.00	0.00	0.00	0.00	0.00	0.00	0.00	
38.00	243.00	634.00	0.00	3355.00	127369.00	1.00	49.83	-2.04	4380.00	127369.00	37.96	21.00	44.00	3.68	13.51	1.38	0.00	37.96	0.00	0.00	0.00	1.12	3355.00	29.67	0.00	0.00	0.00	0.00	0.00	0.00	0.00	
39.00	1123.00	656.00	0.00	3321.00	130002.00	1.00	54.40	-1.21	4485.00	130002.00	39.15	22.00	47.00	5.08	25.79	1.56	0.00	39.15	0.00	0.00	0.00	1.09	3321.00	29.36	0.00	0.00	0.00	0.00	0.00	0.00	0.00	
40.00	822.00	114.00	0.00	3318.00	124344.00	1.00	35.85	-1.77	5408.00	124344.00	37.48	16.00	46.00	4.79	22.95	1.71	0.00	37.48	0.00	0.00	0.00	1.40	3318.00	29.34	0.00	0.00	0.00	0.00	0.00	0.00	0.00	
41.00	1051.00	554.00	0.00	3117.00	121383.00	1.00	53.90	-1.12	4290.00	121383.00	38.94	22.00	52.00	4.98	24.84	1.57	0.00	38.94	0.00	0.00	0.00	1.06	3117.00	27.56	0.00	0.00	0.00	0.00	0.00	0.00	0.00	
42.00	586.00	432.00	0.00	3105.00	119536.00	1.00	42.20	-1.98	5208.00	119536.00	38.50	16.00	44.00	3.92	15.37	1.45	0.00	38.50	0.00	0.00	0.00	1.21	3105.00	27.46	0.01	0.00	0.00	0.00	0.00	0.00	0.00	
43.00	705.00	531.00	0.00	2923.00	110431.00	1.00	50.65	-2.03	4092.00	110431.00	37.78	21.00	45.00	4.49	20.19	1.52	0.00	37.78	0.00	0.00	0.00	1.05	2923.00	25.85	0.00	0.00	0.00	0.00	0.00	0.00	0.00	
44.00	383.00	312.00	0.00	2912.00	103818.00	1.00	40.40	-1.46	5488.00	103818.00	35.65	17.00	45.00	4.87	23.75	1.93	0.00	35.65	0.00	0.00	0.00	1.50	2912.00	25.75	0.00	0.00	0.00	0.00	0.00	0.00	0.00	
45.00	91.00	474.00	0.00	2899.00	108020.00	1.00	43.79	-1.76	3650.00	108020.00	37.26	22.00	41.00	3.47	12.01	1.33	0.00	37.26	0.00	0.00	0.00	1.09	2899.00	25.63	0.00	0.00	0.00	0.00	0.00	0.00	0.00	
46.00	31.00	692.00	0.00	2880.00	101872.00	1.00	42.12	-2.19	3953.00	101872.00	35.37	17.00	42.00	3.45	11.93	1.27	0.00	35.37	0.00	0.00	0.00	1.17	2880.00	25.47	0.00	0.00	0.00	0.00	0.00	0.00	0.00	
47.00	1019.00	726.00	0.00	2658.00	103334.00	1.00	41.57	-1.96	3726.00	103334.00	38.88	17.00	48.00	4.89	23.89	1.67	0.00	38.88	0.00	0.00	0.00	1.10	2658.00	23.50	0.01	0.00	0.00	0.00	0.00	0.00	0.00	
48.00	1290.00	703.00	0.00	2607.00	92320.00	1.00	45.15	0.14	3819.00	92320.00	35.41	21.00	44.00	3.59	12.87	1.53	0.00	35.41	0.00	0.00	0.00	1.04	2607.00	23.05	0.01	0.00	0.00	0.00	0.00	0.00	0.00	
49.00	1463.00	373.00	0.00	2522.00	98992.00	1.00	45.36	-0.92	3480.00	98992.00	39.25	22.00	50.00	5.78	33.44	1.78	0.00	39.25	0.00	0.00	0.00	1.03	2522.00	22.30	0.00	0.00	0.00	0.00	0.00	0.00	0.00	
50.00	452.00	862.00	0.00	2507.00	94195.00	1.00	39.65	-0.15	3360.00	94195.00	37.57	19.00	43.00	3.93	15.47	1.58	0.00	37.57	0.00	0.00	0.00	1.06	2507.00	22.17	0.00	0.00	0.00	0.00	0.00	0.00	0.00	
51.00	558.00	735.00	0.00	2381.00	87192.00	1.00	38.61	0.46	3213.00	87192.00	36.62	22.00	44.00	4.21	17.70	1.51	0.00	36.62	0.00	0.00	0.00	1.08	2381.00	21.05	0.00	0.00	0.00	0.00	0.00	0.00	0.00	
52.00	851.00	810.00	0.00	2323.00	81687.00	1.00	37.17	-2.21	3416.00	81687.00	35.16	17.00	43.00	3.92	15.38	1.54	0.00	35.16	0.00	0.00	0.00	1.12	2323.00	20.54	0.00	0.00	0.00	0.00	0.00	0.00	0.00	
53.00	1172.00	256.00	0.00	2260.00	76823.00	1.00	43.74	0.56	3021.00	76823.00	33.99	22.00	43.00	5.01	25.12	1.47	0.00	33.99	0.00	0.00	0.00	0.99	2260.00	19.98	0.00	0.00	0.00	0.00	0.00	0.00	0.00	
54.00	545.00	341.00	0.00	2219.00	83243.00	1.00	42.76	-1.34	2900.00	83243.00	37.51	20.00	44.00	4.05	16.40	1.56	0.00	37.51	0.00	0.00	0.00	1.02	2219.00	19.62	0.00	0.00	0.00	0.00	0.00	0.00	0.00	
55.00	1602.00	738.00	0.00	2208.00	91422.00	1.00	31.94	-0.80	4485.00	91422.00	41.40	22.00	53.00	6.23	38.78	1.70	0.00	41.40	0.00	0.00	0.00	1.35	2208.00	19.52	0.02	0.00	0.00	0.00	0.00	0.00	0.00	
56.00	887.00	333.00	0.00	2192.00	84853.00	1.00	42.10	-1.28	2842.00	84853.00	38.71	19.00	46.00	4.63	21.45	1.77	0.00	38.71	0.00	0.00	0.00	0.98	2192.00	19.38	0.01	0.00	0.00	0.00	0.00	0.00	0.00	
57.00	1172.00	324.00	0.00	2190.00	84080.00	1.00	41.53	-1.45	3050.00	84080.00	38.39	21.00	46.00	5.35	28.59	1.85	0.00	38.39	0.00	0.00	0.00	0.99	2190.00	19.36	0.00	0.00	0.00	0.00	0.00	0.00	0.00	
58.00	834.00	485.00	0.00	2180.00	87236.00	1.00	43.54	0.61	3480.00	87236.00	40.02	22.00	48.00	4.85	23.52	1.48	0.00	40.02	0.00	0.00	0.00	1.01	2180.00	19.28	0.02	0.00	0.00	0.00	0.00	0.00	0.00	
59.00	480.00	349.00	0.00	2175.00	82555.00	1.00	35.31	-2.13	3692.00	82555.00	37.96	14.00	44.00	4.73	22.41	1.64	0.00	37.96	0.00	0.00	0.00	1.22	2175.00	19.23	0.02	0.00	0.00	0.00	0.00	0.00	0.00	
60.00	889.00	63.00	0.00	2137.00	74444.00	1.00	43.37	-0.14	2700.00	74444.00	34.84	22.00	43.00	4.69	21.95	1.43	0.00	34.84	0.00	0.00	0.00	0.98	2137.00	18.90	0.00	0.00	0.00	0.00	0.00	0.00	0.00	
61.00	112.00	385.00	0.00	2133.00	77295.00	1.00	39.32	-2.30	2862.00	77295.00	36.24	22.00	41.00	3.75	14.10	1.53	0.00	36.24	0.00	0.00	0.00	1.03	2133.00	18.86	0.00	0.00	0.00	0.00	0.00	0.00	0.00	
62.00	659.00	295.00	0.00	2117.00	80907.00	1.00	40.42	-1.81	2736.00	80907.00	38.22	21.00	45.00	4.62	21.34	1.82	0.00	38.22	0.00	0.00	0.00	0.99	2117.00	18.72	0.00	0.00	0.00	0.00	0.00	0.00	0.00	
63.00	211.00	1058.00	0.00	2092.00	79327.00	1.00	36.17	-1.64	2870.00	79327.00	37.92	22.00	44.00	3.48	12.09	1.37	0.00	37.92	0.00	0.00	0.00	1.10	2092.00	18.50	0.00	0.00	0.00	0.00	0.00	0.00	0.00	
64.00	936.00	394.00	0.00	2051.00	79130.00	1.00	37.93	-2.08	2726.00	79130.00	38.58	21.00	46.00	4.92	24.23	1.86	0.00	38.58	0.00	0.00	0.00	1.02	2051.00	18.14	0.00	0.00	0.00	0.00	0.00	0.00	0.00	
65.00	438.00	421.00	0.00	1987.00	75252.00	1.00	39.19	-1.13	3286.00	75252.00	37.87	22.00	44.00	3.53	12.43	1.51	0.00	37.87	0.00	0.00	0.00	0.99	1987.00	17.57	0.01	0.00	0.00	0.00	0.00	0.00	0.00	
66.00	781.00	544.00	0.00	1868.00	75155.00	1.00	33.27	-2.17	3286.00	75155.00	40.23	21.00	46.00	4.89	23.91	1.59	0.00	40.23	0.00	0.00	0.00	1.13	1868.00	16.52	0.02	0.00	0.00	0.00	0.00	0.00	0.00	
67.00	833.00	298.00	0.00	1857.00	73025.00	1.00	36.45	-1.64	2494.00	73025.00	39.32	16.00	47.00	4.95	24.52	1.87	0.00	39.32	0.00	0.00	0.00	0.96	1857.00	16.42	0.01	0.00	0.00	0.00	0.00	0.00	0.00	
68.00	373.00	816.00	0.00	1821.00	62745.00	1.00	29.80	-1.28	2680.00	62745.00	34.46	22.00	44.00	4.07	16.53	1.73	0.00	34.46	0.00	0.00	0.00	1.09	1821.00	16.10	0.00	0.00	0.00	0.00	0.00	0.00	0.00	
69.00	471.00	248.00	0.00	1819.00	68936.00	1.00	35.48	-1.98	2408.00	68936.00	37.90	21.00	46.00	4.55	20.69	1.87	0.00	37.90	0.00	0.00	0.00	0.98	1819.00	16.08	0.00	0.00	0.00	0.00	0.00	0.00	0.00	
70.00	114.00	654.00	0.00	1766.00	65374.00	1.00	40.26	-0.85	2916.00	65374.00	37.02	22.00	41.00	3.16	9.97	1.31	0.00	37.02	0.00	0.00	0.00	0.95	1766.00	15.62	0.02	0.00	0.00	0.00	0.00	0.00	0.00	
71.00	838.00	749.00	0.00	1746.00	69460.00	1.00	30.22	0.76	3410.00	69460.00	39.78	22.00	47.00	4.69	22.02	1.56	0.00	39.78	0.00	0.00	0.00	1.19	1746.00	15.44	0.02	0.00	0.00	0.00	0.00	0.00	0.00	
72.00	436.00	182.00	0.00	1725.00	63610.00	1.00	35.09	-2.15	2300.00	63610.00	36.88	22.00	43.00	4.08	16.63	1.65	0.00	36.88	0.00	0.00	0.00	0.97	1725.00	15.25	0.00	0.00	0.00	0.00	0.00	0.00	0.00	
73.00	535.00	575.00	0.00	1705.00	61223.00	1.00	38.65	-0.53	2750.00	61223.00	35.91	22.00	42.00	3.86	14.88	1.43	0.00	35.91	0.00	0.00	0.00	0.94	1705.00	15.08	0.02	0.00	0.00	0.00	0.00	0.00	0.00	
74.00	128.00	322.00	0.00	1682.00	60769.00	1.00	31.93	-2.14	2332.00	60769.00	36.13	22.00	44.00	4.25	18.08	1.77	0.00	36.13	0.00	0.00	0.00	1.02	1682.00	14.87	0.00	0.00	0.00	0.00	0.00	0.00	0.00	
75.00	1438.00	424.00	0.00	1674.00	69918.00	1.00	29.61	-0.96	2576.00	69918.00	41.77	19.00	50.00	6.05	36.54	2.29	0.00	41.77	0.00	0.00	0.00	1.10	1674.00	14.80	0.00	0.00	0.00	0.00	0.00	0.00	0.00	
76.00	1116.00	251.00	0.00	1673.00	65579.00	1.00	36.16	-2.32	2600.00	65579.00	39.20	21.00	45.00	4.97	24.73	1.62	0.00	39.20	0.00	0.00	0.00	0.96	1673.00	14.79	0.02	0.00	0.00	0.00	0.00	0.00	0.00	
77.00	136.00	259.00	0.00	1673.00	61639.00	1.00	31.49	-2.03	2296.00	61639.00	36.84	21.00	44.00	4.66	21.68	1.83	0.00	36.84	0.00	0.00	0.00	1.02	1673.00	14.79	0.00	0.00	0.00	0.00	0.00	0.00	0.00	
78.00	1138.00	166.00	0.00	1634.00	62335.00	1.00	33.60	-1.14	2150.00	62335.00	38.15	22.00	46.00	4.77	22.71	2.02	0.00	38.15	0.00	0.00	0.00	0.95	1634.00	14.45	0.00	0.00	0.00	0.00	0.00	0.00	0.00	
79.00	995.00	364.00	0.00	1628.00	66290.00	1.00	30.80	-0.76	2450.00	66290.00	40.72	22.00	48.00	4.96	24.62	1.94	0.00	40.72	0.00	0.00	0.00	1.05	1628.00	14.40	0.01	0.00	0.00	0.00	0.00	0.00	0.00	
80.00	1231.00	107.00	0.00	1622.00	62631.00	1.00	33.59	-1.41	2080.00	62631.00	38.61	22.00	47.00	5.01	25.06	1.94	0.00	38.61	0.00	0.00	0.00	0.93	1622.00	14.34	0.00	0.00	0.00	0.00	0.00	0.00	0.00	
81.00	557.00	1062.00	0.00	1607.00	59593.00	1.00	29.21	-1.61	2208.00	59593.00	37.08	22.00	46.00	4.16	17.27	1.53	0.00	37.08	0.00	0.00	0.00	1.09	1607.00	14.21	0.00	0.00	0.00	0.00	0.00	0.00	0.00	
82.00	251.00	306.00	0.00	1594.00	53358.00	1.00	41.93	-0.57	3422.00	53358.00	33.47	16.00	44.00	6.08	36.98	2.71	0.00	33.47	0.00	0.00	0.00	1.15	1594.00	14.09	0.01	0.00	0.00	0.00	0.00	0.00	0.00	
83.00	929.00	147.00	0.00	1569.00	57507.00	1.00	32.66	-2.09	2142.00	57507.00	36.65	22.00	44.00	4.34	18.80	1.80	0.00	36.65	0.00	0.00	0.00	0.96	1569.00	13.87	0.00	0.00	0.00	0.00	0.00	0.00	0.00	
84.00	1582.00	753.00	0.00	1435.00	51523.00	1.00	22.88	-0.79	3080.00	51523.00	35.90	22.00	48.00	5.22	27.20	1.41	0.00	35.90	0.00	0.00	0.00	1.32	1435.00	12.69	0.03	0.00	0.00	0.00	0.00	0.00	0.00	
85.00	499.00	173.00	0.00	1406.00	53086.00	1.00	32.74	-1.94	1938.00	53086.00	37.76	22.00	45.00	4.54	20.57	1.82	0.00	37.76	0.00	0.00	0.00	0.92	1406.00	12.43	0.01	0.00	0.00	0.00	0.00	0.00	0.00	
86.00	1306.00	188.00	0.00	1389.00	55500.00	1.00	30.36	-0.92	2236.00	55500.00	39.96	20.00	47.00	4.60	21.15	1.99	0.00	39.96	0.00	0.00	0.00	0.99	1389.00	12.28	0.02	0.00	0.00	0.00	0.00	0.00	0.00	
87.00	666.00	136.00	0.00	1380.00	45106.00	1.00	29.51	-0.40	2142.00	45106.00	32.69	20.00	41.00	4.79	22.93	1.33	0.00	32.69	0.00	0.00	0.00	0.99	1380.00	12.20	0.02	0.00	0.00	0.00	0.00	0.00	0.00	
88.00	323.00	360.00	0.00	1362.00	49147.00	1.00	27.12	0.58	2040.00	49147.00	36.08	21.00	41.00	4.54	20.58	2.01	0.00	36.08	0.00	0.00	0.00	1.02	1362.00	12.04	0.00	0.00	0.00	0.00	0.00	0.00	0.00	
89.00	1352.00	276.00	0.00	1311.00	53092.00	1.00	24.92	-0.80	2400.00	53092.00	40.50	22.00	48.00	5.21	27.10	1.95	0.00	40.50	0.00	0.00	0.00	1.15	1311.00	11.59	0.02	0.00	0.00	0.00	0.00	0.00	0.00	
90.00	195.00	333.00	0.00	1298.00	47437.00	1.00	24.92	-2.29	2112.00	47437.00	36.55	22.00	43.00	4.41	19.48	2.13	0.00	36.55	0.00	0.00	0.00	1.09	1298.00	11.48	0.00	0.00	0.00	0.00	0.00	0.00	0.00	
91.00	664.00	618.00	0.00	1251.00	58637.00	1.00	31.21	-2.03	1677.00	58637.00	46.87	16.00	255.00	29.66	879.80	8.11	0.00	46.87	0.00	0.00	0.00	1.01	1251.00	11.06	0.01	0.00	0.00	0.00	0.00	0.00	0.00	
92.00	643.00	221.00	0.00	1242.00	47473.00	1.00	28.39	0.73	1806.00	47473.00	38.22	22.00	46.00	4.46	19.91	1.73	0.00	38.22	0.00	0.00	0.00	0.97	1242.00	10.98	0.02	0.00	0.00	0.00	0.00	0.00	0.00	
93.00	415.00	244.00	0.00	1202.00	43006.00	1.00	30.21	0.42	1748.00	43006.00	35.78	22.00	43.00	4.13	17.06	1.80	0.00	35.78	0.00	0.00	0.00	0.88	1202.00	10.63	0.01	0.00	0.00	0.00	0.00	0.00	0.00	
94.00	605.00	526.00	0.00	1179.00	44197.00	1.00	24.01	-1.84	1696.00	44197.00	37.49	22.00	44.00	4.28	18.33	1.93	0.00	37.49	0.00	0.00	0.00	1.03	1179.00	10.42	0.02	0.00	0.00	0.00	0.00	0.00	0.00	
95.00	1269.00	180.00	0.00	1168.00	40355.00	1.00	14.90	-0.71	4964.00	40355.00	34.55	13.00	43.00	4.73	22.38	2.16	0.00	34.55	0.00	0.00	0.00	1.67	1168.00	10.33	0.04	0.00	0.00	0.00	0.00	0.00	0.00	
96.00	590.00	235.00	0.00	1110.00	41356.00	1.00	22.02	-1.72	1539.00	41356.00	37.26	22.00	43.00	4.07	16.53	1.62	0.00	37.26	0.00	0.00	0.00	1.02	1110.00	9.81	0.03	0.00	0.00	0.00	0.00	0.00	0.00	
97.00	1080.00	722.00	0.00	1055.00	41968.00	1.00	20.73	-0.89	2142.00	41968.00	39.78	22.00	47.00	5.51	30.37	2.08	0.00	39.78	0.00	0.00	0.00	1.19	1055.00	9.33	0.03	0.00	0.00	0.00	0.00	0.00	0.00	
98.00	587.00	216.00	0.00	1030.00	40169.00	1.00	20.76	-1.71	1425.00	40169.00	39.00	22.00	45.00	4.08	16.66	1.86	0.00	39.00	0.00	0.00	0.00	1.02	1030.00	9.11	0.03	0.00	0.00	0.00	0.00	0.00	0.00	
99.00	92.00	674.00	0.00	1002.00	35412.00	1.00	25.99	-0.73	1517.00	35412.00	35.34	22.00	39.00	3.28	10.77	1.46	0.00	35.34	0.00	0.00	0.00	0.90	1002.00	8.86	0.03	0.00	0.00	0.00	0.00	0.00	0.00	
100.00	1241.00	819.00	0.00	1000.00	42414.00	1.00	18.68	-2.24	2236.00	42414.00	42.41	22.00	52.00	6.94	48.10	3.44	0.00	42.41	0.00	0.00	0.00	1.24	1000.00	8.84	0.00	0.00	0.00	0.00	0.00	0.00	0.00	
101.00	406.00	368.00	0.00	982.00	34199.00	1.00	19.22	-2.06	1802.00	34199.00	34.83	22.00	41.00	4.23	17.93	2.30	0.00	34.83	0.00	0.00	0.00	1.14	982.00	8.68	0.00	0.00	0.00	0.00	0.00	0.00	0.00	
102.00	203.00	573.00	0.00	948.00	33096.00	1.00	17.38	-2.25	2236.00	33096.00	34.91	22.00	41.00	4.32	18.66	2.51	0.00	34.91	0.00	0.00	0.00	1.28	948.00	8.38	0.00	0.00	0.00	0.00	0.00	0.00	0.00	
103.00	765.00	525.00	0.00	942.00	35751.00	1.00	19.12	-2.23	1862.00	35751.00	37.95	22.00	45.00	4.43	19.64	1.90	0.00	37.95	0.00	0.00	0.00	1.16	942.00	8.33	0.04	0.00	0.00	0.00	0.00	0.00	0.00	
104.00	1342.00	679.00	0.00	908.00	34226.00	1.00	16.96	-1.03	2320.00	34226.00	37.69	21.00	50.00	6.45	41.66	3.45	0.00	37.69	0.00	0.00	0.00	1.29	908.00	8.03	0.00	0.00	0.00	0.00	0.00	0.00	0.00	
105.00	1214.00	357.00	0.00	907.00	24459.00	1.00	21.50	0.56	1748.00	24459.00	26.97	21.00	34.00	2.56	6.56	1.59	0.00	26.97	0.00	0.00	0.00	1.08	907.00	8.02	0.00	0.00	0.00	0.00	0.00	0.00	0.00	
106.00	778.00	220.00	0.00	884.00	33522.00	1.00	21.75	0.03	1350.00	33522.00	37.92	22.00	46.00	5.02	25.25	2.12	0.00	37.92	0.00	0.00	0.00	0.89	884.00	7.82	0.03	0.00	0.00	0.00	0.00	0.00	0.00	
107.00	635.00	463.00	0.00	861.00	28458.00	1.00	22.22	0.03	1377.00	28458.00	33.05	20.00	40.00	3.54	12.51	1.94	0.00	33.05	0.00	0.00	0.00	0.85	861.00	7.61	0.02	0.00	0.00	0.00	0.00	0.00	0.00	
108.00	1114.00	8.00	0.00	841.00	31584.00	1.00	18.26	-1.49	1040.00	31584.00	37.56	22.00	45.00	4.55	20.71	1.81	0.00	37.56	0.00	0.00	0.00	0.95	841.00	7.44	0.00	0.00	0.00	0.00	0.00	0.00	0.00	
109.00	1052.00	86.00	0.00	813.00	31781.00	1.00	23.82	-0.60	1155.00	31781.00	39.09	22.00	44.00	4.51	20.38	2.08	0.00	39.09	0.00	0.00	0.00	0.87	813.00	7.19	0.02	0.00	0.00	0.00	0.00	0.00	0.00	
110.00	435.00	118.00	0.00	737.00	26537.00	1.00	17.59	0.61	1344.00	26537.00	36.01	22.00	43.00	5.15	26.52	2.64	0.00	36.01	0.00	0.00	0.00	1.03	737.00	6.52	0.00	0.00	0.00	0.00	0.00	0.00	0.00	
111.00	1007.00	523.00	0.00	734.00	27591.00	1.00	21.24	-1.90	1204.00	27591.00	37.59	22.00	43.00	4.06	16.50	2.26	0.00	37.59	0.00	0.00	0.00	0.87	734.00	6.49	0.03	0.00	0.00	0.00	0.00	0.00	0.00	
112.00	541.00	262.00	0.00	705.00	24683.00	1.00	15.72	-1.87	1224.00	24683.00	35.01	22.00	42.00	4.62	21.31	2.75	0.00	35.01	0.00	0.00	0.00	1.02	705.00	6.23	0.00	0.00	0.00	0.00	0.00	0.00	0.00	
113.00	1407.00	329.00	0.00	703.00	27535.00	1.00	16.71	-0.76	1480.00	27535.00	39.17	22.00	50.00	6.08	36.97	3.22	0.00	39.17	0.00	0.00	0.00	1.06	703.00	6.22	0.01	0.00	0.00	0.00	0.00	0.00	0.00	
114.00	1640.00	459.00	0.00	659.00	25799.00	1.00	15.19	-0.92	1320.00	25799.00	39.15	22.00	51.00	6.44	41.42	3.20	0.00	39.15	0.00	0.00	0.00	1.10	659.00	5.83	0.01	0.00	0.00	0.00	0.00	0.00	0.00	
115.00	731.00	157.00	0.00	621.00	21982.00	1.00	20.37	0.63	990.00	21982.00	35.40	22.00	43.00	4.58	20.96	2.31	0.00	35.40	0.00	0.00	0.00	0.84	621.00	5.49	0.02	0.00	0.00	0.00	0.00	0.00	0.00	
116.00	417.00	438.00	0.00	611.00	20612.00	1.00	16.56	-0.91	1080.00	20612.00	33.73	18.00	39.00	3.19	10.20	1.62	0.00	33.73	0.00	0.00	0.00	0.97	611.00	5.40	0.05	0.00	0.00	0.00	0.00	0.00	0.00	
117.00	1154.00	27.00	0.00	598.00	22229.00	1.00	15.00	-1.36	966.00	22229.00	37.17	22.00	47.00	5.73	32.89	3.42	0.00	37.17	0.00	0.00	0.00	0.94	598.00	5.29	0.00	0.00	0.00	0.00	0.00	0.00	0.00	
118.00	626.00	96.00	0.00	597.00	22790.00	1.00	13.59	-1.61	954.00	22790.00	38.17	22.00	45.00	4.72	22.26	3.08	0.00	38.17	0.00	0.00	0.00	0.99	597.00	5.28	0.02	0.00	0.00	0.00	0.00	0.00	0.00	
119.00	500.00	109.00	0.00	595.00	22123.00	1.00	16.51	-2.07	1080.00	22123.00	37.18	21.00	44.00	5.09	25.93	2.91	0.00	37.18	0.00	0.00	0.00	0.91	595.00	5.26	0.01	0.00	0.00	0.00	0.00	0.00	0.00	
120.00	740.00	374.00	0.00	588.00	21353.00	1.00	20.66	-0.08	828.00	21353.00	36.31	22.00	43.00	5.01	25.06	2.06	0.00	36.31	0.00	0.00	0.00	0.77	588.00	5.20	0.03	0.00	0.00	0.00	0.00	0.00	0.00	
121.00	550.00	553.00	0.00	585.00	21948.00	1.00	17.20	-0.86	1054.00	21948.00	37.52	22.00	42.00	4.41	19.41	1.99	0.00	37.52	0.00	0.00	0.00	0.92	585.00	5.17	0.04	0.00	0.00	0.00	0.00	0.00	0.00	
122.00	1031.00	87.00	0.00	582.00	20553.00	1.00	19.33	-0.45	945.00	20553.00	35.31	18.00	42.00	4.62	21.31	2.07	0.00	35.31	0.00	0.00	0.00	0.82	582.00	5.15	0.03	0.00	0.00	0.00	0.00	0.00	0.00	
123.00	332.00	420.00	0.00	545.00	17512.00	1.00	15.69	0.07	840.00	17512.00	32.13	21.00	38.00	4.13	17.09	2.43	0.00	32.13	0.00	0.00	0.00	0.83	545.00	4.82	0.01	0.00	0.00	0.00	0.00	0.00	0.00	
124.00	1095.00	237.00	0.00	543.00	19748.00	1.00	15.45	0.73	986.00	19748.00	36.37	22.00	44.00	3.89	15.14	1.91	0.00	36.37	0.00	0.00	0.00	0.96	543.00	4.80	0.05	0.00	0.00	0.00	0.00	0.00	0.00	
125.00	244.00	863.00	0.00	539.00	21000.00	1.00	16.40	0.56	972.00	21000.00	38.96	22.00	47.00	6.46	41.73	3.83	0.00	38.96	0.00	0.00	0.00	0.92	539.00	4.77	0.00	0.00	0.00	0.00	0.00	0.00	0.00	
126.00	763.00	232.00	0.00	525.00	17050.00	1.00	14.52	-0.13	774.00	17050.00	32.48	18.00	39.00	4.46	19.92	1.76	0.00	32.48	0.00	0.00	0.00	0.85	525.00	4.64	0.04	0.00	0.00	0.00	0.00	0.00	0.00	
127.00	1065.00	730.00	0.00	510.00	20297.00	1.00	14.92	-0.92	837.00	20297.00	39.80	22.00	47.00	4.72	22.27	1.90	0.00	39.80	0.00	0.00	0.00	0.92	510.00	4.51	0.07	0.00	0.00	0.00	0.00	0.00	0.00	
128.00	1364.00	263.00	0.00	466.00	20067.00	1.00	12.57	-0.82	961.00	20067.00	43.06	22.00	49.00	5.77	33.29	2.68	0.00	43.06	0.00	0.00	0.00	1.02	466.00	4.12	0.06	0.00	0.00	0.00	0.00	0.00	0.00	
129.00	984.00	522.00	0.00	461.00	15343.00	1.00	14.51	-2.31	837.00	15343.00	33.28	18.00	43.00	4.05	16.39	2.24	0.00	33.28	0.00	0.00	0.00	0.91	461.00	4.08	0.04	0.00	0.00	0.00	0.00	0.00	0.00	
130.00	665.00	222.00	0.00	449.00	17621.00	1.00	13.94	0.45	851.00	17621.00	39.24	22.00	44.00	5.14	26.44	2.61	0.00	39.24	0.00	0.00	0.00	0.91	449.00	3.97	0.05	0.00	0.00	0.00	0.00	0.00	0.00	
131.00	864.00	392.00	0.00	422.00	15763.00	1.00	13.34	0.57	704.00	15763.00	37.35	22.00	43.00	4.41	19.47	2.33	0.00	37.35	0.00	0.00	0.00	0.87	422.00	3.73	0.05	0.00	0.00	0.00	0.00	0.00	0.00	
132.00	1261.00	154.00	0.00	415.00	16400.00	1.00	11.85	-0.74	810.00	16400.00	39.52	22.00	45.00	4.78	22.81	2.53	0.00	39.52	0.00	0.00	0.00	0.98	415.00	3.67	0.06	0.00	0.00	0.00	0.00	0.00	0.00	
133.00	1405.00	882.00	0.00	367.00	10124.00	1.00	17.43	-1.02	840.00	10124.00	27.59	18.00	45.00	4.10	16.81	3.24	0.00	27.59	0.00	0.00	0.00	0.90	367.00	3.25	0.00	0.00	0.00	0.00	0.00	0.00	0.00	
134.00	1209.00	767.00	0.00	357.00	10288.00	1.00	15.78	-0.47	924.00	10288.00	28.82	18.00	41.00	4.30	18.48	3.41	0.00	28.82	0.00	0.00	0.00	0.93	357.00	3.16	0.00	0.00	0.00	0.00	0.00	0.00	0.00	
135.00	460.00	336.00	0.00	306.00	11543.00	0.99	9.75	-2.35	650.00	11543.00	37.72	22.00	44.00	4.55	20.66	2.65	0.00	37.72	0.00	0.00	0.00	0.95	306.00	2.71	0.07	0.00	0.00	0.00	0.00	0.00	0.00	
136.00	750.00	148.00	0.00	304.00	11331.00	1.00	15.87	0.53	399.00	11331.00	37.27	19.00	42.00	4.18	17.51	2.53	0.00	37.27	0.00	0.00	0.00	0.65	304.00	2.69	0.04	0.00	0.00	0.00	0.00	0.00	0.00	
137.00	682.00	128.00	0.00	297.00	10593.00	0.99	9.02	-0.44	703.00	10593.00	35.67	22.00	43.00	4.73	22.33	2.80	0.00	35.67	0.00	0.00	0.00	1.00	297.00	2.63	0.08	0.00	0.00	0.00	0.00	0.00	0.00	
138.00	630.00	604.00	0.00	282.00	8439.00	1.00	20.62	-1.15	648.00	8439.00	29.93	18.00	59.00	6.36	40.42	5.42	0.00	29.93	0.00	0.00	0.00	0.60	282.00	2.49	0.01	0.00	0.00	0.00	0.00	0.00	0.00	
139.00	694.00	1072.00	0.00	254.00	8576.00	0.99	7.42	-1.54	360.00	8576.00	33.76	22.00	42.00	4.49	20.13	3.09	0.00	33.76	0.00	0.00	0.00	0.89	254.00	2.25	0.00	0.00	0.00	0.00	0.00	0.00	0.00	
140.00	725.00	723.00	0.00	222.00	6997.00	0.99	7.33	-0.80	576.00	6997.00	31.52	22.00	39.00	4.44	19.67	2.30	0.00	31.52	0.00	0.00	0.00	0.96	222.00	1.96	0.09	0.00	0.00	0.00	0.00	0.00	0.00	
141.00	1652.00	481.00	0.00	219.00	9034.00	1.00	12.97	-0.86	306.00	9034.00	41.25	22.00	50.00	8.59	73.79	4.79	0.00	41.25	0.00	0.00	0.00	0.64	219.00	1.94	0.04	0.00	0.00	0.00	0.00	0.00	0.00	
142.00	646.00	442.00	0.00	205.00	6996.00	1.00	10.28	-0.04	264.00	6996.00	34.13	22.00	38.00	4.01	16.10	2.68	0.00	34.13	0.00	0.00	0.00	0.65	205.00	1.81	0.06	0.00	0.00	0.00	0.00	0.00	0.00	
143.00	272.00	1072.00	0.00	185.00	6232.00	0.99	5.93	-1.58	198.00	6232.00	33.69	19.00	42.00	5.57	31.01	3.89	0.00	33.69	0.00	0.00	0.00	0.82	185.00	1.64	0.00	0.00	0.00	0.00	0.00	0.00	0.00	
144.00	640.00	630.00	0.00	180.00	4807.00	1.00	11.47	0.32	294.00	4807.00	26.71	22.00	32.00	2.17	4.72	1.84	0.00	26.71	0.00	0.00	0.00	0.63	180.00	1.59	0.05	0.00	0.00	0.00	0.00	0.00	0.00	
145.00	858.00	474.00	0.00	179.00	7290.00	0.99	7.11	-0.36	338.00	7290.00	40.73	22.00	48.00	5.94	35.24	4.06	0.00	40.73	0.00	0.00	0.00	0.80	179.00	1.58	0.08	0.00	0.00	0.00	0.00	0.00	0.00	
146.00	404.00	265.00	0.00	175.00	5453.00	0.99	9.47	-0.92	285.00	5453.00	31.16	22.00	37.00	3.26	10.62	2.25	0.00	31.16	0.00	0.00	0.00	0.69	175.00	1.55	0.08	0.00	0.00	0.00	0.00	0.00	0.00	
147.00	340.00	398.00	0.00	163.00	5621.00	0.99	9.85	-2.13	238.00	5621.00	34.48	22.00	40.00	4.95	24.47	3.59	0.00	34.48	0.00	0.00	0.00	0.60	163.00	1.44	0.04	0.00	0.00	0.00	0.00	0.00	0.00	
148.00	522.00	165.00	0.00	147.00	5210.00	0.99	8.87	-0.31	220.00	5210.00	35.44	22.00	41.00	4.77	22.73	3.19	0.00	35.44	0.00	0.00	0.00	0.60	147.00	1.30	0.08	0.00	0.00	0.00	0.00	0.00	0.00	
149.00	1266.00	717.00	0.00	138.00	4079.00	0.99	5.90	-0.28	240.00	4079.00	29.56	22.00	34.00	3.27	10.69	2.07	0.00	29.56	0.00	0.00	0.00	0.75	138.00	1.22	0.10	0.00	0.00	0.00	0.00	0.00	0.00	
150.00	913.00	736.00	0.00	132.00	4693.00	0.98	4.60	-0.86	504.00	4693.00	35.55	22.00	42.00	4.97	24.71	4.47	0.00	35.55	0.00	0.00	0.00	1.00	132.00	1.17	0.13	0.00	0.00	0.00	0.00	0.00	0.00	
151.00	1395.00	636.00	0.00	127.00	3221.00	0.99	9.09	-1.07	180.00	3221.00	25.36	19.00	34.00	2.01	4.06	2.31	0.00	25.36	0.00	0.00	0.00	0.54	127.00	1.12	0.00	0.00	0.00	0.00	0.00	0.00	0.00	
152.00	984.00	376.00	0.00	125.00	4691.00	0.99	6.72	-0.80	256.00	4691.00	37.53	22.00	43.00	4.75	22.54	3.54	0.00	37.53	0.00	0.00	0.00	0.72	125.00	1.11	0.10	0.00	0.00	0.00	0.00	0.00	0.00	
153.00	867.00	348.00	0.00	118.00	3682.00	0.98	4.89	-0.80	361.00	3682.00	31.20	23.00	39.00	3.49	12.16	3.01	0.00	31.20	0.00	0.00	0.00	0.89	118.00	1.04	0.12	0.00	0.00	0.00	0.00	0.00	0.00	
154.00	485.00	124.00	0.00	114.00	3769.00	1.00	10.17	0.55	156.00	3769.00	33.06	23.00	38.00	3.81	14.52	3.01	0.00	33.06	0.00	0.00	0.00	0.51	114.00	1.01	0.06	0.00	0.00	0.00	0.00	0.00	0.00	
155.00	635.00	88.00	0.00	113.00	4371.00	0.98	5.06	-1.42	175.00	4371.00	38.68	22.00	45.00	6.73	45.34	4.90	0.00	38.68	0.00	0.00	0.00	0.72	113.00	1.00	0.10	0.00	0.00	0.00	0.00	0.00	0.00	
156.00	887.00	652.00	0.00	105.00	2710.00	0.98	5.25	-1.56	150.00	2710.00	25.81	21.00	31.00	2.54	6.44	3.40	0.00	25.81	0.00	0.00	0.00	0.73	105.00	0.93	0.00	0.00	0.00	0.00	0.00	0.00	0.00	
157.00	1235.00	772.00	0.00	103.00	4018.00	0.99	6.47	0.04	119.00	4018.00	39.01	22.00	53.00	8.27	68.42	7.62	0.00	39.01	0.00	0.00	0.00	0.55	103.00	0.91	0.00	0.00	0.00	0.00	0.00	0.00	0.00	
158.00	595.00	541.00	0.00	98.00	3495.00	0.98	4.86	-1.67	132.00	3495.00	35.66	23.00	42.00	4.49	20.16	3.95	0.00	35.66	0.00	0.00	0.00	0.67	98.00	0.87	0.12	0.00	0.00	0.00	0.00	0.00	0.00	
159.00	884.00	704.00	0.00	97.00	2982.00	0.99	9.10	0.02	110.00	2982.00	30.74	21.00	45.00	6.84	46.80	4.55	0.00	30.74	0.00	0.00	0.00	0.48	97.00	0.86	0.00	0.00	0.00	0.00	0.00	0.00	0.00	
160.00	281.00	328.00	0.00	96.00	2490.00	0.99	6.27	0.58	204.00	2490.00	25.94	21.00	30.00	2.02	4.08	1.89	0.00	25.94	0.00	0.00	0.00	0.65	96.00	0.85	0.10	0.00	0.00	0.00	0.00	0.00	0.00	
161.00	656.00	474.00	0.00	96.00	2970.00	0.99	6.98	-2.09	150.00	2970.00	30.94	20.00	40.00	5.35	28.59	4.85	0.00	30.94	0.00	0.00	0.00	0.55	96.00	0.85	0.02	0.00	0.00	0.00	0.00	0.00	0.00	
162.00	632.00	522.00	0.00	96.00	3149.00	0.99	7.44	-0.01	120.00	3149.00	32.80	22.00	38.00	4.34	18.81	3.42	0.00	32.80	0.00	0.00	0.00	0.52	96.00	0.85	0.07	0.00	0.00	0.00	0.00	0.00	0.00	
163.00	777.00	109.00	0.00	89.00	3174.00	0.97	4.31	-2.32	272.00	3174.00	35.66	22.00	46.00	6.25	39.11	5.12	0.00	35.66	0.00	0.00	0.00	0.83	89.00	0.79	0.14	0.00	0.00	0.00	0.00	0.00	0.00	
164.00	1386.00	315.00	0.00	89.00	3074.00	0.99	8.43	-1.36	120.00	3074.00	34.54	22.00	40.00	4.96	24.57	4.01	0.00	34.54	0.00	0.00	0.00	0.46	89.00	0.79	0.07	0.00	0.00	0.00	0.00	0.00	0.00	
165.00	470.00	481.00	0.00	87.00	2902.00	0.98	5.48	-0.73	169.00	2902.00	33.36	23.00	38.00	3.32	11.00	3.25	0.00	33.36	0.00	0.00	0.00	0.66	87.00	0.77	0.11	0.00	0.00	0.00	0.00	0.00	0.00	
166.00	709.00	307.00	0.00	71.00	2335.00	0.98	5.32	-0.89	132.00	2335.00	32.89	22.00	38.00	4.36	18.99	3.83	0.00	32.89	0.00	0.00	0.00	0.59	71.00	0.63	0.12	0.00	0.00	0.00	0.00	0.00	0.00	
167.00	1224.00	759.00	0.00	70.00	2606.00	0.99	5.85	-1.09	108.00	2606.00	37.23	23.00	50.00	7.25	52.61	8.79	0.00	37.23	0.00	0.00	0.00	0.52	70.00	0.62	0.00	0.00	0.00	0.00	0.00	0.00	0.00	
