ID	centroid_x	centroid_y	centroid_z	volume	integrated_intensity	eccentricity	elongation	orientation	bounding_box_volume	sum	mean	minimum	maximum	sigma	variance	surface_gradient	interior_gradient	surface_intensity	interior_intensity	intensity_ratio	convexity	radius_variation	surface_area	shape	shared_boundary	t_energy	t_entropy	inverse_diff_moment	inertia	cluster_shade	cluster_prominence	
1.00	811.00	1037.00	1014.00	4959.00	207510.00	0.49	1.15	2.01	5920.00	207510.00	41.85	19.00	53.00	5.35	28.64	1.10	0.00	41.85	0.00	0.00	0.00	0.20	4959.00	43.85	0.00	0.00	0.00	0.00	0.00	0.00	0.00	
2.00	733.00	655.00	812.00	4689.00	192883.00	0.81	1.71	2.44	7480.00	192883.00	41.14	16.00	53.00	5.33	28.41	1.38	0.00	41.14	0.00	0.00	0.00	0.27	4689.00	41.46	0.01	0.00	0.00	0.00	0.00	0.00	0.00	
3.00	993.00	987.00	734.00	4620.00	176179.00	0.37	1.08	1.50	6391.00	176179.00	38.13	22.00	48.00	5.47	29.94	1.32	0.00	38.13	0.00	0.00	0.00	0.22	4620.00	40.85	0.00	0.00	0.00	0.00	0.00	0.00	0.00	
4.00	1676.00	943.00	995.00	4587.00	186597.00	0.56	1.20	0.85	6004.00	186597.00	40.68	22.00	57.00	7.31	53.48	1.59	0.00	40.68	0.00	0.00	0.00	0.19	4587.00	40.56	0.00	0.00	0.00	0.00	0.00	0.00	0.00	
5.00	486.00	1007.00	1678.00	4537.00	177934.00	0.46	1.13	1.99	6300.00	177934.00	39.22	22.00	46.00	4.30	18.50	1.36	0.00	39.22	0.00	0.00	0.00	0.15	4537.00	40.12	0.00	0.00	0.00	0.00	0.00	0.00	0.00	
6.00	1563.00	841.00	487.00	4502.00	176460.00	0.64	1.30	-2.54	6004.00	176460.00	39.20	19.00	54.00	6.36	40.50	1.52	0.00	39.20	0.00	0.00	0.00	0.28	4502.00	39.81	0.00	0.00	0.00	0.00	0.00	0.00	0.00	
7.00	171.00	993.00	1566.00	4471.00	409495.00	0.76	1.53	2.08	6970.00	409495.00	91.59	17.00	254.00	31.01	961.70	5.58	0.00	91.59	0.00	0.00	0.00	0.19	4471.00	39.53	0.01	0.00	0.00	0.00	0.00	0.00	0.00	
8.00	836.00	959.00	174.00	4453.00	181236.00	0.54	1.19	1.83	5832.00	181236.00	40.70	18.00	51.00	4.29	18.37	1.30	0.00	40.70	0.00	0.00	0.00	0.43	4453.00	39.37	0.01	0.00	0.00	0.00	0.00	0.00	0.00	
9.00	712.00	890.00	837.00	4410.00	177402.00	0.40	1.09	1.97	5846.00	177402.00	40.23	22.00	49.00	4.74	22.47	1.43	0.00	40.23	0.00	0.00	0.00	0.20	4410.00	38.99	0.00	0.00	0.00	0.00	0.00	0.00	0.00	
10.00	1470.00	853.00	713.00	4283.00	177197.00	0.56	1.21	0.84	5850.00	177197.00	41.37	21.00	54.00	6.61	43.74	1.56	0.00	41.37	0.00	0.00	0.00	0.22	4283.00	37.87	0.00	0.00	0.00	0.00	0.00	0.00	0.00	
11.00	1703.00	715.00	1472.00	4188.00	162171.00	0.55	1.20	-2.66	5688.00	162171.00	38.72	22.00	54.00	6.49	42.09	1.52	0.00	38.72	0.00	0.00	0.00	0.15	4188.00	37.03	0.00	0.00	0.00	0.00	0.00	0.00	0.00	
12.00	774.00	945.00	1705.00	4134.00	147403.00	0.50	1.15	2.04	5382.00	147403.00	35.66	16.00	44.00	3.44	11.86	1.18	0.00	35.66	0.00	0.00	0.00	0.14	4134.00	36.55	0.01	0.00	0.00	0.00	0.00	0.00	0.00	
13.00	918.00	466.00	775.00	4110.00	157623.00	0.64	1.30	2.89	6192.00	157623.00	38.35	17.00	47.00	5.99	35.87	1.40	0.00	38.35	0.00	0.00	0.00	0.22	4110.00	36.34	0.01	0.00	0.00	0.00	0.00	0.00	0.00	
14.00	342.00	965.00	920.00	4107.00	158492.00	0.64	1.31	2.12	5822.00	158492.00	38.59	22.00	48.00	3.99	15.90	1.51	0.00	38.59	0.00	0.00	0.00	0.20	4107.00	36.31	0.00	0.00	0.00	0.00	0.00	0.00	0.00	
15.00	1018.00	831.00	342.00	4051.00	157179.00	0.15	1.01	-2.94	5625.00	157179.00	38.80	21.00	49.00	5.24	27.43	1.47	0.00	38.80	0.00	0.00	0.00	0.29	4051.00	35.82	0.00	0.00	0.00	0.00	0.00	0.00	0.00	
16.00	1381.00	770.00	1019.00	4020.00	166125.00	0.51	1.17	-2.48	5548.00	166125.00	41.32	19.00	56.00	6.26	39.14	1.61	0.00	41.32	0.00	0.00	0.00	0.18	4020.00	35.55	0.00	0.00	0.00	0.00	0.00	0.00	0.00	
17.00	1689.00	817.00	1383.00	3824.00	153816.00	0.73	1.47	-2.42	5475.00	153816.00	40.22	19.00	54.00	6.99	48.92	1.72	0.00	40.22	0.00	0.00	0.00	0.17	3824.00	33.81	0.00	0.00	0.00	0.00	0.00	0.00	0.00	
18.00	1477.00	773.00	1691.00	3797.00	157833.00	0.57	1.22	0.87	5037.00	157833.00	41.57	22.00	53.00	6.47	41.93	1.65	0.00	41.57	0.00	0.00	0.00	0.14	3797.00	33.57	0.00	0.00	0.00	0.00	0.00	0.00	0.00	
19.00	917.00	823.00	1479.00	3737.00	150882.00	0.36	1.07	0.90	5472.00	150882.00	40.38	16.00	50.00	4.54	20.65	1.39	0.00	40.38	0.00	0.00	0.00	0.14	3737.00	33.04	0.01	0.00	0.00	0.00	0.00	0.00	0.00	
20.00	1180.00	714.00	918.00	3691.00	147966.00	0.35	1.07	-2.58	4900.00	147966.00	40.09	19.00	53.00	5.54	30.68	1.64	0.00	40.09	0.00	0.00	0.00	0.18	3691.00	32.64	0.00	0.00	0.00	0.00	0.00	0.00	0.00	
21.00	383.00	1024.00	1182.00	3644.00	132915.00	0.64	1.30	1.83	4941.00	132915.00	36.48	16.00	43.00	3.72	13.84	1.24	0.00	36.48	0.00	0.00	0.00	0.16	3644.00	32.22	0.00	0.00	0.00	0.00	0.00	0.00	0.00	
22.00	1594.00	744.00	384.00	3643.00	142945.00	0.67	1.35	-2.49	5100.00	142945.00	39.24	22.00	53.00	6.44	41.44	1.59	0.00	39.24	0.00	0.00	0.00	0.29	3643.00	32.21	0.00	0.00	0.00	0.00	0.00	0.00	0.00	
23.00	926.00	256.00	1596.00	3583.00	148647.00	0.72	1.43	2.72	4992.00	148647.00	41.49	15.00	51.00	5.42	29.43	1.58	0.00	41.49	0.00	0.00	0.00	0.15	3583.00	31.68	0.01	0.00	0.00	0.00	0.00	0.00	0.00	
24.00	81.00	788.00	926.00	3574.00	130931.00	0.54	1.18	2.32	4757.00	130931.00	36.63	21.00	43.00	3.47	12.07	1.30	0.00	36.63	0.00	0.00	0.00	0.18	3574.00	31.60	0.00	0.00	0.00	0.00	0.00	0.00	0.00	
25.00	828.00	740.00	82.00	3489.00	135823.00	0.33	1.06	2.48	4899.00	135823.00	38.93	17.00	47.00	4.43	19.60	1.38	0.00	38.93	0.00	0.00	0.00	0.50	3489.00	30.85	0.01	0.00	0.00	0.00	0.00	0.00	0.00	
26.00	619.00	692.00	829.00	3391.00	130867.00	0.54	1.19	2.69	4410.00	130867.00	38.59	22.00	45.00	4.40	19.32	1.50	0.00	38.59	0.00	0.00	0.00	0.18	3391.00	29.98	0.00	0.00	0.00	0.00	0.00	0.00	0.00	
27.00	243.00	634.00	620.00	3355.00	127369.00	0.64	1.30	2.67	4380.00	127369.00	37.96	21.00	44.00	3.68	13.51	1.38	0.00	37.96	0.00	0.00	0.00	0.21	3355.00	29.67	0.00	0.00	0.00	0.00	0.00	0.00	0.00	
28.00	1123.00	656.00	244.00	3321.00	130002.00	0.37	1.08	-2.78	4485.00	130002.00	39.15	22.00	47.00	5.08	25.79	1.56	0.00	39.15	0.00	0.00	0.00	0.31	3321.00	29.36	0.00	0.00	0.00	0.00	0.00	0.00	0.00	
29.00	1598.00	625.00	1125.00	3316.00	131160.00	0.65	1.31	-2.62	4380.00	131160.00	39.55	19.00	52.00	6.23	38.75	1.63	0.00	39.55	0.00	0.00	0.00	0.16	3316.00	29.32	0.00	0.00	0.00	0.00	0.00	0.00	0.00	
30.00	1507.00	634.00	1600.00	3297.00	135525.00	0.62	1.27	-2.55	4410.00	135525.00	41.11	14.00	53.00	6.04	36.50	1.73	0.00	41.11	0.00	0.00	0.00	0.13	3297.00	29.15	0.00	0.00	0.00	0.00	0.00	0.00	0.00	
31.00	852.00	213.00	1509.00	3236.00	205991.00	0.69	1.38	-2.64	4560.00	205991.00	63.66	16.00	218.00	21.22	450.10	5.05	0.00	63.66	0.00	0.00	0.00	0.15	3236.00	28.61	0.02	0.00	0.00	0.00	0.00	0.00	0.00	
32.00	441.00	792.00	851.00	3214.00	119106.00	0.56	1.21	2.04	4402.00	119106.00	37.06	18.00	45.00	4.34	18.79	1.48	0.00	37.06	0.00	0.00	0.00	0.18	3214.00	28.42	0.00	0.00	0.00	0.00	0.00	0.00	0.00	
33.00	830.00	660.00	442.00	3198.00	115692.00	0.26	1.04	2.60	4355.00	115692.00	36.18	22.00	44.00	4.48	20.07	1.29	0.00	36.18	0.00	0.00	0.00	0.23	3198.00	28.28	0.00	0.00	0.00	0.00	0.00	0.00	0.00	
34.00	1275.00	576.00	830.00	3136.00	124828.00	0.49	1.15	-2.48	3965.00	124828.00	39.80	22.00	50.00	5.47	29.94	1.73	0.00	39.80	0.00	0.00	0.00	0.17	3136.00	27.73	0.00	0.00	0.00	0.00	0.00	0.00	0.00	
35.00	856.00	582.00	1277.00	3132.00	129978.00	0.37	1.08	-3.00	4154.00	129978.00	41.50	11.00	48.00	4.42	19.50	1.58	0.00	41.50	0.00	0.00	0.00	0.14	3132.00	27.69	0.01	0.00	0.00	0.00	0.00	0.00	0.00	
36.00	1051.00	554.00	857.00	3117.00	121383.00	0.23	1.03	-2.69	4290.00	121383.00	38.94	22.00	52.00	4.98	24.84	1.57	0.00	38.94	0.00	0.00	0.00	0.17	3117.00	27.56	0.00	0.00	0.00	0.00	0.00	0.00	0.00	
37.00	1442.00	624.00	1052.00	3101.00	126601.00	0.59	1.24	0.82	4154.00	126601.00	40.83	18.00	52.00	6.12	37.45	1.80	0.00	40.83	0.00	0.00	0.00	0.16	3101.00	27.42	0.00	0.00	0.00	0.00	0.00	0.00	0.00	
38.00	1625.00	569.00	1443.00	3069.00	121542.00	0.62	1.28	-2.50	4224.00	121542.00	39.60	22.00	50.00	5.85	34.20	1.59	0.00	39.60	0.00	0.00	0.00	0.14	3069.00	27.14	0.00	0.00	0.00	0.00	0.00	0.00	0.00	
39.00	1203.00	566.00	1627.00	3068.00	124059.00	0.30	1.05	-2.77	3969.00	124059.00	40.44	16.00	49.00	4.84	23.46	1.58	0.00	40.44	0.00	0.00	0.00	0.12	3068.00	27.13	0.01	0.00	0.00	0.00	0.00	0.00	0.00	
40.00	1477.00	516.00	1204.00	3052.00	121181.00	0.56	1.21	-2.71	4209.00	121181.00	39.71	22.00	54.00	5.98	35.76	1.69	0.00	39.71	0.00	0.00	0.00	0.14	3052.00	26.99	0.00	0.00	0.00	0.00	0.00	0.00	0.00	
41.00	72.00	585.00	1479.00	3049.00	110478.00	0.63	1.28	2.34	4422.00	110478.00	36.23	15.00	43.00	3.91	15.27	1.21	0.00	36.23	0.00	0.00	0.00	0.13	3049.00	26.96	0.01	0.00	0.00	0.00	0.00	0.00	0.00	
42.00	804.00	604.00	72.00	3043.00	119854.00	0.34	1.06	1.01	4160.00	119854.00	39.39	16.00	47.00	4.11	16.91	1.30	0.00	39.39	0.00	0.00	0.00	0.51	3043.00	26.91	0.02	0.00	0.00	0.00	0.00	0.00	0.00	
43.00	1104.00	819.00	804.00	3023.00	117724.00	0.67	1.35	0.82	4224.00	117724.00	38.94	18.00	49.00	5.86	34.35	1.62	0.00	38.94	0.00	0.00	0.00	0.18	3023.00	26.73	0.00	0.00	0.00	0.00	0.00	0.00	0.00	
44.00	431.00	656.00	1105.00	3011.00	112709.00	0.61	1.26	2.41	4160.00	112709.00	37.43	22.00	45.00	3.82	14.57	1.43	0.00	37.43	0.00	0.00	0.00	0.15	3011.00	26.62	0.00	0.00	0.00	0.00	0.00	0.00	0.00	
45.00	1351.00	571.00	432.00	3007.00	119541.00	0.57	1.22	-2.60	3904.00	119541.00	39.75	20.00	49.00	5.72	32.72	1.70	0.00	39.75	0.00	0.00	0.00	0.24	3007.00	26.59	0.00	0.00	0.00	0.00	0.00	0.00	0.00	
46.00	705.00	531.00	1353.00	2923.00	110431.00	0.40	1.09	2.69	4092.00	110431.00	37.78	21.00	45.00	4.49	20.19	1.52	0.00	37.78	0.00	0.00	0.00	0.13	2923.00	25.85	0.00	0.00	0.00	0.00	0.00	0.00	0.00	
47.00	939.00	661.00	705.00	2918.00	118242.00	0.41	1.10	2.43	3660.00	118242.00	40.52	15.00	50.00	5.14	26.46	1.35	0.00	40.52	0.00	0.00	0.00	0.18	2918.00	25.80	0.01	0.00	0.00	0.00	0.00	0.00	0.00	
48.00	91.00	474.00	940.00	2899.00	108020.00	0.72	1.45	2.95	3650.00	108020.00	37.26	22.00	41.00	3.47	12.01	1.33	0.00	37.26	0.00	0.00	0.00	0.16	2899.00	25.63	0.00	0.00	0.00	0.00	0.00	0.00	0.00	
49.00	31.00	692.00	91.00	2880.00	101872.00	0.77	1.56	2.52	3953.00	101872.00	35.37	17.00	42.00	3.45	11.93	1.27	0.00	35.37	0.00	0.00	0.00	0.52	2880.00	25.47	0.00	0.00	0.00	0.00	0.00	0.00	0.00	
50.00	775.00	538.00	31.00	2810.00	110906.00	0.48	1.14	2.72	3472.00	110906.00	39.47	21.00	46.00	4.86	23.63	1.69	0.00	39.47	0.00	0.00	0.00	0.65	2810.00	24.85	0.00	0.00	0.00	0.00	0.00	0.00	0.00	
51.00	877.00	866.00	776.00	2804.00	96683.00	0.68	1.37	1.68	4050.00	96683.00	34.48	19.00	44.00	3.78	14.32	1.25	0.00	34.48	0.00	0.00	0.00	0.17	2804.00	24.79	0.01	0.00	0.00	0.00	0.00	0.00	0.00	
52.00	921.00	603.00	878.00	2796.00	110676.00	0.55	1.20	0.81	4356.00	110676.00	39.58	16.00	48.00	4.55	20.70	1.49	0.00	39.58	0.00	0.00	0.00	0.16	2796.00	24.72	0.02	0.00	0.00	0.00	0.00	0.00	0.00	
53.00	953.00	714.00	921.00	2777.00	116678.00	0.58	1.22	2.18	3596.00	116678.00	42.02	22.00	51.00	5.00	25.00	1.47	0.00	42.02	0.00	0.00	0.00	0.17	2777.00	24.55	0.02	0.00	0.00	0.00	0.00	0.00	0.00	
54.00	661.00	749.00	954.00	2773.00	104687.00	0.66	1.33	1.75	3618.00	104687.00	37.75	19.00	51.00	5.13	26.34	1.38	0.00	37.75	0.00	0.00	0.00	0.16	2773.00	24.52	0.01	0.00	0.00	0.00	0.00	0.00	0.00	
55.00	106.00	661.00	662.00	2768.00	100786.00	0.73	1.46	2.42	3782.00	100786.00	36.41	22.00	41.00	3.30	10.90	1.37	0.00	36.41	0.00	0.00	0.00	0.20	2768.00	24.48	0.00	0.00	0.00	0.00	0.00	0.00	0.00	
56.00	782.00	709.00	106.00	2757.00	93418.00	0.47	1.13	2.56	4026.00	93418.00	33.88	17.00	43.00	4.64	21.50	1.36	0.00	33.88	0.00	0.00	0.00	0.41	2757.00	24.38	0.01	0.00	0.00	0.00	0.00	0.00	0.00	
57.00	1350.00	483.00	783.00	2753.00	109542.00	0.62	1.27	-2.68	3712.00	109542.00	39.79	22.00	50.00	5.87	34.47	1.80	0.00	39.79	0.00	0.00	0.00	0.17	2753.00	24.34	0.00	0.00	0.00	0.00	0.00	0.00	0.00	
58.00	1289.00	704.00	1351.00	2745.00	96399.00	0.57	1.22	1.92	3819.00	96399.00	35.12	21.00	44.00	3.79	14.39	1.55	0.00	35.12	0.00	0.00	0.00	0.13	2745.00	24.27	0.00	0.00	0.00	0.00	0.00	0.00	0.00	
59.00	466.00	543.00	1289.00	2717.00	101621.00	0.58	1.23	2.57	3840.00	101621.00	37.40	15.00	43.00	3.59	12.92	1.43	0.00	37.40	0.00	0.00	0.00	0.13	2717.00	24.02	0.01	0.00	0.00	0.00	0.00	0.00	0.00	
60.00	382.00	525.00	467.00	2713.00	102535.00	0.56	1.21	2.40	3600.00	102535.00	37.79	22.00	44.00	4.08	16.63	1.54	0.00	37.79	0.00	0.00	0.00	0.22	2713.00	23.99	0.00	0.00	0.00	0.00	0.00	0.00	0.00	
61.00	833.00	483.00	382.00	2656.00	105151.00	0.46	1.13	2.94	3654.00	105151.00	39.59	16.00	48.00	5.16	26.68	1.77	0.00	39.59	0.00	0.00	0.00	0.23	2656.00	23.48	0.00	0.00	0.00	0.00	0.00	0.00	0.00	
62.00	353.00	721.00	834.00	2655.00	97096.00	0.75	1.52	2.69	3618.00	97096.00	36.57	22.00	44.00	4.62	21.36	1.48	0.00	36.57	0.00	0.00	0.00	0.18	2655.00	23.48	0.00	0.00	0.00	0.00	0.00	0.00	0.00	
63.00	730.00	594.00	352.00	2650.00	95869.00	0.54	1.18	2.25	3600.00	95869.00	36.18	12.00	45.00	4.51	20.38	1.53	0.00	36.18	0.00	0.00	0.00	0.24	2650.00	23.43	0.00	0.00	0.00	0.00	0.00	0.00	0.00	
64.00	567.00	627.00	730.00	2631.00	99241.00	0.63	1.29	2.05	3456.00	99241.00	37.72	19.00	48.00	4.06	16.52	1.62	0.00	37.72	0.00	0.00	0.00	0.17	2631.00	23.26	0.00	0.00	0.00	0.00	0.00	0.00	0.00	
65.00	1261.00	491.00	567.00	2628.00	95396.00	0.58	1.23	2.87	3510.00	95396.00	36.30	22.00	48.00	5.41	29.25	1.57	0.00	36.30	0.00	0.00	0.00	0.19	2628.00	23.24	0.00	0.00	0.00	0.00	0.00	0.00	0.00	
66.00	1628.00	375.00	1262.00	2602.00	100370.00	0.66	1.32	-2.78	3339.00	100370.00	38.57	11.00	50.00	5.81	33.79	1.77	0.00	38.57	0.00	0.00	0.00	0.13	2602.00	23.01	0.00	0.00	0.00	0.00	0.00	0.00	0.00	
67.00	433.00	425.00	1629.00	2598.00	95866.00	0.60	1.25	2.82	3510.00	95866.00	36.90	19.00	44.00	3.87	14.96	1.54	0.00	36.90	0.00	0.00	0.00	0.11	2598.00	22.97	0.00	0.00	0.00	0.00	0.00	0.00	0.00	
68.00	1018.00	726.00	434.00	2582.00	100434.00	0.71	1.41	2.74	3510.00	100434.00	38.90	17.00	48.00	4.85	23.57	1.63	0.00	38.90	0.00	0.00	0.00	0.23	2582.00	22.83	0.00	0.00	0.00	0.00	0.00	0.00	0.00	
69.00	774.00	470.00	1019.00	2572.00	100798.00	0.54	1.19	2.63	3363.00	100798.00	39.19	18.00	50.00	4.81	23.10	1.68	0.00	39.19	0.00	0.00	0.00	0.14	2572.00	22.74	0.01	0.00	0.00	0.00	0.00	0.00	0.00	
70.00	1534.00	483.00	775.00	2566.00	102035.00	0.72	1.45	-2.63	3520.00	102035.00	39.76	22.00	49.00	5.52	30.47	1.79	0.00	39.76	0.00	0.00	0.00	0.18	2566.00	22.69	0.00	0.00	0.00	0.00	0.00	0.00	0.00	
71.00	797.00	370.00	1535.00	2554.00	97483.00	0.40	1.09	1.75	3472.00	97483.00	38.17	20.00	45.00	4.79	22.92	1.54	0.00	38.17	0.00	0.00	0.00	0.12	2554.00	22.58	0.01	0.00	0.00	0.00	0.00	0.00	0.00	
72.00	708.00	736.00	798.00	2541.00	97921.00	0.61	1.26	-2.41	3306.00	97921.00	38.54	18.00	51.00	5.32	28.27	1.47	0.00	38.54	0.00	0.00	0.00	0.17	2541.00	22.47	0.01	0.00	0.00	0.00	0.00	0.00	0.00	
73.00	1463.00	373.00	708.00	2522.00	98992.00	0.52	1.17	-2.49	3480.00	98992.00	39.25	22.00	50.00	5.78	33.44	1.78	0.00	39.25	0.00	0.00	0.00	0.17	2522.00	22.30	0.00	0.00	0.00	0.00	0.00	0.00	0.00	
74.00	330.00	474.00	1465.00	2509.00	93155.00	0.70	1.41	2.67	3366.00	93155.00	37.13	21.00	42.00	3.74	14.01	1.53	0.00	37.13	0.00	0.00	0.00	0.13	2509.00	22.19	0.00	0.00	0.00	0.00	0.00	0.00	0.00	
75.00	452.00	862.00	330.00	2507.00	94195.00	0.76	1.53	1.43	3360.00	94195.00	37.57	19.00	43.00	3.93	15.47	1.58	0.00	37.57	0.00	0.00	0.00	0.25	2507.00	22.17	0.00	0.00	0.00	0.00	0.00	0.00	0.00	
76.00	49.00	541.00	452.00	2506.00	88676.00	0.74	1.49	2.62	3564.00	88676.00	35.39	14.00	41.00	3.88	15.09	1.42	0.00	35.39	0.00	0.00	0.00	0.23	2506.00	22.16	0.01	0.00	0.00	0.00	0.00	0.00	0.00	
77.00	1247.00	262.00	49.00	2473.00	91414.00	0.25	1.03	1.18	3420.00	91414.00	36.96	16.00	48.00	5.33	28.36	1.63	0.00	36.96	0.00	0.00	0.00	0.52	2473.00	21.87	0.01	0.00	0.00	0.00	0.00	0.00	0.00	
78.00	621.00	409.00	1248.00	2429.00	98829.00	0.43	1.11	2.53	3420.00	98829.00	40.69	16.00	47.00	4.00	15.99	1.59	0.00	40.69	0.00	0.00	0.00	0.12	2429.00	21.48	0.01	0.00	0.00	0.00	0.00	0.00	0.00	
79.00	542.00	340.00	621.00	2428.00	90121.00	0.71	1.42	-2.92	3500.00	90121.00	37.12	18.00	44.00	4.28	18.30	1.69	0.00	37.12	0.00	0.00	0.00	0.19	2428.00	21.47	0.00	0.00	0.00	0.00	0.00	0.00	0.00	
80.00	1583.00	330.00	542.00	2422.00	92424.00	0.63	1.29	-2.59	3120.00	92424.00	38.16	16.00	47.00	5.65	31.90	1.81	0.00	38.16	0.00	0.00	0.00	0.19	2422.00	21.42	0.00	0.00	0.00	0.00	0.00	0.00	0.00	
81.00	1344.00	416.00	1584.00	2405.00	97866.00	0.64	1.30	-2.49	3304.00	97866.00	40.69	16.00	50.00	5.45	29.66	1.85	0.00	40.69	0.00	0.00	0.00	0.12	2405.00	21.27	0.00	0.00	0.00	0.00	0.00	0.00	0.00	
82.00	608.00	330.00	1345.00	2397.00	86552.00	0.58	1.22	-3.12	3050.00	86552.00	36.11	15.00	44.00	4.41	19.48	1.62	0.00	36.11	0.00	0.00	0.00	0.12	2397.00	21.19	0.00	0.00	0.00	0.00	0.00	0.00	0.00	
83.00	665.00	373.00	608.00	2382.00	93643.00	0.55	1.20	2.81	3060.00	93643.00	39.31	21.00	47.00	4.57	20.87	1.67	0.00	39.31	0.00	0.00	0.00	0.18	2382.00	21.06	0.01	0.00	0.00	0.00	0.00	0.00	0.00	
84.00	558.00	735.00	666.00	2381.00	87192.00	0.76	1.53	2.03	3213.00	87192.00	36.62	22.00	44.00	4.21	17.70	1.51	0.00	36.62	0.00	0.00	0.00	0.19	2381.00	21.05	0.00	0.00	0.00	0.00	0.00	0.00	0.00	
85.00	1281.00	303.00	559.00	2367.00	92945.00	0.59	1.24	-3.07	2940.00	92945.00	39.27	17.00	50.00	5.57	31.03	1.77	0.00	39.27	0.00	0.00	0.00	0.18	2367.00	20.93	0.01	0.00	0.00	0.00	0.00	0.00	0.00	
86.00	716.00	472.00	1282.00	2365.00	92772.00	0.63	1.29	2.72	3000.00	92772.00	39.23	14.00	46.00	4.84	23.41	1.63	0.00	39.23	0.00	0.00	0.00	0.13	2365.00	20.91	0.00	0.00	0.00	0.00	0.00	0.00	0.00	
87.00	532.00	495.00	717.00	2343.00	90707.00	0.65	1.31	2.41	3360.00	90707.00	38.71	18.00	45.00	4.49	20.16	1.66	0.00	38.71	0.00	0.00	0.00	0.17	2343.00	20.72	0.00	0.00	0.00	0.00	0.00	0.00	0.00	
88.00	851.00	810.00	533.00	2323.00	81687.00	0.78	1.61	2.50	3416.00	81687.00	35.16	17.00	43.00	3.92	15.38	1.54	0.00	35.16	0.00	0.00	0.00	0.22	2323.00	20.54	0.00	0.00	0.00	0.00	0.00	0.00	0.00	
89.00	886.00	333.00	852.00	2310.00	88535.00	0.52	1.17	-3.10	2842.00	88535.00	38.33	19.00	46.00	4.87	23.70	1.83	0.00	38.33	0.00	0.00	0.00	0.15	2310.00	20.43	0.00	0.00	0.00	0.00	0.00	0.00	0.00	
90.00	970.00	437.00	887.00	2306.00	94226.00	0.51	1.17	-2.56	3024.00	94226.00	40.86	19.00	48.00	5.04	25.40	1.64	0.00	40.86	0.00	0.00	0.00	0.15	2306.00	20.39	0.01	0.00	0.00	0.00	0.00	0.00	0.00	
91.00	539.00	570.00	970.00	2290.00	83171.00	0.66	1.33	2.04	3233.00	83171.00	36.32	22.00	42.00	4.07	16.52	1.57	0.00	36.32	0.00	0.00	0.00	0.14	2290.00	20.25	0.00	0.00	0.00	0.00	0.00	0.00	0.00	
92.00	475.00	349.00	540.00	2272.00	87220.00	0.57	1.22	2.61	2964.00	87220.00	38.39	14.00	44.00	4.47	19.95	1.65	0.00	38.39	0.00	0.00	0.00	0.19	2272.00	20.09	0.00	0.00	0.00	0.00	0.00	0.00	0.00	
93.00	1172.00	256.00	475.00	2260.00	76823.00	0.47	1.13	2.13	3021.00	76823.00	33.99	22.00	43.00	5.01	25.12	1.47	0.00	33.99	0.00	0.00	0.00	0.19	2260.00	19.98	0.00	0.00	0.00	0.00	0.00	0.00	0.00	
94.00	509.00	454.00	1173.00	2226.00	86244.00	0.69	1.39	2.53	3074.00	86244.00	38.74	17.00	46.00	4.68	21.92	1.76	0.00	38.74	0.00	0.00	0.00	0.13	2226.00	19.68	0.01	0.00	0.00	0.00	0.00	0.00	0.00	
95.00	1111.00	248.00	510.00	2216.00	85327.00	0.50	1.15	-2.84	2750.00	85327.00	38.50	21.00	45.00	4.88	23.86	1.69	0.00	38.50	0.00	0.00	0.00	0.18	2216.00	19.59	0.00	0.00	0.00	0.00	0.00	0.00	0.00	
96.00	977.00	216.00	1112.00	2214.00	89705.00	0.53	1.18	2.79	2912.00	89705.00	40.52	14.00	47.00	4.73	22.42	1.63	0.00	40.52	0.00	0.00	0.00	0.13	2214.00	19.58	0.02	0.00	0.00	0.00	0.00	0.00	0.00	
97.00	569.00	292.00	978.00	2209.00	86367.00	0.55	1.20	2.81	2800.00	86367.00	39.10	16.00	45.00	4.45	19.82	1.73	0.00	39.10	0.00	0.00	0.00	0.13	2209.00	19.53	0.00	0.00	0.00	0.00	0.00	0.00	0.00	
98.00	576.00	436.00	569.00	2208.00	84354.00	0.49	1.15	2.44	3192.00	84354.00	38.20	20.00	44.00	4.11	16.86	1.55	0.00	38.20	0.00	0.00	0.00	0.18	2208.00	19.52	0.01	0.00	0.00	0.00	0.00	0.00	0.00	
99.00	981.00	165.00	576.00	2198.00	81128.00	0.50	1.15	1.24	2700.00	81128.00	36.91	17.00	44.00	4.42	19.52	1.44	0.00	36.91	0.00	0.00	0.00	0.17	2198.00	19.44	0.01	0.00	0.00	0.00	0.00	0.00	0.00	
100.00	998.00	287.00	981.00	2194.00	87578.00	0.50	1.15	-3.07	2850.00	87578.00	39.92	12.00	50.00	5.04	25.38	1.76	0.00	39.92	0.00	0.00	0.00	0.13	2194.00	19.40	0.01	0.00	0.00	0.00	0.00	0.00	0.00	
101.00	1172.00	324.00	999.00	2190.00	84080.00	0.57	1.22	-3.02	3050.00	84080.00	38.39	21.00	46.00	5.35	28.59	1.85	0.00	38.39	0.00	0.00	0.00	0.13	2190.00	19.36	0.00	0.00	0.00	0.00	0.00	0.00	0.00	
102.00	1149.00	564.00	1174.00	2178.00	78096.00	0.54	1.19	2.91	2640.00	78096.00	35.86	19.00	44.00	3.94	15.53	1.39	0.00	35.86	0.00	0.00	0.00	0.13	2178.00	19.26	0.01	0.00	0.00	0.00	0.00	0.00	0.00	
103.00	397.00	314.00	1149.00	2172.00	77533.00	0.54	1.19	2.64	2695.00	77533.00	35.70	17.00	45.00	4.23	17.88	1.46	0.00	35.70	0.00	0.00	0.00	0.12	2172.00	19.21	0.00	0.00	0.00	0.00	0.00	0.00	0.00	
104.00	518.00	404.00	398.00	2167.00	82250.00	0.70	1.40	2.70	2880.00	82250.00	37.96	16.00	44.00	4.58	20.96	1.74	0.00	37.96	0.00	0.00	0.00	0.22	2167.00	19.16	0.00	0.00	0.00	0.00	0.00	0.00	0.00	
105.00	1155.00	407.00	519.00	2154.00	84867.00	0.69	1.37	-3.01	2684.00	84867.00	39.40	18.00	48.00	5.00	24.99	1.93	0.00	39.40	0.00	0.00	0.00	0.18	2154.00	19.05	0.00	0.00	0.00	0.00	0.00	0.00	0.00	
106.00	588.00	226.00	1156.00	2140.00	81525.00	0.61	1.26	2.96	2622.00	81525.00	38.10	22.00	45.00	4.16	17.34	1.73	0.00	38.10	0.00	0.00	0.00	0.12	2140.00	18.92	0.00	0.00	0.00	0.00	0.00	0.00	0.00	
107.00	889.00	63.00	589.00	2137.00	74444.00	0.39	1.09	1.43	2700.00	74444.00	34.84	22.00	43.00	4.69	21.95	1.43	0.00	34.84	0.00	0.00	0.00	0.17	2137.00	18.90	0.00	0.00	0.00	0.00	0.00	0.00	0.00	
108.00	112.00	385.00	889.00	2133.00	77295.00	0.66	1.32	2.41	2862.00	77295.00	36.24	22.00	41.00	3.75	14.10	1.53	0.00	36.24	0.00	0.00	0.00	0.15	2133.00	18.86	0.00	0.00	0.00	0.00	0.00	0.00	0.00	
109.00	728.00	291.00	113.00	2125.00	84124.00	0.19	1.02	-2.72	2862.00	84124.00	39.59	17.00	48.00	4.94	24.43	1.74	0.00	39.59	0.00	0.00	0.00	0.36	2125.00	18.79	0.01	0.00	0.00	0.00	0.00	0.00	0.00	
110.00	659.00	295.00	728.00	2117.00	80907.00	0.59	1.24	2.90	2736.00	80907.00	38.22	21.00	45.00	4.62	21.34	1.82	0.00	38.22	0.00	0.00	0.00	0.15	2117.00	18.72	0.00	0.00	0.00	0.00	0.00	0.00	0.00	
111.00	126.00	1047.00	659.00	2103.00	90515.00	0.78	1.60	1.52	2856.00	90515.00	43.04	21.00	52.00	5.09	25.90	1.21	0.00	43.04	0.00	0.00	0.00	0.18	2103.00	18.60	0.02	0.00	0.00	0.00	0.00	0.00	0.00	
112.00	955.00	313.00	127.00	2056.00	85001.00	0.66	1.33	-3.05	2494.00	85001.00	41.34	18.00	50.00	4.82	23.19	1.90	0.00	41.34	0.00	0.00	0.00	0.34	2056.00	18.18	0.01	0.00	0.00	0.00	0.00	0.00	0.00	
113.00	936.00	394.00	956.00	2051.00	79130.00	0.68	1.37	2.63	2726.00	79130.00	38.58	21.00	46.00	4.92	24.23	1.86	0.00	38.58	0.00	0.00	0.00	0.14	2051.00	18.14	0.00	0.00	0.00	0.00	0.00	0.00	0.00	
114.00	252.00	465.00	937.00	2051.00	74625.00	0.70	1.39	2.07	2928.00	74625.00	36.38	19.00	42.00	3.73	13.92	1.56	0.00	36.38	0.00	0.00	0.00	0.14	2051.00	18.14	0.01	0.00	0.00	0.00	0.00	0.00	0.00	
115.00	215.00	421.00	252.00	2038.00	75284.00	0.75	1.52	2.48	2754.00	75284.00	36.94	20.00	43.00	4.05	16.41	1.63	0.00	36.94	0.00	0.00	0.00	0.28	2038.00	18.02	0.00	0.00	0.00	0.00	0.00	0.00	0.00	
116.00	1033.00	218.00	216.00	2027.00	78189.00	0.59	1.24	-3.07	2576.00	78189.00	38.57	18.00	46.00	4.69	21.99	1.76	0.00	38.57	0.00	0.00	0.00	0.27	2027.00	17.92	0.00	0.00	0.00	0.00	0.00	0.00	0.00	
117.00	1299.00	191.00	1033.00	2008.00	76243.00	0.67	1.35	-3.07	2537.00	76243.00	37.97	13.00	47.00	5.38	28.96	1.91	0.00	37.97	0.00	0.00	0.00	0.13	2008.00	17.76	0.00	0.00	0.00	0.00	0.00	0.00	0.00	
118.00	273.00	730.00	1300.00	1977.00	72671.00	0.86	1.96	2.17	3200.00	72671.00	36.76	22.00	42.00	3.93	15.45	1.76	0.00	36.76	0.00	0.00	0.00	0.15	1977.00	17.48	0.00	0.00	0.00	0.00	0.00	0.00	0.00	
119.00	976.00	112.00	273.00	1941.00	68853.00	0.54	1.18	1.26	2491.00	68853.00	35.47	16.00	45.00	4.55	20.68	1.51	0.00	35.47	0.00	0.00	0.00	0.23	1941.00	17.16	0.01	0.00	0.00	0.00	0.00	0.00	0.00	
120.00	897.00	751.00	976.00	1922.00	65627.00	0.57	1.22	1.72	2950.00	65627.00	34.15	22.00	42.00	4.20	17.66	1.32	0.00	34.15	0.00	0.00	0.00	0.13	1922.00	16.99	0.01	0.00	0.00	0.00	0.00	0.00	0.00	
121.00	832.00	298.00	898.00	1873.00	73620.00	0.67	1.35	3.05	2494.00	73620.00	39.31	16.00	47.00	4.94	24.36	1.86	0.00	39.31	0.00	0.00	0.00	0.13	1873.00	16.56	0.01	0.00	0.00	0.00	0.00	0.00	0.00	
122.00	449.00	499.00	833.00	1871.00	65788.00	0.78	1.59	2.45	2695.00	65788.00	35.16	17.00	40.00	3.66	13.41	1.57	0.00	35.16	0.00	0.00	0.00	0.16	1871.00	16.54	0.00	0.00	0.00	0.00	0.00	0.00	0.00	
123.00	417.00	582.00	449.00	1863.00	70111.00	0.82	1.76	2.45	2800.00	70111.00	37.63	22.00	45.00	4.17	17.43	1.76	0.00	37.63	0.00	0.00	0.00	0.23	1863.00	16.47	0.01	0.00	0.00	0.00	0.00	0.00	0.00	
124.00	1218.00	213.00	418.00	1826.00	66718.00	0.70	1.40	-3.13	2378.00	66718.00	36.54	15.00	48.00	5.64	31.86	1.85	0.00	36.54	0.00	0.00	0.00	0.19	1826.00	16.15	0.00	0.00	0.00	0.00	0.00	0.00	0.00	
125.00	373.00	816.00	1220.00	1821.00	62745.00	0.86	1.98	-2.85	2680.00	62745.00	34.46	22.00	44.00	4.07	16.53	1.73	0.00	34.46	0.00	0.00	0.00	0.14	1821.00	16.10	0.00	0.00	0.00	0.00	0.00	0.00	0.00	
126.00	471.00	248.00	372.00	1819.00	68936.00	0.69	1.39	2.73	2408.00	68936.00	37.90	21.00	46.00	4.55	20.69	1.87	0.00	37.90	0.00	0.00	0.00	0.21	1819.00	16.08	0.00	0.00	0.00	0.00	0.00	0.00	0.00	
127.00	1082.00	158.00	472.00	1818.00	67439.00	0.65	1.31	3.11	2214.00	67439.00	37.10	22.00	45.00	4.85	23.55	1.80	0.00	37.10	0.00	0.00	0.00	0.17	1818.00	16.08	0.00	0.00	0.00	0.00	0.00	0.00	0.00	
128.00	846.00	390.00	1083.00	1796.00	66861.00	0.76	1.53	2.93	2337.00	66861.00	37.23	15.00	45.00	4.21	17.69	1.82	0.00	37.23	0.00	0.00	0.00	0.12	1796.00	15.88	0.01	0.00	0.00	0.00	0.00	0.00	0.00	
129.00	845.00	109.00	847.00	1786.00	66197.00	0.59	1.24	-3.07	2279.00	66197.00	37.06	16.00	46.00	4.94	24.41	1.74	0.00	37.06	0.00	0.00	0.00	0.13	1786.00	15.79	0.00	0.00	0.00	0.00	0.00	0.00	0.00	
130.00	559.00	132.00	846.00	1784.00	65137.00	0.59	1.24	2.56	2300.00	65137.00	36.51	20.00	44.00	4.18	17.47	1.61	0.00	36.51	0.00	0.00	0.00	0.13	1784.00	15.77	0.00	0.00	0.00	0.00	0.00	0.00	0.00	
131.00	1355.00	272.00	559.00	1777.00	73159.00	0.73	1.47	-2.36	2400.00	73159.00	41.17	22.00	49.00	5.48	29.98	2.14	0.00	41.17	0.00	0.00	0.00	0.18	1777.00	15.71	0.00	0.00	0.00	0.00	0.00	0.00	0.00	
132.00	588.00	165.00	1356.00	1767.00	63557.00	0.63	1.29	2.90	2376.00	63557.00	35.97	20.00	43.00	4.33	18.72	1.64	0.00	35.97	0.00	0.00	0.00	0.10	1767.00	15.62	0.00	0.00	0.00	0.00	0.00	0.00	0.00	
133.00	1184.00	474.00	588.00	1757.00	67786.00	0.79	1.63	0.79	2499.00	67786.00	38.58	21.00	46.00	5.32	28.29	2.06	0.00	38.58	0.00	0.00	0.00	0.18	1757.00	15.54	0.00	0.00	0.00	0.00	0.00	0.00	0.00	
134.00	995.00	364.00	1185.00	1753.00	70981.00	0.75	1.51	0.82	2450.00	70981.00	40.49	22.00	48.00	5.01	25.14	2.05	0.00	40.49	0.00	0.00	0.00	0.13	1753.00	15.50	0.00	0.00	0.00	0.00	0.00	0.00	0.00	
135.00	1127.00	478.00	995.00	1727.00	63866.00	0.80	1.67	3.00	2294.00	63866.00	36.98	22.00	45.00	4.69	22.03	1.88	0.00	36.98	0.00	0.00	0.00	0.13	1727.00	15.27	0.00	0.00	0.00	0.00	0.00	0.00	0.00	
136.00	436.00	182.00	1128.00	1725.00	63610.00	0.67	1.34	2.56	2300.00	63610.00	36.88	22.00	43.00	4.08	16.63	1.65	0.00	36.88	0.00	0.00	0.00	0.12	1725.00	15.25	0.00	0.00	0.00	0.00	0.00	0.00	0.00	
137.00	1772.00	783.00	436.00	1712.00	76646.00	0.89	2.23	1.25	2622.00	76646.00	44.77	19.00	56.00	7.17	51.46	2.73	0.00	44.77	0.00	0.00	0.00	0.24	1712.00	15.14	0.00	0.00	0.00	0.00	0.00	0.00	0.00	
138.00	718.00	204.00	1772.00	1702.00	64666.00	0.68	1.37	2.99	2214.00	64666.00	37.99	20.00	45.00	4.75	22.56	1.98	0.00	37.99	0.00	0.00	0.00	0.09	1702.00	15.05	0.00	0.00	0.00	0.00	0.00	0.00	0.00	
139.00	649.00	221.00	718.00	1691.00	65094.00	0.73	1.46	2.76	2268.00	65094.00	38.49	22.00	46.00	4.67	21.83	1.96	0.00	38.49	0.00	0.00	0.00	0.15	1691.00	14.95	0.00	0.00	0.00	0.00	0.00	0.00	0.00	
140.00	744.00	79.00	649.00	1682.00	62229.00	0.62	1.27	3.10	2279.00	62229.00	37.00	22.00	45.00	4.35	18.96	1.79	0.00	37.00	0.00	0.00	0.00	0.14	1682.00	14.87	0.00	0.00	0.00	0.00	0.00	0.00	0.00	
141.00	128.00	322.00	744.00	1682.00	60769.00	0.78	1.58	2.58	2332.00	60769.00	36.13	22.00	44.00	4.25	18.08	1.77	0.00	36.13	0.00	0.00	0.00	0.16	1682.00	14.87	0.00	0.00	0.00	0.00	0.00	0.00	0.00	
142.00	669.00	134.00	128.00	1677.00	55699.00	0.61	1.26	1.21	2244.00	55699.00	33.21	20.00	43.00	4.91	24.11	1.59	0.00	33.21	0.00	0.00	0.00	0.32	1677.00	14.83	0.00	0.00	0.00	0.00	0.00	0.00	0.00	
143.00	879.00	175.00	669.00	1675.00	76386.00	0.72	1.44	-2.80	2451.00	76386.00	45.60	21.00	51.00	5.89	34.65	2.27	0.00	45.60	0.00	0.00	0.00	0.15	1675.00	14.81	0.01	0.00	0.00	0.00	0.00	0.00	0.00	
144.00	136.00	259.00	879.00	1673.00	61639.00	0.79	1.62	2.69	2296.00	61639.00	36.84	21.00	44.00	4.66	21.68	1.83	0.00	36.84	0.00	0.00	0.00	0.14	1673.00	14.79	0.00	0.00	0.00	0.00	0.00	0.00	0.00	
145.00	1438.00	424.00	136.00	1672.00	69880.00	0.84	1.84	-2.53	2576.00	69880.00	41.79	22.00	50.00	6.00	35.96	2.28	0.00	41.79	0.00	0.00	0.00	0.38	1672.00	14.78	0.00	0.00	0.00	0.00	0.00	0.00	0.00	
146.00	1121.00	117.00	1439.00	1643.00	60064.00	0.66	1.33	-2.91	2080.00	60064.00	36.56	22.00	45.00	4.68	21.92	1.78	0.00	36.56	0.00	0.00	0.00	0.10	1643.00	14.53	0.00	0.00	0.00	0.00	0.00	0.00	0.00	
147.00	1074.00	724.00	1122.00	1641.00	65165.00	0.81	1.69	-2.67	2310.00	65165.00	39.71	21.00	47.00	5.30	28.13	2.06	0.00	39.71	0.00	0.00	0.00	0.13	1641.00	14.51	0.01	0.00	0.00	0.00	0.00	0.00	0.00	
148.00	1372.00	141.00	1074.00	1636.00	63797.00	0.73	1.45	1.46	2128.00	63797.00	39.00	22.00	46.00	4.73	22.40	2.02	0.00	39.00	0.00	0.00	0.00	0.11	1636.00	14.47	0.00	0.00	0.00	0.00	0.00	0.00	0.00	
149.00	1138.00	166.00	1372.00	1634.00	62335.00	0.69	1.39	-2.71	2150.00	62335.00	38.15	22.00	46.00	4.77	22.71	2.02	0.00	38.15	0.00	0.00	0.00	0.10	1634.00	14.45	0.00	0.00	0.00	0.00	0.00	0.00	0.00	
150.00	1231.00	107.00	1138.00	1622.00	62631.00	0.69	1.38	-2.98	2080.00	62631.00	38.61	22.00	47.00	5.01	25.06	1.94	0.00	38.61	0.00	0.00	0.00	0.11	1622.00	14.34	0.00	0.00	0.00	0.00	0.00	0.00	0.00	
151.00	793.00	119.00	1232.00	1621.00	61321.00	0.66	1.33	2.86	2040.00	61321.00	37.83	16.00	46.00	4.70	22.08	1.87	0.00	37.83	0.00	0.00	0.00	0.11	1621.00	14.33	0.00	0.00	0.00	0.00	0.00	0.00	0.00	
152.00	557.00	1062.00	793.00	1607.00	59593.00	0.86	1.96	3.10	2208.00	59593.00	37.08	22.00	46.00	4.16	17.27	1.53	0.00	37.08	0.00	0.00	0.00	0.16	1607.00	14.21	0.00	0.00	0.00	0.00	0.00	0.00	0.00	
153.00	725.00	372.00	558.00	1574.00	59609.00	0.81	1.69	-2.93	2204.00	59609.00	37.87	16.00	45.00	5.17	26.69	2.09	0.00	37.87	0.00	0.00	0.00	0.17	1574.00	13.92	0.00	0.00	0.00	0.00	0.00	0.00	0.00	
154.00	929.00	147.00	725.00	1569.00	57507.00	0.71	1.41	2.62	2142.00	57507.00	36.65	22.00	44.00	4.34	18.80	1.80	0.00	36.65	0.00	0.00	0.00	0.14	1569.00	13.87	0.00	0.00	0.00	0.00	0.00	0.00	0.00	
155.00	219.00	1058.00	929.00	1561.00	59223.00	0.53	1.18	-2.81	2009.00	59223.00	37.94	22.00	43.00	3.41	11.65	1.17	0.00	37.94	0.00	0.00	0.00	0.13	1561.00	13.80	0.01	0.00	0.00	0.00	0.00	0.00	0.00	
156.00	501.00	172.00	218.00	1553.00	58296.00	0.74	1.49	2.80	2052.00	58296.00	37.54	22.00	45.00	4.61	21.22	1.95	0.00	37.54	0.00	0.00	0.00	0.25	1553.00	13.73	0.00	0.00	0.00	0.00	0.00	0.00	0.00	
157.00	556.00	25.00	501.00	1542.00	54686.00	0.61	1.27	2.21	2160.00	54686.00	35.46	22.00	47.00	4.30	18.46	1.81	0.00	35.46	0.00	0.00	0.00	0.16	1542.00	13.63	0.00	0.00	0.00	0.00	0.00	0.00	0.00	
158.00	772.00	224.00	557.00	1409.00	50572.00	0.79	1.63	1.97	1924.00	50572.00	35.89	18.00	46.00	5.49	30.18	1.99	0.00	35.89	0.00	0.00	0.00	0.16	1409.00	12.46	0.00	0.00	0.00	0.00	0.00	0.00	0.00	
159.00	298.00	554.00	773.00	1404.00	49601.00	0.86	1.94	1.85	2065.00	49601.00	35.33	22.00	44.00	3.92	15.35	1.94	0.00	35.33	0.00	0.00	0.00	0.15	1404.00	12.41	0.00	0.00	0.00	0.00	0.00	0.00	0.00	
160.00	1043.00	86.00	298.00	1395.00	52334.00	0.74	1.48	-2.96	1836.00	52334.00	37.52	18.00	44.00	4.92	24.23	2.07	0.00	37.52	0.00	0.00	0.00	0.20	1395.00	12.33	0.00	0.00	0.00	0.00	0.00	0.00	0.00	
161.00	1366.00	198.00	1044.00	1384.00	56508.00	0.82	1.76	1.34	1925.00	56508.00	40.83	20.00	47.00	5.24	27.50	2.35	0.00	40.83	0.00	0.00	0.00	0.12	1384.00	12.24	0.00	0.00	0.00	0.00	0.00	0.00	0.00	
162.00	413.00	246.00	1366.00	1377.00	48459.00	0.77	1.57	2.02	1824.00	48459.00	35.19	22.00	43.00	4.31	18.60	1.86	0.00	35.19	0.00	0.00	0.00	0.10	1377.00	12.18	0.00	0.00	0.00	0.00	0.00	0.00	0.00	
163.00	1280.00	433.00	413.00	1377.00	53228.00	0.87	2.02	-2.79	2030.00	53228.00	38.66	21.00	46.00	5.18	26.81	2.34	0.00	38.66	0.00	0.00	0.00	0.21	1377.00	12.18	0.00	0.00	0.00	0.00	0.00	0.00	0.00	
164.00	606.00	527.00	1281.00	1373.00	50841.00	0.89	2.17	2.84	1980.00	50841.00	37.03	22.00	44.00	4.48	20.03	2.18	0.00	37.03	0.00	0.00	0.00	0.12	1373.00	12.14	0.00	0.00	0.00	0.00	0.00	0.00	0.00	
165.00	323.00	360.00	606.00	1362.00	49147.00	0.83	1.78	2.15	2040.00	49147.00	36.08	21.00	41.00	4.54	20.58	2.01	0.00	36.08	0.00	0.00	0.00	0.17	1362.00	12.04	0.00	0.00	0.00	0.00	0.00	0.00	0.00	
166.00	662.00	621.00	324.00	1327.00	55719.00	0.88	2.12	2.66	2184.00	55719.00	41.99	16.00	115.00	17.80	316.73	5.18	0.00	41.99	0.00	0.00	0.00	0.25	1327.00	11.73	0.00	0.00	0.00	0.00	0.00	0.00	0.00	
167.00	718.00	252.00	664.00	1315.00	49194.00	0.74	1.50	2.46	1848.00	49194.00	37.41	21.00	46.00	4.95	24.54	1.82	0.00	37.41	0.00	0.00	0.00	0.15	1315.00	11.63	0.02	0.00	0.00	0.00	0.00	0.00	0.00	
168.00	259.00	516.00	719.00	1311.00	46111.00	0.84	1.86	1.44	1680.00	46111.00	35.17	22.00	42.00	4.05	16.42	1.67	0.00	35.17	0.00	0.00	0.00	0.14	1311.00	11.59	0.01	0.00	0.00	0.00	0.00	0.00	0.00	
169.00	195.00	333.00	259.00	1298.00	47437.00	0.87	2.02	2.42	2112.00	47437.00	36.55	22.00	43.00	4.41	19.48	2.13	0.00	36.55	0.00	0.00	0.00	0.27	1298.00	11.48	0.00	0.00	0.00	0.00	0.00	0.00	0.00	
170.00	1033.00	316.00	195.00	1261.00	47603.00	0.86	1.99	3.10	1653.00	47603.00	37.75	16.00	46.00	4.96	24.60	2.28	0.00	37.75	0.00	0.00	0.00	0.25	1261.00	11.15	0.01	0.00	0.00	0.00	0.00	0.00	0.00	
171.00	495.00	759.00	1034.00	1258.00	45098.00	0.93	2.70	2.41	2646.00	45098.00	35.85	21.00	43.00	4.69	21.99	2.21	0.00	35.85	0.00	0.00	0.00	0.17	1258.00	11.12	0.00	0.00	0.00	0.00	0.00	0.00	0.00	
172.00	246.00	300.00	495.00	1228.00	42947.00	0.77	1.57	2.09	2400.00	42947.00	34.97	16.00	44.00	6.01	36.08	3.02	0.00	34.97	0.00	0.00	0.00	0.19	1228.00	10.86	0.00	0.00	0.00	0.00	0.00	0.00	0.00	
173.00	998.00	522.00	246.00	1195.00	42934.00	0.89	2.20	3.01	1680.00	42934.00	35.93	18.00	43.00	4.57	20.85	2.25	0.00	35.93	0.00	0.00	0.00	0.24	1195.00	10.57	0.00	0.00	0.00	0.00	0.00	0.00	0.00	
174.00	639.00	461.00	999.00	1189.00	39182.00	0.76	1.54	1.65	2200.00	39182.00	32.95	20.00	40.00	3.95	15.58	2.34	0.00	32.95	0.00	0.00	0.00	0.13	1189.00	10.51	0.00	0.00	0.00	0.00	0.00	0.00	0.00	
175.00	1086.00	415.00	639.00	1176.00	43099.00	0.89	2.17	2.95	1624.00	43099.00	36.65	16.00	43.00	4.32	18.63	2.30	0.00	36.65	0.00	0.00	0.00	0.15	1176.00	10.40	0.00	0.00	0.00	0.00	0.00	0.00	0.00	
176.00	613.00	24.00	1087.00	1164.00	43627.00	0.79	1.62	2.82	1568.00	43627.00	37.48	22.00	47.00	4.58	20.95	2.20	0.00	37.48	0.00	0.00	0.00	0.10	1164.00	10.29	0.00	0.00	0.00	0.00	0.00	0.00	0.00	
177.00	906.00	217.00	613.00	1146.00	49259.00	0.67	1.35	-2.93	1302.00	49259.00	42.98	22.00	53.00	4.25	18.04	1.82	0.00	42.98	0.00	0.00	0.00	0.13	1146.00	10.13	0.03	0.00	0.00	0.00	0.00	0.00	0.00	
178.00	1241.00	819.00	906.00	1022.00	43165.00	0.94	2.95	2.45	2392.00	43165.00	42.24	21.00	52.00	7.07	49.99	3.59	0.00	42.24	0.00	0.00	0.00	0.18	1022.00	9.04	0.00	0.00	0.00	0.00	0.00	0.00	0.00	
179.00	780.00	652.00	1242.00	1004.00	39932.00	0.87	2.06	2.05	1632.00	39932.00	39.77	22.00	45.00	4.24	17.98	1.64	0.00	39.77	0.00	0.00	0.00	0.11	1004.00	8.88	0.04	0.00	0.00	0.00	0.00	0.00	0.00	
180.00	406.00	368.00	780.00	982.00	34199.00	0.93	2.64	2.65	1802.00	34199.00	34.83	22.00	41.00	4.23	17.93	2.30	0.00	34.83	0.00	0.00	0.00	0.17	982.00	8.68	0.00	0.00	0.00	0.00	0.00	0.00	0.00	
181.00	1256.00	157.00	406.00	964.00	36012.00	0.88	2.13	-2.36	1680.00	36012.00	37.36	13.00	45.00	5.25	27.59	2.60	0.00	37.36	0.00	0.00	0.00	0.20	964.00	8.52	0.00	0.00	0.00	0.00	0.00	0.00	0.00	
182.00	203.00	573.00	1256.00	948.00	33096.00	0.95	3.18	2.46	2236.00	33096.00	34.91	22.00	41.00	4.32	18.66	2.51	0.00	34.91	0.00	0.00	0.00	0.15	948.00	8.38	0.00	0.00	0.00	0.00	0.00	0.00	0.00	
183.00	1792.00	353.00	203.00	945.00	37048.00	0.95	3.17	-2.60	2166.00	37048.00	39.20	22.00	48.00	5.87	34.50	3.31	0.00	39.20	0.00	0.00	0.00	0.36	945.00	8.36	0.00	0.00	0.00	0.00	0.00	0.00	0.00	
184.00	737.00	154.00	1792.00	925.00	33313.00	0.88	2.09	2.56	1496.00	33313.00	36.01	19.00	43.00	4.54	20.58	2.38	0.00	36.01	0.00	0.00	0.00	0.09	925.00	8.18	0.00	0.00	0.00	0.00	0.00	0.00	0.00	
185.00	1342.00	679.00	738.00	908.00	34226.00	0.95	3.36	-2.60	2320.00	34226.00	37.69	21.00	50.00	6.45	41.66	3.45	0.00	37.69	0.00	0.00	0.00	0.20	908.00	8.03	0.00	0.00	0.00	0.00	0.00	0.00	0.00	
186.00	801.00	326.00	1343.00	907.00	33073.00	0.61	1.27	2.65	1152.00	33073.00	36.46	22.00	44.00	3.49	12.21	1.57	0.00	36.46	0.00	0.00	0.00	0.08	907.00	8.02	0.03	0.00	0.00	0.00	0.00	0.00	0.00	
187.00	1643.00	464.00	801.00	878.00	34833.00	0.94	2.97	0.87	2068.00	34833.00	39.67	22.00	51.00	7.09	50.25	3.59	0.00	39.67	0.00	0.00	0.00	0.18	878.00	7.76	0.00	0.00	0.00	0.00	0.00	0.00	0.00	
188.00	1114.00	8.00	1644.00	841.00	31584.00	0.92	2.50	-3.06	1040.00	31584.00	37.56	22.00	45.00	4.55	20.71	1.81	0.00	37.56	0.00	0.00	0.00	0.09	841.00	7.44	0.00	0.00	0.00	0.00	0.00	0.00	0.00	
189.00	862.00	248.00	1115.00	827.00	35318.00	0.90	2.25	3.06	1100.00	35318.00	42.71	22.00	51.00	5.73	32.86	2.28	0.00	42.71	0.00	0.00	0.00	0.10	827.00	7.31	0.03	0.00	0.00	0.00	0.00	0.00	0.00	
190.00	1095.00	372.00	863.00	795.00	26081.00	0.91	2.43	2.19	1376.00	26081.00	32.81	22.00	42.00	5.02	25.22	2.13	0.00	32.81	0.00	0.00	0.00	0.14	795.00	7.03	0.00	0.00	0.00	0.00	0.00	0.00	0.00	
191.00	1405.00	327.00	1096.00	792.00	30609.00	0.94	2.85	-2.42	1760.00	30609.00	38.65	22.00	50.00	6.14	37.68	3.31	0.00	38.65	0.00	0.00	0.00	0.14	792.00	7.00	0.00	0.00	0.00	0.00	0.00	0.00	0.00	
192.00	207.00	987.00	1405.00	759.00	85177.00	0.89	2.15	1.69	1034.00	85177.00	112.22	21.00	253.00	51.61	2663.27	13.78	0.00	112.22	0.00	0.00	0.00	0.08	759.00	6.71	0.04	0.00	0.00	0.00	0.00	0.00	0.00	
193.00	404.00	1064.00	206.00	755.00	27998.00	0.72	1.44	3.06	984.00	27998.00	37.08	20.00	43.00	3.06	9.38	1.06	0.00	37.08	0.00	0.00	0.00	0.20	755.00	6.68	0.04	0.00	0.00	0.00	0.00	0.00	0.00	
194.00	341.00	305.00	404.00	740.00	26285.00	0.96	3.47	2.95	1334.00	26285.00	35.52	18.00	44.00	6.40	40.99	3.33	0.00	35.52	0.00	0.00	0.00	0.21	740.00	6.54	0.00	0.00	0.00	0.00	0.00	0.00	0.00	
195.00	435.00	118.00	341.00	737.00	26537.00	0.91	2.37	2.19	1344.00	26537.00	36.01	22.00	43.00	5.15	26.52	2.64	0.00	36.01	0.00	0.00	0.00	0.21	737.00	6.52	0.00	0.00	0.00	0.00	0.00	0.00	0.00	
196.00	628.00	95.00	435.00	710.00	27161.00	0.93	2.78	3.05	1060.00	27161.00	38.25	22.00	45.00	5.09	25.91	3.37	0.00	38.25	0.00	0.00	0.00	0.16	710.00	6.28	0.00	0.00	0.00	0.00	0.00	0.00	0.00	
197.00	498.00	111.00	628.00	709.00	25892.00	0.92	2.57	2.51	1394.00	25892.00	36.52	21.00	44.00	5.13	26.36	2.92	0.00	36.52	0.00	0.00	0.00	0.16	709.00	6.27	0.00	0.00	0.00	0.00	0.00	0.00	0.00	
198.00	334.00	415.00	498.00	708.00	23133.00	0.93	2.81	1.83	1300.00	23133.00	32.67	21.00	40.00	4.44	19.74	2.70	0.00	32.67	0.00	0.00	0.00	0.17	708.00	6.26	0.00	0.00	0.00	0.00	0.00	0.00	0.00	
199.00	541.00	262.00	334.00	705.00	24683.00	0.94	2.86	2.84	1224.00	24683.00	35.01	22.00	42.00	4.62	21.31	2.75	0.00	35.01	0.00	0.00	0.00	0.20	705.00	6.23	0.00	0.00	0.00	0.00	0.00	0.00	0.00	
200.00	1484.00	126.00	541.00	693.00	26057.00	0.92	2.55	-2.42	1476.00	26057.00	37.60	20.00	46.00	6.52	42.50	3.61	0.00	37.60	0.00	0.00	0.00	0.18	693.00	6.13	0.00	0.00	0.00	0.00	0.00	0.00	0.00	
201.00	433.00	1064.00	1484.00	665.00	25137.00	0.83	1.77	-2.58	1014.00	25137.00	37.80	22.00	43.00	3.85	14.81	1.63	0.00	37.80	0.00	0.00	0.00	0.08	665.00	5.88	0.02	0.00	0.00	0.00	0.00	0.00	0.00	
202.00	917.00	772.00	433.00	654.00	23301.00	0.87	2.00	2.06	1092.00	23301.00	35.63	16.00	45.00	5.48	30.03	2.18	0.00	35.63	0.00	0.00	0.00	0.15	654.00	5.78	0.05	0.00	0.00	0.00	0.00	0.00	0.00	
203.00	153.00	1051.00	918.00	606.00	26220.00	0.93	2.64	1.73	836.00	26220.00	43.27	18.00	48.00	5.80	33.64	2.20	0.00	43.27	0.00	0.00	0.00	0.10	606.00	5.36	0.05	0.00	0.00	0.00	0.00	0.00	0.00	
204.00	1154.00	27.00	153.00	598.00	22229.00	0.93	2.72	-2.93	966.00	22229.00	37.17	22.00	47.00	5.73	32.89	3.42	0.00	37.17	0.00	0.00	0.00	0.26	598.00	5.29	0.00	0.00	0.00	0.00	0.00	0.00	0.00	
205.00	706.00	25.00	1154.00	591.00	21283.00	0.92	2.59	2.64	1148.00	21283.00	36.01	21.00	44.00	5.53	30.54	3.26	0.00	36.01	0.00	0.00	0.00	0.11	591.00	5.23	0.00	0.00	0.00	0.00	0.00	0.00	0.00	
206.00	1209.00	365.00	707.00	560.00	15238.00	0.76	1.54	1.66	782.00	15238.00	27.21	22.00	34.00	2.71	7.36	1.72	0.00	27.21	0.00	0.00	0.00	0.09	560.00	4.95	0.02	0.00	0.00	0.00	0.00	0.00	0.00	
207.00	244.00	863.00	1209.00	539.00	21000.00	0.88	2.09	2.13	972.00	21000.00	38.96	22.00	47.00	6.46	41.73	3.83	0.00	38.96	0.00	0.00	0.00	0.09	539.00	4.77	0.00	0.00	0.00	0.00	0.00	0.00	0.00	
208.00	189.00	1060.00	244.00	531.00	20104.00	0.88	2.11	2.00	850.00	20104.00	37.86	22.00	44.00	3.66	13.43	1.96	0.00	37.86	0.00	0.00	0.00	0.19	531.00	4.70	0.03	0.00	0.00	0.00	0.00	0.00	0.00	
209.00	922.00	710.00	189.00	469.00	16812.00	0.94	2.92	1.68	630.00	16812.00	35.85	22.00	41.00	3.33	11.10	1.89	0.00	35.85	0.00	0.00	0.00	0.20	469.00	4.15	0.05	0.00	0.00	0.00	0.00	0.00	0.00	
210.00	271.00	325.00	922.00	462.00	12901.00	0.75	1.50	-2.60	810.00	12901.00	27.92	20.00	34.00	2.75	7.57	1.71	0.00	27.92	0.00	0.00	0.00	0.08	462.00	4.09	0.01	0.00	0.00	0.00	0.00	0.00	0.00	
211.00	899.00	621.00	271.00	400.00	13390.00	0.87	2.05	0.87	672.00	13390.00	33.47	22.00	38.00	2.79	7.77	1.53	0.00	33.47	0.00	0.00	0.00	0.16	400.00	3.54	0.06	0.00	0.00	0.00	0.00	0.00	0.00	
212.00	1405.00	882.00	899.00	367.00	10124.00	0.83	1.78	-2.59	840.00	10124.00	27.59	18.00	45.00	4.10	16.81	3.24	0.00	27.59	0.00	0.00	0.00	0.10	367.00	3.25	0.00	0.00	0.00	0.00	0.00	0.00	0.00	
213.00	1209.00	767.00	1406.00	357.00	10288.00	0.90	2.25	1.10	924.00	10288.00	28.82	18.00	41.00	4.30	18.48	3.41	0.00	28.82	0.00	0.00	0.00	0.08	357.00	3.16	0.00	0.00	0.00	0.00	0.00	0.00	0.00	
214.00	1222.00	345.00	1209.00	347.00	9221.00	0.87	2.06	2.96	480.00	9221.00	26.57	21.00	30.00	2.24	5.04	1.38	0.00	26.57	0.00	0.00	0.00	0.06	347.00	3.07	0.02	0.00	0.00	0.00	0.00	0.00	0.00	
215.00	769.00	1066.00	1222.00	345.00	11371.00	0.63	1.29	2.05	460.00	11371.00	32.96	16.00	38.00	3.42	11.67	1.44	0.00	32.96	0.00	0.00	0.00	0.06	345.00	3.05	0.03	0.00	0.00	0.00	0.00	0.00	0.00	
216.00	641.00	606.00	770.00	264.00	12821.00	0.93	2.68	2.92	406.00	12821.00	48.56	17.00	255.00	53.98	2913.73	17.38	0.00	48.56	0.00	0.00	0.00	0.08	264.00	2.33	0.02	0.00	0.00	0.00	0.00	0.00	0.00	
217.00	694.00	1072.00	643.00	254.00	8576.00	0.98	4.80	-3.11	360.00	8576.00	33.76	22.00	42.00	4.49	20.13	3.09	0.00	33.76	0.00	0.00	0.00	0.10	254.00	2.25	0.00	0.00	0.00	0.00	0.00	0.00	0.00	
218.00	771.00	334.00	695.00	192.00	4781.00	0.92	2.53	2.95	253.00	4781.00	24.90	16.00	34.00	3.21	10.28	2.31	0.00	24.90	0.00	0.00	0.00	0.07	192.00	1.70	0.03	0.00	0.00	0.00	0.00	0.00	0.00	
219.00	272.00	1072.00	771.00	185.00	6232.00	0.98	5.25	3.13	198.00	6232.00	33.69	19.00	42.00	5.57	31.01	3.89	0.00	33.69	0.00	0.00	0.00	0.08	185.00	1.64	0.00	0.00	0.00	0.00	0.00	0.00	0.00	
220.00	881.00	704.00	272.00	148.00	4246.00	0.74	1.49	-3.06	176.00	4246.00	28.69	16.00	45.00	6.56	43.02	4.09	0.00	28.69	0.00	0.00	0.00	0.07	148.00	1.31	0.00	0.00	0.00	0.00	0.00	0.00	0.00	
221.00	321.00	683.00	881.00	147.00	3734.00	0.78	1.58	-3.01	160.00	3734.00	25.40	20.00	31.00	2.74	7.49	1.85	0.00	25.40	0.00	0.00	0.00	0.04	147.00	1.30	0.00	0.00	0.00	0.00	0.00	0.00	0.00	
222.00	1395.00	636.00	321.00	127.00	3221.00	0.77	1.58	-2.64	180.00	3221.00	25.36	19.00	34.00	2.01	4.06	2.31	0.00	25.36	0.00	0.00	0.00	0.07	127.00	1.12	0.00	0.00	0.00	0.00	0.00	0.00	0.00	
223.00	622.00	600.00	1395.00	122.00	3343.00	0.90	2.28	1.79	360.00	3343.00	27.40	21.00	34.00	3.15	9.90	4.39	0.00	27.40	0.00	0.00	0.00	0.05	122.00	1.08	0.02	0.00	0.00	0.00	0.00	0.00	0.00	
224.00	1235.00	772.00	622.00	103.00	4018.00	0.91	2.40	1.61	119.00	4018.00	39.01	22.00	53.00	8.27	68.42	7.62	0.00	39.01	0.00	0.00	0.00	0.05	103.00	0.91	0.00	0.00	0.00	0.00	0.00	0.00	0.00	
225.00	1733.00	761.00	1235.00	100.00	2546.00	0.65	1.31	2.29	132.00	2546.00	25.46	22.00	30.00	1.89	3.56	1.92	0.00	25.46	0.00	0.00	0.00	0.03	100.00	0.88	0.00	0.00	0.00	0.00	0.00	0.00	0.00	
