ID	centroid_x	centroid_y	centroid_z	volume	integrated_intensity	eccentricity	elongation	orientation	bounding_box_volume	sum	mean	minimum	maximum	sigma	variance	surface_gradient	interior_gradient	surface_intensity	interior_intensity	intensity_ratio	convexity	radius_variation	surface_area	shape	shared_boundary	t_energy	t_entropy	inverse_diff_moment	inertia	cluster_shade	cluster_prominence	
1.00	1338.00	497.00	0.00	5890.00	464786.00	1.00	62.74	-1.91	9102.00	464786.00	78.91	24.00	255.00	31.44	988.47	5.71	0.00	78.91	0.00	0.00	0.00	1.36	5890.00	52.08	0.00	0.00	0.00	0.00	0.00	0.00	0.00	
2.00	1257.00	198.00	0.00	5445.00	378228.00	1.00	63.89	0.23	8568.00	378228.00	69.46	25.00	255.00	27.50	756.00	6.09	0.00	69.46	0.00	0.00	0.00	1.38	5445.00	48.15	0.00	0.00	0.00	0.00	0.00	0.00	0.00	
3.00	1132.00	266.00	0.00	5419.00	488404.00	1.00	60.52	-1.05	7663.00	488404.00	90.13	26.00	254.00	25.48	649.44	5.83	0.00	90.13	0.00	0.00	0.00	1.36	5419.00	47.92	0.01	0.00	0.00	0.00	0.00	0.00	0.00	
4.00	989.00	488.00	0.00	5230.00	373107.00	1.00	53.97	-0.82	10914.00	373107.00	71.34	22.00	223.00	31.95	1020.74	6.48	0.00	71.34	0.00	0.00	0.00	1.65	5230.00	46.24	0.01	0.00	0.00	0.00	0.00	0.00	0.00	
5.00	1094.00	501.00	0.00	4854.00	445372.00	1.00	58.20	0.04	6256.00	445372.00	91.75	26.00	243.00	27.25	742.66	7.53	0.00	91.75	0.00	0.00	0.00	1.25	4854.00	42.92	0.00	0.00	0.00	0.00	0.00	0.00	0.00	
6.00	1213.00	289.00	0.00	4707.00	374709.00	1.00	59.93	0.24	6734.00	374709.00	79.61	27.00	255.00	31.68	1003.83	7.16	0.00	79.61	0.00	0.00	0.00	1.25	4707.00	41.62	0.01	0.00	0.00	0.00	0.00	0.00	0.00	
7.00	1194.00	532.00	0.00	4695.00	373719.00	1.00	54.15	0.04	8395.00	373719.00	79.60	20.00	249.00	32.90	1082.47	6.18	0.00	79.60	0.00	0.00	0.00	1.36	4695.00	41.51	0.01	0.00	0.00	0.00	0.00	0.00	0.00	
8.00	916.00	52.00	0.00	4620.00	334934.00	1.00	52.92	0.61	7872.00	334934.00	72.50	27.00	190.00	20.22	408.73	6.31	0.00	72.50	0.00	0.00	0.00	1.46	4620.00	40.85	0.00	0.00	0.00	0.00	0.00	0.00	0.00	
9.00	774.00	848.00	0.00	4597.00	517957.00	1.00	62.84	-2.25	7134.00	517957.00	112.67	28.00	255.00	37.06	1373.80	9.98	0.00	112.67	0.00	0.00	0.00	1.19	4597.00	40.65	0.01	0.00	0.00	0.00	0.00	0.00	0.00	
10.00	1252.00	477.00	0.00	4533.00	312307.00	1.00	52.20	-1.67	7035.00	312307.00	68.90	21.00	255.00	36.29	1316.83	5.87	0.00	68.90	0.00	0.00	0.00	1.31	4533.00	40.08	0.01	0.00	0.00	0.00	0.00	0.00	0.00	
11.00	723.00	375.00	0.00	4270.00	397862.00	1.00	54.27	0.20	5590.00	397862.00	93.18	24.00	255.00	27.20	739.95	6.91	0.00	93.18	0.00	0.00	0.00	1.23	4270.00	37.76	0.00	0.00	0.00	0.00	0.00	0.00	0.00	
12.00	1051.00	277.00	0.00	4259.00	381295.00	1.00	53.38	-2.03	6586.00	381295.00	89.53	27.00	255.00	31.47	990.32	7.30	0.00	89.53	0.00	0.00	0.00	1.28	4259.00	37.66	0.01	0.00	0.00	0.00	0.00	0.00	0.00	
13.00	1440.00	611.00	0.00	4248.00	371885.00	1.00	60.57	-2.25	5254.00	371885.00	87.54	24.00	255.00	35.30	1246.32	6.53	0.00	87.54	0.00	0.00	0.00	1.21	4248.00	37.56	0.01	0.00	0.00	0.00	0.00	0.00	0.00	
14.00	1244.00	679.00	0.00	4248.00	317039.00	1.00	56.73	-1.77	6370.00	317039.00	74.63	27.00	255.00	28.58	816.66	6.82	0.00	74.63	0.00	0.00	0.00	1.23	4248.00	37.56	0.01	0.00	0.00	0.00	0.00	0.00	0.00	
15.00	955.00	923.00	0.00	4148.00	382032.00	1.00	59.47	0.13	5325.00	382032.00	92.10	28.00	255.00	32.28	1041.73	7.64	0.00	92.10	0.00	0.00	0.00	1.17	4148.00	36.68	0.00	0.00	0.00	0.00	0.00	0.00	0.00	
16.00	1367.00	731.00	0.00	4095.00	387825.00	1.00	60.14	-1.02	5112.00	387825.00	94.71	28.00	255.00	33.73	1137.45	9.31	0.00	94.71	0.00	0.00	0.00	1.15	4095.00	36.21	0.00	0.00	0.00	0.00	0.00	0.00	0.00	
17.00	440.00	135.00	0.00	4077.00	349579.00	1.00	45.66	-0.70	6642.00	349579.00	85.74	27.00	255.00	31.31	980.04	7.75	0.00	85.74	0.00	0.00	0.00	1.42	4077.00	36.05	0.01	0.00	0.00	0.00	0.00	0.00	0.00	
18.00	957.00	786.00	0.00	3982.00	401184.00	1.00	59.81	0.73	5256.00	401184.00	100.75	23.00	255.00	40.38	1630.72	10.13	0.00	100.75	0.00	0.00	0.00	1.15	3982.00	35.21	0.00	0.00	0.00	0.00	0.00	0.00	0.00	
19.00	643.00	329.00	0.00	3926.00	297895.00	1.00	58.45	-0.27	7020.00	297895.00	75.88	23.00	253.00	34.99	1224.36	6.31	0.00	75.88	0.00	0.00	0.00	1.20	3926.00	34.71	0.01	0.00	0.00	0.00	0.00	0.00	0.00	
20.00	644.00	804.00	0.00	3887.00	347925.00	1.00	57.32	0.62	5250.00	347925.00	89.51	29.00	255.00	33.02	1090.26	7.66	0.00	89.51	0.00	0.00	0.00	1.14	3887.00	34.37	0.00	0.00	0.00	0.00	0.00	0.00	0.00	
21.00	1211.00	770.00	0.00	3859.00	357572.00	1.00	60.29	-0.86	5476.00	357572.00	92.66	30.00	255.00	33.64	1131.87	8.80	0.00	92.66	0.00	0.00	0.00	1.12	3859.00	34.12	0.00	0.00	0.00	0.00	0.00	0.00	0.00	
22.00	1043.00	755.00	0.00	3853.00	359413.00	1.00	59.65	-0.75	4761.00	359413.00	93.28	28.00	255.00	31.80	1011.42	9.18	0.00	93.28	0.00	0.00	0.00	1.13	3853.00	34.07	0.00	0.00	0.00	0.00	0.00	0.00	0.00	
23.00	1000.00	420.00	0.00	3735.00	341501.00	1.00	53.62	-1.34	5561.00	341501.00	91.43	27.00	255.00	38.41	1475.69	6.56	0.00	91.43	0.00	0.00	0.00	1.20	3735.00	33.03	0.01	0.00	0.00	0.00	0.00	0.00	0.00	
24.00	936.00	675.00	0.00	3725.00	371728.00	1.00	59.00	-1.74	4900.00	371728.00	99.79	27.00	255.00	35.44	1255.83	9.65	0.00	99.79	0.00	0.00	0.00	1.12	3725.00	32.94	0.00	0.00	0.00	0.00	0.00	0.00	0.00	
25.00	878.00	727.00	0.00	3679.00	342937.00	1.00	57.35	0.66	4828.00	342937.00	93.21	26.00	255.00	30.16	909.46	8.62	0.00	93.21	0.00	0.00	0.00	1.12	3679.00	32.53	0.00	0.00	0.00	0.00	0.00	0.00	0.00	
26.00	1005.00	362.00	0.00	3676.00	307717.00	1.00	52.94	-0.56	5772.00	307717.00	83.71	27.00	225.00	31.87	1015.70	4.64	0.00	83.71	0.00	0.00	0.00	1.20	3676.00	32.50	0.02	0.00	0.00	0.00	0.00	0.00	0.00	
27.00	557.00	541.00	0.00	3645.00	284672.00	1.00	48.71	0.73	6400.00	284672.00	78.10	19.00	255.00	33.91	1149.59	7.03	0.00	78.10	0.00	0.00	0.00	1.29	3645.00	32.23	0.00	0.00	0.00	0.00	0.00	0.00	0.00	
28.00	262.00	694.00	0.00	3586.00	283547.00	1.00	53.11	-2.17	4896.00	283547.00	79.07	30.00	255.00	29.66	879.58	7.04	0.00	79.07	0.00	0.00	0.00	1.13	3586.00	31.71	0.00	0.00	0.00	0.00	0.00	0.00	0.00	
29.00	530.00	727.00	0.00	3502.00	305114.00	1.00	54.00	0.66	4830.00	305114.00	87.13	27.00	255.00	34.07	1160.75	7.44	0.00	87.13	0.00	0.00	0.00	1.11	3502.00	30.97	0.00	0.00	0.00	0.00	0.00	0.00	0.00	
30.00	1453.00	892.00	0.00	3468.00	243059.00	1.00	53.74	-0.47	5256.00	243059.00	70.09	26.00	204.00	27.39	750.48	7.20	0.00	70.09	0.00	0.00	0.00	1.23	3468.00	30.66	0.00	0.00	0.00	0.00	0.00	0.00	0.00	
31.00	525.00	664.00	0.00	3456.00	286045.00	1.00	53.09	-1.98	4588.00	286045.00	82.77	23.00	255.00	33.43	1117.84	7.16	0.00	82.77	0.00	0.00	0.00	1.13	3456.00	30.56	0.00	0.00	0.00	0.00	0.00	0.00	0.00	
32.00	1125.00	613.00	0.00	3401.00	342151.00	1.00	55.53	-1.70	4416.00	342151.00	100.60	29.00	255.00	42.53	1808.87	11.78	0.00	100.60	0.00	0.00	0.00	1.09	3401.00	30.07	0.00	0.00	0.00	0.00	0.00	0.00	0.00	
33.00	1002.00	689.00	0.00	3385.00	231726.00	1.00	56.55	0.05	4355.00	231726.00	68.46	24.00	189.00	22.28	496.57	6.72	0.00	68.46	0.00	0.00	0.00	1.09	3385.00	29.93	0.00	0.00	0.00	0.00	0.00	0.00	0.00	
34.00	1525.00	448.00	0.00	3359.00	288220.00	1.00	50.14	-1.71	4350.00	288220.00	85.81	28.00	255.00	32.13	1032.29	6.96	0.00	85.81	0.00	0.00	0.00	1.12	3359.00	29.70	0.01	0.00	0.00	0.00	0.00	0.00	0.00	
35.00	1318.00	598.00	0.00	3344.00	307189.00	1.00	52.65	-0.96	4224.00	307189.00	91.86	28.00	255.00	33.36	1113.20	7.11	0.00	91.86	0.00	0.00	0.00	1.10	3344.00	29.57	0.00	0.00	0.00	0.00	0.00	0.00	0.00	
36.00	572.00	52.00	0.00	3305.00	265687.00	1.00	41.67	-0.79	5913.00	265687.00	80.39	24.00	255.00	30.31	918.98	7.74	0.00	80.39	0.00	0.00	0.00	1.38	3305.00	29.22	0.00	0.00	0.00	0.00	0.00	0.00	0.00	
37.00	1526.00	581.00	0.00	3293.00	292735.00	1.00	48.39	-0.99	4818.00	292735.00	88.90	23.00	255.00	36.69	1346.07	7.43	0.00	88.90	0.00	0.00	0.00	1.16	3293.00	29.12	0.01	0.00	0.00	0.00	0.00	0.00	0.00	
38.00	652.00	393.00	0.00	3284.00	251018.00	1.00	48.11	-1.73	4920.00	251018.00	76.44	25.00	238.00	31.17	971.34	5.89	0.00	76.44	0.00	0.00	0.00	1.14	3284.00	29.04	0.01	0.00	0.00	0.00	0.00	0.00	0.00	
39.00	761.00	315.00	0.00	3279.00	257623.00	1.00	43.99	-0.97	5100.00	257623.00	78.57	23.00	248.00	35.24	1241.89	7.23	0.00	78.57	0.00	0.00	0.00	1.30	3279.00	28.99	0.01	0.00	0.00	0.00	0.00	0.00	0.00	
40.00	1645.00	701.00	0.00	3268.00	243867.00	1.00	48.44	-0.58	4544.00	243867.00	74.62	29.00	212.00	26.76	715.92	5.79	0.00	74.62	0.00	0.00	0.00	1.13	3268.00	28.90	0.00	0.00	0.00	0.00	0.00	0.00	0.00	
41.00	659.00	710.00	0.00	3255.00	270507.00	1.00	53.28	0.40	4620.00	270507.00	83.11	27.00	255.00	30.32	919.14	7.68	0.00	83.11	0.00	0.00	0.00	1.08	3255.00	28.78	0.00	0.00	0.00	0.00	0.00	0.00	0.00	
42.00	861.00	201.00	0.00	3244.00	294478.00	1.00	40.07	-2.25	5621.00	294478.00	90.78	26.00	230.00	27.64	764.22	6.57	0.00	90.78	0.00	0.00	0.00	1.36	3244.00	28.68	0.01	0.00	0.00	0.00	0.00	0.00	0.00	
43.00	1638.00	622.00	0.00	3228.00	268560.00	1.00	48.30	-0.98	4544.00	268560.00	83.20	29.00	255.00	31.56	996.31	6.79	0.00	83.20	0.00	0.00	0.00	1.12	3228.00	28.54	0.00	0.00	0.00	0.00	0.00	0.00	0.00	
44.00	1005.00	609.00	0.00	3181.00	271162.00	1.00	54.57	-1.90	4092.00	271162.00	85.24	26.00	255.00	30.35	921.03	8.33	0.00	85.24	0.00	0.00	0.00	1.08	3181.00	28.13	0.00	0.00	0.00	0.00	0.00	0.00	0.00	
45.00	468.00	245.00	0.00	3162.00	224128.00	1.00	47.61	-2.17	4851.00	224128.00	70.88	24.00	255.00	38.68	1496.25	8.48	0.00	70.88	0.00	0.00	0.00	1.19	3162.00	27.96	0.00	0.00	0.00	0.00	0.00	0.00	0.00	
46.00	298.00	624.00	0.00	3138.00	251423.00	1.00	48.48	-2.23	4288.00	251423.00	80.12	30.00	250.00	29.57	874.55	5.88	0.00	80.12	0.00	0.00	0.00	1.11	3138.00	27.75	0.00	0.00	0.00	0.00	0.00	0.00	0.00	
47.00	652.00	539.00	0.00	3126.00	292122.00	1.00	51.23	-1.82	3894.00	292122.00	93.45	26.00	255.00	37.56	1410.77	8.32	0.00	93.45	0.00	0.00	0.00	1.08	3126.00	27.64	0.00	0.00	0.00	0.00	0.00	0.00	0.00	
48.00	577.00	303.00	0.00	3119.00	212995.00	1.00	50.67	-2.24	6400.00	212995.00	68.29	24.00	206.00	29.71	882.63	5.30	0.00	68.29	0.00	0.00	0.00	1.35	3119.00	27.58	0.01	0.00	0.00	0.00	0.00	0.00	0.00	
49.00	801.00	765.00	0.00	3096.00	279518.00	1.00	49.31	0.65	4422.00	279518.00	90.28	27.00	255.00	35.70	1274.43	9.18	0.00	90.28	0.00	0.00	0.00	1.14	3096.00	27.38	0.00	0.00	0.00	0.00	0.00	0.00	0.00	
50.00	181.00	741.00	0.00	3081.00	236847.00	1.00	45.56	0.72	4288.00	236847.00	76.87	27.00	242.00	24.31	590.98	6.37	0.00	76.87	0.00	0.00	0.00	1.15	3081.00	27.24	0.00	0.00	0.00	0.00	0.00	0.00	0.00	
51.00	335.00	301.00	0.00	3075.00	221960.00	1.00	42.07	-1.14	5922.00	221960.00	72.18	23.00	255.00	34.95	1221.84	6.71	0.00	72.18	0.00	0.00	0.00	1.41	3075.00	27.19	0.00	0.00	0.00	0.00	0.00	0.00	0.00	
52.00	812.00	465.00	0.00	3066.00	290598.00	1.00	51.90	-1.41	4087.00	290598.00	94.78	30.00	255.00	35.58	1266.00	8.46	0.00	94.78	0.00	0.00	0.00	1.07	3066.00	27.11	0.00	0.00	0.00	0.00	0.00	0.00	0.00	
53.00	1044.00	203.00	0.00	3059.00	126312.00	1.00	47.93	0.69	5852.00	126312.00	41.29	20.00	143.00	10.59	112.13	3.64	0.00	41.29	0.00	0.00	0.00	1.25	3059.00	27.05	0.01	0.00	0.00	0.00	0.00	0.00	0.00	
54.00	383.00	502.00	0.00	3034.00	236035.00	1.00	49.39	-1.97	3894.00	236035.00	77.80	27.00	198.00	24.38	594.52	5.48	0.00	77.80	0.00	0.00	0.00	1.08	3034.00	26.83	0.00	0.00	0.00	0.00	0.00	0.00	0.00	
55.00	902.00	548.00	0.00	3016.00	280422.00	1.00	51.16	-1.64	4087.00	280422.00	92.98	30.00	255.00	32.42	1051.29	8.94	0.00	92.98	0.00	0.00	0.00	1.06	3016.00	26.67	0.00	0.00	0.00	0.00	0.00	0.00	0.00	
56.00	112.00	504.00	0.00	2956.00	242705.00	1.00	48.69	-2.17	4030.00	242705.00	82.11	28.00	255.00	30.21	912.86	6.80	0.00	82.11	0.00	0.00	0.00	1.07	2956.00	26.14	0.00	0.00	0.00	0.00	0.00	0.00	0.00	
57.00	990.00	34.00	0.00	2939.00	241433.00	1.00	36.88	-1.67	4128.00	241433.00	82.15	24.00	255.00	28.30	801.12	7.55	0.00	82.15	0.00	0.00	0.00	1.25	2939.00	25.99	0.00	0.00	0.00	0.00	0.00	0.00	0.00	
58.00	1076.00	423.00	0.00	2911.00	261103.00	1.00	50.64	-1.05	3843.00	261103.00	89.70	29.00	255.00	30.26	915.50	8.11	0.00	89.70	0.00	0.00	0.00	1.05	2911.00	25.74	0.00	0.00	0.00	0.00	0.00	0.00	0.00	
59.00	1167.00	426.00	0.00	2886.00	242080.00	1.00	50.62	-1.28	3900.00	242080.00	83.88	28.00	255.00	28.06	787.53	8.76	0.00	83.88	0.00	0.00	0.00	1.05	2886.00	25.52	0.00	0.00	0.00	0.00	0.00	0.00	0.00	
60.00	990.00	232.00	0.00	2878.00	115604.00	1.00	54.32	-0.38	4884.00	115604.00	40.17	21.00	118.00	8.49	72.09	3.39	0.00	40.17	0.00	0.00	0.00	1.12	2878.00	25.45	0.01	0.00	0.00	0.00	0.00	0.00	0.00	
61.00	511.00	153.00	0.00	2846.00	211473.00	1.00	50.18	-0.71	3844.00	211473.00	74.31	26.00	192.00	20.15	406.00	4.90	0.00	74.31	0.00	0.00	0.00	1.05	2846.00	25.16	0.00	0.00	0.00	0.00	0.00	0.00	0.00	
62.00	763.00	99.00	0.00	2833.00	211735.00	1.00	37.40	0.47	5644.00	211735.00	74.74	19.00	234.00	27.39	750.15	6.32	0.00	74.74	0.00	0.00	0.00	1.39	2833.00	25.05	0.03	0.00	0.00	0.00	0.00	0.00	0.00	
63.00	690.00	289.00	0.00	2829.00	207267.00	1.00	42.92	-1.27	4200.00	207267.00	73.27	22.00	255.00	30.60	936.21	7.14	0.00	73.27	0.00	0.00	0.00	1.20	2829.00	25.01	0.01	0.00	0.00	0.00	0.00	0.00	0.00	
64.00	1058.00	347.00	0.00	2824.00	271407.00	1.00	50.93	0.52	4087.00	271407.00	96.11	30.00	255.00	31.99	1023.08	8.63	0.00	96.11	0.00	0.00	0.00	1.06	2824.00	24.97	0.01	0.00	0.00	0.00	0.00	0.00	0.00	
65.00	1265.00	374.00	0.00	2803.00	236044.00	1.00	49.63	-1.37	3534.00	236044.00	84.21	30.00	255.00	32.72	1070.89	7.67	0.00	84.21	0.00	0.00	0.00	1.04	2803.00	24.78	0.00	0.00	0.00	0.00	0.00	0.00	0.00	
66.00	418.00	410.00	0.00	2760.00	236358.00	1.00	45.92	-1.98	3685.00	236358.00	85.64	30.00	255.00	35.38	1252.05	7.43	0.00	85.64	0.00	0.00	0.00	1.06	2760.00	24.40	0.00	0.00	0.00	0.00	0.00	0.00	0.00	
67.00	768.00	23.00	0.00	2747.00	223637.00	1.00	53.88	-1.23	3990.00	223637.00	81.41	23.00	251.00	32.75	1072.88	7.48	0.00	81.41	0.00	0.00	0.00	1.21	2747.00	24.29	0.01	0.00	0.00	0.00	0.00	0.00	0.00	
68.00	1239.00	574.00	0.00	2746.00	265844.00	1.00	49.37	-1.55	3648.00	265844.00	96.81	30.00	255.00	34.45	1186.64	8.24	0.00	96.81	0.00	0.00	0.00	1.05	2746.00	24.28	0.01	0.00	0.00	0.00	0.00	0.00	0.00	
69.00	155.00	449.00	0.00	2704.00	238684.00	1.00	46.08	-2.08	3705.00	238684.00	88.27	25.00	255.00	33.64	1131.73	7.25	0.00	88.27	0.00	0.00	0.00	1.07	2704.00	23.91	0.01	0.00	0.00	0.00	0.00	0.00	0.00	
70.00	351.00	572.00	0.00	2693.00	220501.00	1.00	45.90	0.49	3640.00	220501.00	81.88	26.00	255.00	29.12	848.08	7.05	0.00	81.88	0.00	0.00	0.00	1.06	2693.00	23.81	0.00	0.00	0.00	0.00	0.00	0.00	0.00	
71.00	1380.00	612.00	0.00	2614.00	218363.00	1.00	46.38	-0.33	3224.00	218363.00	83.54	27.00	255.00	29.82	889.49	6.43	0.00	83.54	0.00	0.00	0.00	1.08	2614.00	23.11	0.01	0.00	0.00	0.00	0.00	0.00	0.00	
72.00	614.00	440.00	0.00	2611.00	220773.00	1.00	43.70	-2.24	3591.00	220773.00	84.55	21.00	255.00	30.06	903.31	6.95	0.00	84.55	0.00	0.00	0.00	1.07	2611.00	23.09	0.00	0.00	0.00	0.00	0.00	0.00	0.00	
73.00	1116.00	321.00	0.00	2581.00	258471.00	1.00	46.88	-1.36	3472.00	258471.00	100.14	26.00	255.00	33.71	1136.35	8.76	0.00	100.14	0.00	0.00	0.00	1.05	2581.00	22.82	0.01	0.00	0.00	0.00	0.00	0.00	0.00	
74.00	1479.00	477.00	0.00	2559.00	217894.00	1.00	41.69	-0.92	3819.00	217894.00	85.15	29.00	255.00	32.92	1083.87	6.85	0.00	85.15	0.00	0.00	0.00	1.12	2559.00	22.63	0.01	0.00	0.00	0.00	0.00	0.00	0.00	
75.00	1326.00	312.00	0.00	2548.00	175765.00	1.00	41.07	-0.51	4368.00	175765.00	68.98	25.00	203.00	30.31	918.92	5.59	0.00	68.98	0.00	0.00	0.00	1.16	2548.00	22.53	0.00	0.00	0.00	0.00	0.00	0.00	0.00	
76.00	509.00	408.00	0.00	2548.00	209659.00	1.00	46.11	-2.24	3420.00	209659.00	82.28	30.00	255.00	30.67	940.69	6.78	0.00	82.28	0.00	0.00	0.00	1.03	2548.00	22.53	0.00	0.00	0.00	0.00	0.00	0.00	0.00	
77.00	245.00	410.00	0.00	2528.00	227567.00	1.00	44.89	-2.20	3245.00	227567.00	90.02	27.00	255.00	33.28	1107.44	7.21	0.00	90.02	0.00	0.00	0.00	1.04	2528.00	22.35	0.00	0.00	0.00	0.00	0.00	0.00	0.00	
79.00	807.00	356.00	0.00	2503.00	174380.00	1.00	46.36	-1.97	3596.00	174380.00	69.67	27.00	188.00	18.66	348.03	4.81	0.00	69.67	0.00	0.00	0.00	1.01	2503.00	22.13	0.01	0.00	0.00	0.00	0.00	0.00	0.00	
80.00	1059.00	121.00	0.00	2500.00	164183.00	1.00	37.75	-0.97	4118.00	164183.00	65.67	23.00	238.00	28.28	799.54	6.21	0.00	65.67	0.00	0.00	0.00	1.19	2500.00	22.11	0.00	0.00	0.00	0.00	0.00	0.00	0.00	
81.00	83.00	577.00	0.00	2496.00	184644.00	1.00	39.93	-2.16	3410.00	184644.00	73.98	25.00	197.00	23.64	558.75	6.75	0.00	73.98	0.00	0.00	0.00	1.11	2496.00	22.07	0.00	0.00	0.00	0.00	0.00	0.00	0.00	
82.00	682.00	15.00	0.00	2432.00	178690.00	1.00	32.16	-1.54	3034.00	178690.00	73.47	24.00	255.00	35.58	1266.19	7.24	0.00	73.47	0.00	0.00	0.00	1.21	2432.00	21.50	0.00	0.00	0.00	0.00	0.00	0.00	0.00	
83.00	799.00	219.00	0.00	2432.00	224371.00	1.00	45.14	-1.49	3074.00	224371.00	92.26	25.00	255.00	29.60	876.11	7.56	0.00	92.26	0.00	0.00	0.00	1.02	2432.00	21.50	0.01	0.00	0.00	0.00	0.00	0.00	0.00	
84.00	536.00	464.00	0.00	2421.00	198539.00	1.00	43.81	0.55	3186.00	198539.00	82.01	29.00	255.00	31.64	1001.07	7.27	0.00	82.01	0.00	0.00	0.00	1.02	2421.00	21.41	0.00	0.00	0.00	0.00	0.00	0.00	0.00	
85.00	1520.00	360.00	0.00	2418.00	206149.00	1.00	41.15	-1.43	3008.00	206149.00	85.26	28.00	255.00	31.92	1018.74	7.69	0.00	85.26	0.00	0.00	0.00	1.03	2418.00	21.38	0.00	0.00	0.00	0.00	0.00	0.00	0.00	
86.00	465.00	321.00	0.00	2407.00	195230.00	1.00	36.51	-1.68	3285.00	195230.00	81.11	30.00	255.00	31.49	991.78	7.51	0.00	81.11	0.00	0.00	0.00	1.11	2407.00	21.28	0.01	0.00	0.00	0.00	0.00	0.00	0.00	
87.00	739.00	895.00	0.00	2380.00	197818.00	1.00	43.38	-0.66	3960.00	197818.00	83.12	28.00	255.00	45.35	2056.46	7.89	0.00	83.12	0.00	0.00	0.00	1.05	2380.00	21.04	0.02	0.00	0.00	0.00	0.00	0.00	0.00	
88.00	1580.00	231.00	0.00	2352.00	182560.00	1.00	44.51	-0.98	3190.00	182560.00	77.62	30.00	242.00	26.83	719.71	7.05	0.00	77.62	0.00	0.00	0.00	1.01	2352.00	20.80	0.00	0.00	0.00	0.00	0.00	0.00	0.00	
89.00	99.00	452.00	0.00	2311.00	154609.00	1.00	40.47	-2.17	2912.00	154609.00	66.90	25.00	255.00	27.89	777.78	5.71	0.00	66.90	0.00	0.00	0.00	1.06	2311.00	20.43	0.01	0.00	0.00	0.00	0.00	0.00	0.00	
90.00	339.00	213.00	0.00	2262.00	174555.00	1.00	42.67	-1.79	3009.00	174555.00	77.17	25.00	239.00	25.76	663.69	7.01	0.00	77.17	0.00	0.00	0.00	1.00	2262.00	20.00	0.00	0.00	0.00	0.00	0.00	0.00	0.00	
91.00	672.00	992.00	0.00	2190.00	163897.00	1.00	35.88	-2.33	4550.00	163897.00	74.84	28.00	255.00	32.90	1082.43	9.20	0.00	74.84	0.00	0.00	0.00	1.23	2190.00	19.36	0.00	0.00	0.00	0.00	0.00	0.00	0.00	
92.00	620.00	256.00	0.00	2166.00	96368.00	1.00	42.57	0.38	3162.00	96368.00	44.49	25.00	116.00	9.28	86.06	4.10	0.00	44.49	0.00	0.00	0.00	1.01	2166.00	19.15	0.00	0.00	0.00	0.00	0.00	0.00	0.00	
93.00	867.00	116.00	0.00	2150.00	173881.00	1.00	35.93	-0.87	3721.00	173881.00	80.87	23.00	236.00	29.17	850.90	5.82	0.00	80.87	0.00	0.00	0.00	1.15	2150.00	19.01	0.03	0.00	0.00	0.00	0.00	0.00	0.00	
94.00	382.00	158.00	0.00	2114.00	180169.00	1.00	40.02	-2.15	3074.00	180169.00	85.23	26.00	255.00	27.43	752.42	7.12	0.00	85.23	0.00	0.00	0.00	1.01	2114.00	18.69	0.01	0.00	0.00	0.00	0.00	0.00	0.00	
95.00	220.00	250.00	0.00	2113.00	170849.00	1.00	40.36	-2.05	2700.00	170849.00	80.86	27.00	246.00	26.83	719.81	7.88	0.00	80.86	0.00	0.00	0.00	1.00	2113.00	18.68	0.00	0.00	0.00	0.00	0.00	0.00	0.00	
96.00	988.00	112.00	0.00	2111.00	167497.00	1.00	37.89	-1.92	3224.00	167497.00	79.34	27.00	236.00	34.52	1191.57	7.74	0.00	79.34	0.00	0.00	0.00	1.11	2111.00	18.67	0.00	0.00	0.00	0.00	0.00	0.00	0.00	
97.00	773.00	177.00	0.00	2089.00	187835.00	1.00	39.14	-1.74	2655.00	187835.00	89.92	24.00	255.00	32.62	1064.31	8.23	0.00	89.92	0.00	0.00	0.00	1.00	2089.00	18.47	0.01	0.00	0.00	0.00	0.00	0.00	0.00	
98.00	393.00	276.00	0.00	2019.00	138271.00	1.00	35.45	-1.78	2709.00	138271.00	68.48	25.00	172.00	19.57	382.92	5.15	0.00	68.48	0.00	0.00	0.00	1.02	2019.00	17.85	0.01	0.00	0.00	0.00	0.00	0.00	0.00	
99.00	436.00	192.00	0.00	1979.00	164703.00	1.00	40.62	-1.57	2688.00	164703.00	83.23	29.00	240.00	29.44	866.78	7.31	0.00	83.23	0.00	0.00	0.00	0.96	1979.00	17.50	0.01	0.00	0.00	0.00	0.00	0.00	0.00	
100.00	1440.00	258.00	0.00	1979.00	159380.00	1.00	37.79	-1.16	2622.00	159380.00	80.54	22.00	242.00	28.08	788.33	7.60	0.00	80.54	0.00	0.00	0.00	1.00	1979.00	17.50	0.00	0.00	0.00	0.00	0.00	0.00	0.00	
101.00	814.00	95.00	0.00	1974.00	174228.00	1.00	37.34	-1.55	2408.00	174228.00	88.26	27.00	255.00	28.00	784.22	7.78	0.00	88.26	0.00	0.00	0.00	1.01	1974.00	17.45	0.02	0.00	0.00	0.00	0.00	0.00	0.00	
102.00	731.00	81.00	0.00	1944.00	139359.00	1.00	30.72	-2.25	4080.00	139359.00	71.69	23.00	226.00	26.58	706.40	6.88	0.00	71.69	0.00	0.00	0.00	1.31	1944.00	17.19	0.03	0.00	0.00	0.00	0.00	0.00	0.00	
103.00	339.00	143.00	0.00	1944.00	151621.00	1.00	38.67	-2.31	3120.00	151621.00	77.99	25.00	255.00	27.42	751.87	6.57	0.00	77.99	0.00	0.00	0.00	1.01	1944.00	17.19	0.01	0.00	0.00	0.00	0.00	0.00	0.00	
104.00	689.00	63.00	0.00	1939.00	151822.00	1.00	36.08	-1.20	3185.00	151822.00	78.30	25.00	255.00	33.29	1108.53	8.37	0.00	78.30	0.00	0.00	0.00	1.02	1939.00	17.15	0.01	0.00	0.00	0.00	0.00	0.00	0.00	
105.00	622.00	126.00	0.00	1873.00	153538.00	1.00	37.95	-1.70	2332.00	153538.00	81.97	26.00	255.00	29.10	846.87	7.50	0.00	81.97	0.00	0.00	0.00	0.95	1873.00	16.56	0.00	0.00	0.00	0.00	0.00	0.00	0.00	
106.00	1435.00	176.00	0.00	1837.00	150746.00	1.00	36.17	-1.44	2596.00	150746.00	82.06	30.00	255.00	34.78	1209.73	8.98	0.00	82.06	0.00	0.00	0.00	0.97	1837.00	16.24	0.00	0.00	0.00	0.00	0.00	0.00	0.00	
107.00	729.00	145.00	0.00	1803.00	88565.00	1.00	35.87	-1.56	3572.00	88565.00	49.12	27.00	131.00	12.08	145.93	4.40	0.00	49.12	0.00	0.00	0.00	1.05	1803.00	15.94	0.01	0.00	0.00	0.00	0.00	0.00	0.00	
108.00	1062.00	20.00	0.00	1774.00	150441.00	1.00	40.99	-1.30	2704.00	150441.00	84.80	25.00	255.00	37.68	1420.04	9.49	0.00	84.80	0.00	0.00	0.00	0.95	1774.00	15.69	0.00	0.00	0.00	0.00	0.00	0.00	0.00	
109.00	403.00	333.00	0.00	1767.00	82221.00	1.00	29.88	-2.27	3024.00	82221.00	46.53	27.00	119.00	8.70	75.66	3.47	0.00	46.53	0.00	0.00	0.00	1.18	1767.00	15.62	0.03	0.00	0.00	0.00	0.00	0.00	0.00	
110.00	1453.00	556.00	0.00	1757.00	71231.00	1.00	36.47	-1.96	2542.00	71231.00	40.54	19.00	98.00	9.59	92.03	5.55	0.00	40.54	0.00	0.00	0.00	1.02	1757.00	15.54	0.02	0.00	0.00	0.00	0.00	0.00	0.00	
111.00	600.00	193.00	0.00	1740.00	124890.00	1.00	36.00	-2.02	2184.00	124890.00	71.78	30.00	255.00	24.15	583.03	6.81	0.00	71.78	0.00	0.00	0.00	0.98	1740.00	15.39	0.00	0.00	0.00	0.00	0.00	0.00	0.00	
112.00	1264.00	301.00	0.00	1730.00	78380.00	1.00	34.90	0.18	2268.00	78380.00	45.31	17.00	122.00	9.86	97.14	4.19	0.00	45.31	0.00	0.00	0.00	0.98	1730.00	15.30	0.01	0.00	0.00	0.00	0.00	0.00	0.00	
113.00	360.00	52.00	0.00	1717.00	134910.00	1.00	35.28	-1.80	2160.00	134910.00	78.57	27.00	244.00	29.37	862.69	7.81	0.00	78.57	0.00	0.00	0.00	0.95	1717.00	15.18	0.00	0.00	0.00	0.00	0.00	0.00	0.00	
114.00	1305.00	227.00	0.00	1717.00	124374.00	1.00	38.59	-1.24	2208.00	124374.00	72.44	20.00	255.00	26.38	695.65	6.59	0.00	72.44	0.00	0.00	0.00	0.96	1717.00	15.18	0.01	0.00	0.00	0.00	0.00	0.00	0.00	
115.00	1132.00	34.00	0.00	1714.00	141461.00	1.00	37.91	-1.36	2650.00	141461.00	82.53	25.00	234.00	28.20	795.01	7.35	0.00	82.53	0.00	0.00	0.00	0.99	1714.00	15.16	0.02	0.00	0.00	0.00	0.00	0.00	0.00	
116.00	233.00	53.00	0.00	1684.00	114225.00	1.00	33.55	-1.62	2184.00	114225.00	67.83	30.00	199.00	19.83	393.42	6.65	0.00	67.83	0.00	0.00	0.00	0.95	1684.00	14.89	0.00	0.00	0.00	0.00	0.00	0.00	0.00	
117.00	1100.00	75.00	0.00	1657.00	131431.00	1.00	34.86	-1.62	2173.00	131431.00	79.32	29.00	255.00	28.51	812.63	7.97	0.00	79.32	0.00	0.00	0.00	0.92	1657.00	14.65	0.00	0.00	0.00	0.00	0.00	0.00	0.00	
118.00	205.00	127.00	0.00	1631.00	119511.00	1.00	35.73	-1.96	2100.00	119511.00	73.27	25.00	255.00	30.62	937.50	7.92	0.00	73.27	0.00	0.00	0.00	0.97	1631.00	14.42	0.00	0.00	0.00	0.00	0.00	0.00	0.00	
119.00	1167.00	63.00	0.00	1629.00	74219.00	1.00	35.95	-1.98	2236.00	74219.00	45.56	30.00	80.00	8.44	71.27	2.72	0.00	45.56	0.00	0.00	0.00	0.93	1629.00	14.40	0.01	0.00	0.00	0.00	0.00	0.00	0.00	
120.00	1291.00	38.00	0.00	1582.00	120232.00	1.00	35.87	-1.32	2009.00	120232.00	76.00	26.00	255.00	29.51	870.87	7.73	0.00	76.00	0.00	0.00	0.00	0.93	1582.00	13.99	0.00	0.00	0.00	0.00	0.00	0.00	0.00	
121.00	1197.00	661.00	0.00	1530.00	68951.00	1.00	32.79	0.56	2832.00	68951.00	45.07	22.00	119.00	10.81	116.88	6.39	0.00	45.07	0.00	0.00	0.00	1.06	1530.00	13.53	0.01	0.00	0.00	0.00	0.00	0.00	0.00	
122.00	254.00	196.00	0.00	1528.00	89439.00	1.00	41.09	-1.70	2340.00	89439.00	58.53	29.00	156.00	17.73	314.51	6.00	0.00	58.53	0.00	0.00	0.00	1.04	1528.00	13.51	0.00	0.00	0.00	0.00	0.00	0.00	0.00	
123.00	301.00	94.00	0.00	1515.00	106259.00	1.00	34.54	-2.01	2009.00	106259.00	70.14	28.00	255.00	29.25	855.59	8.76	0.00	70.14	0.00	0.00	0.00	0.98	1515.00	13.40	0.00	0.00	0.00	0.00	0.00	0.00	0.00	
124.00	420.00	555.00	0.00	1489.00	104944.00	1.00	27.56	0.61	2784.00	104944.00	70.48	29.00	213.00	26.52	703.36	5.67	0.00	70.48	0.00	0.00	0.00	1.17	1489.00	13.17	0.03	0.00	0.00	0.00	0.00	0.00	0.00	
125.00	397.00	547.00	0.00	1464.00	84436.00	1.00	26.24	0.59	2610.00	84436.00	57.67	23.00	110.00	11.44	130.87	3.51	0.00	57.67	0.00	0.00	0.00	1.15	1464.00	12.94	0.04	0.00	0.00	0.00	0.00	0.00	0.00	
126.00	908.00	141.00	0.00	1389.00	59811.00	1.00	34.84	-2.23	2548.00	59811.00	43.06	23.00	158.00	15.38	236.51	5.82	0.00	43.06	0.00	0.00	0.00	0.93	1389.00	12.28	0.02	0.00	0.00	0.00	0.00	0.00	0.00	
127.00	819.00	28.00	0.00	1327.00	58897.00	1.00	34.19	-1.18	1886.00	58897.00	44.38	20.00	98.00	9.37	87.86	4.86	0.00	44.38	0.00	0.00	0.00	0.92	1327.00	11.73	0.01	0.00	0.00	0.00	0.00	0.00	0.00	
128.00	1196.00	150.00	0.00	1234.00	49030.00	1.00	28.96	-2.06	1927.00	49030.00	39.73	19.00	113.00	9.46	89.54	4.32	0.00	39.73	0.00	0.00	0.00	0.95	1234.00	10.91	0.00	0.00	0.00	0.00	0.00	0.00	0.00	
129.00	956.00	307.00	0.00	1184.00	79661.00	1.00	32.78	0.62	1892.00	79661.00	67.28	23.00	255.00	33.43	1117.72	11.13	0.00	67.28	0.00	0.00	0.00	0.94	1184.00	10.47	0.00	0.00	0.00	0.00	0.00	0.00	0.00	
130.00	833.00	152.00	0.00	1119.00	114970.00	1.00	28.51	-0.31	1620.00	114970.00	102.74	31.00	250.00	26.21	687.11	6.42	0.00	102.74	0.00	0.00	0.00	0.93	1119.00	9.89	0.06	0.00	0.00	0.00	0.00	0.00	0.00	
131.00	601.00	492.00	0.00	1059.00	37478.00	1.00	25.33	-0.62	2040.00	37478.00	35.39	25.00	82.00	5.42	29.33	3.39	0.00	35.39	0.00	0.00	0.00	1.05	1059.00	9.36	0.01	0.00	0.00	0.00	0.00	0.00	0.00	
132.00	528.00	81.00	0.00	1055.00	72725.00	1.00	28.53	-0.88	1720.00	72725.00	68.93	24.00	233.00	22.56	508.86	7.63	0.00	68.93	0.00	0.00	0.00	0.88	1055.00	9.33	0.02	0.00	0.00	0.00	0.00	0.00	0.00	
133.00	1113.00	688.00	0.00	1024.00	50968.00	1.00	21.29	0.36	1728.00	50968.00	49.77	29.00	91.00	12.62	159.21	4.35	0.00	49.77	0.00	0.00	0.00	1.04	1024.00	9.05	0.00	0.00	0.00	0.00	0.00	0.00	0.00	
134.00	807.00	153.00	0.00	1005.00	86665.00	1.00	26.55	-0.32	1452.00	86665.00	86.23	29.00	220.00	22.76	517.86	7.04	0.00	86.23	0.00	0.00	0.00	0.89	1005.00	8.89	0.04	0.00	0.00	0.00	0.00	0.00	0.00	
135.00	1110.00	10.00	0.00	952.00	77265.00	1.00	24.87	-1.60	1508.00	77265.00	81.16	19.00	255.00	40.81	1665.68	12.21	0.00	81.16	0.00	0.00	0.00	1.00	952.00	8.42	0.02	0.00	0.00	0.00	0.00	0.00	0.00	
136.00	322.00	366.00	0.00	896.00	33736.00	1.00	27.24	-1.18	1665.00	33736.00	37.65	18.00	107.00	10.45	109.12	4.51	0.00	37.65	0.00	0.00	0.00	0.85	896.00	7.92	0.00	0.00	0.00	0.00	0.00	0.00	0.00	
138.00	1105.00	152.00	0.00	770.00	28962.00	1.00	30.14	-0.04	2193.00	28962.00	37.61	26.00	54.00	5.15	26.50	4.28	0.00	37.61	0.00	0.00	0.00	1.04	770.00	6.81	0.01	0.00	0.00	0.00	0.00	0.00	0.00	
139.00	833.00	409.00	0.00	755.00	29555.00	1.00	25.87	-0.18	1768.00	29555.00	39.15	23.00	72.00	7.36	54.16	4.59	0.00	39.15	0.00	0.00	0.00	1.09	755.00	6.68	0.02	0.00	0.00	0.00	0.00	0.00	0.00	
140.00	854.00	171.00	0.00	686.00	62899.00	1.00	18.27	-2.24	1320.00	62899.00	91.69	27.00	206.00	24.30	590.68	7.15	0.00	91.69	0.00	0.00	0.00	0.96	686.00	6.07	0.07	0.00	0.00	0.00	0.00	0.00	0.00	
141.00	204.00	596.00	0.00	680.00	25039.00	1.00	17.24	0.51	1440.00	25039.00	36.82	23.00	116.00	12.14	147.37	4.89	0.00	36.82	0.00	0.00	0.00	1.08	680.00	6.01	0.00	0.00	0.00	0.00	0.00	0.00	0.00	
142.00	847.00	135.00	0.00	676.00	66467.00	1.00	15.34	-0.76	1480.00	66467.00	98.32	28.00	235.00	22.99	528.41	6.01	0.00	98.32	0.00	0.00	0.00	1.14	676.00	5.98	0.08	0.00	0.00	0.00	0.00	0.00	0.00	
143.00	1226.00	6.00	0.00	675.00	61452.00	1.00	16.06	-1.55	900.00	61452.00	91.04	30.00	205.00	29.84	890.29	10.40	0.00	91.04	0.00	0.00	0.00	0.95	675.00	5.97	0.00	0.00	0.00	0.00	0.00	0.00	0.00	
144.00	211.00	161.00	0.00	653.00	25007.00	1.00	22.82	-1.47	1170.00	25007.00	38.30	24.00	59.00	6.01	36.16	3.96	0.00	38.30	0.00	0.00	0.00	0.80	653.00	5.77	0.00	0.00	0.00	0.00	0.00	0.00	0.00	
145.00	1481.00	572.00	0.00	648.00	30281.00	1.00	15.93	0.27	1034.00	30281.00	46.73	30.00	64.00	5.58	31.18	2.77	0.00	46.73	0.00	0.00	0.00	0.93	648.00	5.73	0.08	0.00	0.00	0.00	0.00	0.00	0.00	
146.00	306.00	392.00	0.00	587.00	20514.00	1.00	20.06	-1.13	1258.00	20514.00	34.95	28.00	47.00	3.88	15.04	2.70	0.00	34.95	0.00	0.00	0.00	1.00	587.00	5.19	0.00	0.00	0.00	0.00	0.00	0.00	0.00	
147.00	1308.00	7.00	0.00	575.00	39762.00	1.00	18.73	-1.65	980.00	39762.00	69.15	25.00	255.00	39.82	1585.96	11.79	0.00	69.15	0.00	0.00	0.00	0.92	575.00	5.08	0.01	0.00	0.00	0.00	0.00	0.00	0.00	
148.00	571.00	489.00	0.00	560.00	21561.00	1.00	18.17	0.60	858.00	21561.00	38.50	26.00	51.00	4.13	17.09	2.61	0.00	38.50	0.00	0.00	0.00	0.84	560.00	4.95	0.04	0.00	0.00	0.00	0.00	0.00	0.00	
149.00	546.00	70.00	0.00	537.00	38139.00	1.00	15.77	-0.77	992.00	38139.00	71.02	31.00	94.00	12.44	154.65	4.46	0.00	71.02	0.00	0.00	0.00	0.92	537.00	4.75	0.07	0.00	0.00	0.00	0.00	0.00	0.00	
150.00	981.00	281.00	0.00	462.00	16476.00	1.00	15.95	-0.57	725.00	16476.00	35.66	26.00	51.00	4.23	17.90	2.56	0.00	35.66	0.00	0.00	0.00	0.80	462.00	4.09	0.02	0.00	0.00	0.00	0.00	0.00	0.00	
151.00	1046.00	515.00	0.00	428.00	18680.00	1.00	12.29	-0.02	645.00	18680.00	43.64	25.00	63.00	6.28	39.44	4.50	0.00	43.64	0.00	0.00	0.00	0.85	428.00	3.78	0.05	0.00	0.00	0.00	0.00	0.00	0.00	
152.00	982.00	327.00	0.00	368.00	14337.00	1.00	13.12	-1.99	589.00	14337.00	38.96	24.00	52.00	5.99	35.94	3.71	0.00	38.96	0.00	0.00	0.00	0.79	368.00	3.25	0.04	0.00	0.00	0.00	0.00	0.00	0.00	
153.00	921.00	822.00	0.00	342.00	12695.00	1.00	10.88	-0.48	805.00	12695.00	37.12	25.00	48.00	4.84	23.39	3.20	0.00	37.12	0.00	0.00	0.00	0.96	342.00	3.02	0.00	0.00	0.00	0.00	0.00	0.00	0.00	
154.00	986.00	173.00	0.00	322.00	11222.00	1.00	11.70	-2.26	850.00	11222.00	34.85	26.00	46.00	3.85	14.82	3.35	0.00	34.85	0.00	0.00	0.00	1.01	322.00	2.85	0.00	0.00	0.00	0.00	0.00	0.00	0.00	
155.00	175.00	413.00	0.00	290.00	10002.00	1.00	12.57	-1.37	375.00	10002.00	34.49	29.00	42.00	2.79	7.79	1.84	0.00	34.49	0.00	0.00	0.00	0.69	290.00	2.56	0.02	0.00	0.00	0.00	0.00	0.00	0.00	
156.00	762.00	238.00	0.00	284.00	10274.00	1.00	11.54	-0.53	560.00	10274.00	36.18	26.00	48.00	4.47	19.98	3.16	0.00	36.18	0.00	0.00	0.00	0.86	284.00	2.51	0.00	0.00	0.00	0.00	0.00	0.00	0.00	
157.00	1138.00	168.00	0.00	276.00	9347.00	1.00	12.93	-2.24	399.00	9347.00	33.87	26.00	45.00	3.33	11.06	2.63	0.00	33.87	0.00	0.00	0.00	0.70	276.00	2.44	0.00	0.00	0.00	0.00	0.00	0.00	0.00	
158.00	870.00	5.00	0.00	270.00	21050.00	1.00	14.38	-1.25	630.00	21050.00	77.96	27.00	255.00	59.96	3595.36	21.32	0.00	77.96	0.00	0.00	0.00	0.84	270.00	2.39	0.00	0.00	0.00	0.00	0.00	0.00	0.00	
160.00	327.00	265.00	0.00	257.00	9122.00	1.00	12.96	-0.62	340.00	9122.00	35.49	28.00	46.00	3.08	9.46	2.67	0.00	35.49	0.00	0.00	0.00	0.66	257.00	2.27	0.00	0.00	0.00	0.00	0.00	0.00	0.00	
161.00	673.00	253.00	0.00	252.00	9699.00	1.00	12.87	-1.51	576.00	9699.00	38.49	25.00	103.00	12.60	158.78	7.06	0.00	38.49	0.00	0.00	0.00	0.78	252.00	2.23	0.01	0.00	0.00	0.00	0.00	0.00	0.00	
162.00	382.00	323.00	0.00	247.00	10685.00	0.99	9.09	0.55	532.00	10685.00	43.26	30.00	62.00	5.19	26.93	4.22	0.00	43.26	0.00	0.00	0.00	0.89	247.00	2.18	0.08	0.00	0.00	0.00	0.00	0.00	0.00	
164.00	831.00	427.00	0.00	190.00	7624.00	1.00	10.05	-0.95	285.00	7624.00	40.13	30.00	50.00	3.13	9.79	3.24	0.00	40.13	0.00	0.00	0.00	0.67	190.00	1.68	0.08	0.00	0.00	0.00	0.00	0.00	0.00	
166.00	407.00	306.00	0.00	175.00	8018.00	0.99	6.11	-1.82	300.00	8018.00	45.82	30.00	60.00	6.31	39.87	5.29	0.00	45.82	0.00	0.00	0.00	0.84	175.00	1.55	0.09	0.00	0.00	0.00	0.00	0.00	0.00	
167.00	396.00	317.00	0.00	174.00	7517.00	1.00	11.30	-2.05	195.00	7517.00	43.20	35.00	52.00	4.58	20.96	2.14	0.00	43.20	0.00	0.00	0.00	0.57	174.00	1.54	0.14	0.00	0.00	0.00	0.00	0.00	0.00	
168.00	193.00	408.00	0.00	164.00	5188.00	0.99	8.64	0.53	286.00	5188.00	31.63	29.00	36.00	1.74	3.02	1.19	0.00	31.63	0.00	0.00	0.00	0.71	164.00	1.45	0.07	0.00	0.00	0.00	0.00	0.00	0.00	
170.00	204.00	401.00	0.00	156.00	5195.00	0.99	9.20	0.47	280.00	5195.00	33.30	29.00	38.00	2.36	5.59	1.70	0.00	33.30	0.00	0.00	0.00	0.71	156.00	1.38	0.05	0.00	0.00	0.00	0.00	0.00	0.00	
171.00	521.00	333.00	0.00	150.00	4785.00	0.99	8.57	0.09	190.00	4785.00	31.90	27.00	35.00	1.38	1.90	1.52	0.00	31.90	0.00	0.00	0.00	0.57	150.00	1.33	0.00	0.00	0.00	0.00	0.00	0.00	0.00	
172.00	1213.00	114.00	0.00	148.00	4752.00	1.00	10.86	-1.72	216.00	4752.00	32.11	26.00	38.00	2.37	5.63	2.12	0.00	32.11	0.00	0.00	0.00	0.61	148.00	1.31	0.00	0.00	0.00	0.00	0.00	0.00	0.00	
174.00	1120.00	168.00	0.00	117.00	7220.00	0.98	4.85	0.24	234.00	7220.00	61.71	30.00	136.00	25.09	629.33	22.09	0.00	61.71	0.00	0.00	0.00	0.80	117.00	1.03	0.00	0.00	0.00	0.00	0.00	0.00	0.00	
175.00	654.00	241.00	0.00	116.00	3882.00	0.99	6.00	-0.06	154.00	3882.00	33.47	29.00	40.00	2.65	7.02	3.04	0.00	33.47	0.00	0.00	0.00	0.63	116.00	1.03	0.01	0.00	0.00	0.00	0.00	0.00	0.00	
176.00	1182.00	123.00	0.00	111.00	3694.00	0.99	6.48	-1.98	276.00	3694.00	33.28	28.00	40.00	2.46	6.08	2.91	0.00	33.28	0.00	0.00	0.00	0.81	111.00	0.98	0.00	0.00	0.00	0.00	0.00	0.00	0.00	
177.00	648.00	181.00	0.00	106.00	3810.00	0.99	6.05	0.50	322.00	3810.00	35.94	29.00	53.00	4.66	21.75	5.57	0.00	35.94	0.00	0.00	0.00	0.79	106.00	0.94	0.00	0.00	0.00	0.00	0.00	0.00	0.00	
178.00	670.00	150.00	0.00	102.00	3721.00	0.98	5.50	0.30	171.00	3721.00	36.48	30.00	43.00	3.44	11.84	4.03	0.00	36.48	0.00	0.00	0.00	0.68	102.00	0.90	0.00	0.00	0.00	0.00	0.00	0.00	0.00	
179.00	85.00	340.00	0.00	99.00	11746.00	0.99	5.90	-1.24	253.00	11746.00	118.65	30.00	255.00	87.88	7722.86	50.67	0.00	118.65	0.00	0.00	0.00	0.71	99.00	0.88	0.00	0.00	0.00	0.00	0.00	0.00	0.00	
180.00	1084.00	331.00	0.00	96.00	6942.00	0.99	6.00	-0.60	176.00	6942.00	72.31	31.00	122.00	25.03	626.62	13.63	0.00	72.31	0.00	0.00	0.00	0.66	96.00	0.85	0.11	0.00	0.00	0.00	0.00	0.00	0.00	
182.00	763.00	57.00	0.00	77.00	3218.00	0.99	7.01	-1.26	88.00	3218.00	41.79	32.00	50.00	4.43	19.67	2.78	0.00	41.79	0.00	0.00	0.00	0.46	77.00	0.68	0.20	0.00	0.00	0.00	0.00	0.00	0.00	
183.00	224.00	183.00	0.00	74.00	3678.00	0.99	8.56	0.39	168.00	3678.00	49.70	26.00	99.00	18.02	324.57	16.94	0.00	49.70	0.00	0.00	0.00	0.59	74.00	0.65	0.01	0.00	0.00	0.00	0.00	0.00	0.00	
