ID	centroid_x	centroid_y	centroid_z	volume	integrated_intensity	eccentricity	elongation	orientation	bounding_box_volume	sum	mean	minimum	maximum	sigma	variance	surface_gradient	interior_gradient	surface_intensity	interior_intensity	intensity_ratio	convexity	radius_variation	surface_area	shape	shared_boundary	t_energy	t_entropy	inverse_diff_moment	inertia	cluster_shade	cluster_prominence	
193.00	1083.00	333.00	0.00	81.00	1955.00	0.99	5.84	-0.58	130.00	1955.00	24.14	16.00	43.00	5.97	35.59	5.35	0.00	24.14	0.00	0.00	0.00	0.58	81.00	0.72	0.04	0.00	0.00	0.00	0.00	0.00	0.00	
194.00	354.00	296.00	0.00	80.00	7490.00	0.98	5.43	-0.14	112.00	7490.00	93.63	15.00	255.00	78.76	6203.20	49.81	0.00	93.63	0.00	0.00	0.00	0.59	80.00	0.71	0.00	0.00	0.00	0.00	0.00	0.00	0.00	
1.00	812.00	190.00	0.00	8876.00	506245.00	1.00	67.09	-1.98	15134.00	506245.00	57.04	8.00	255.00	30.98	959.81	4.56	0.00	57.04	0.00	0.00	0.00	1.85	8876.00	78.48	0.01	0.00	0.00	0.00	0.00	0.00	0.00	
2.00	669.00	304.00	0.00	7637.00	436226.00	1.00	67.97	0.20	11837.00	436226.00	57.12	9.00	222.00	35.07	1230.05	4.36	0.00	57.12	0.00	0.00	0.00	1.49	7637.00	67.53	0.01	0.00	0.00	0.00	0.00	0.00	0.00	
3.00	947.00	136.00	0.00	7205.00	343772.00	1.00	73.04	-1.30	13029.00	343772.00	47.71	6.00	216.00	28.59	817.55	5.21	0.00	47.71	0.00	0.00	0.00	1.58	7205.00	63.71	0.01	0.00	0.00	0.00	0.00	0.00	0.00	
197.00	203.00	397.00	0.00	78.00	1583.00	0.98	5.12	0.10	133.00	1583.00	20.29	15.00	30.00	3.56	12.68	4.08	0.00	20.29	0.00	0.00	0.00	0.63	78.00	0.69	0.00	0.00	0.00	0.00	0.00	0.00	0.00	
5.00	1169.00	375.00	0.00	6988.00	427864.00	1.00	61.99	-1.23	11520.00	427864.00	61.23	10.00	221.00	36.34	1320.69	5.24	0.00	61.23	0.00	0.00	0.00	1.52	6988.00	61.79	0.01	0.00	0.00	0.00	0.00	0.00	0.00	
6.00	1011.00	511.00	0.00	6008.00	387478.00	1.00	55.16	-1.03	9879.00	387478.00	64.49	10.00	205.00	34.06	1160.19	6.09	0.00	64.49	0.00	0.00	0.00	1.53	6008.00	53.12	0.00	0.00	0.00	0.00	0.00	0.00	0.00	
7.00	498.00	336.00	0.00	5990.00	401766.00	1.00	70.08	0.15	7872.00	401766.00	67.07	10.00	205.00	30.28	916.63	5.11	0.00	67.07	0.00	0.00	0.00	1.33	5990.00	52.96	0.01	0.00	0.00	0.00	0.00	0.00	0.00	
8.00	1132.00	76.00	0.00	5448.00	230807.00	1.00	52.29	-1.42	9864.00	230807.00	42.37	7.00	225.00	28.84	831.59	5.00	0.00	42.37	0.00	0.00	0.00	1.60	5448.00	48.17	0.01	0.00	0.00	0.00	0.00	0.00	0.00	
202.00	784.00	445.00	0.00	74.00	1391.00	0.99	8.44	0.06	81.00	1391.00	18.80	11.00	34.00	4.99	24.93	3.90	0.00	18.80	0.00	0.00	0.00	0.45	74.00	0.65	0.07	0.00	0.00	0.00	0.00	0.00	0.00	
9.00	614.00	102.00	0.00	5438.00	268101.00	1.00	41.71	-0.61	12838.00	268101.00	49.30	12.00	255.00	18.38	337.96	3.48	0.00	49.30	0.00	0.00	0.00	1.93	5438.00	48.08	0.03	0.00	0.00	0.00	0.00	0.00	0.00	
203.00	805.00	621.00	0.00	72.00	1753.00	0.99	5.90	-2.15	140.00	1753.00	24.35	16.00	35.00	5.47	29.95	6.26	0.00	24.35	0.00	0.00	0.00	0.61	72.00	0.64	0.00	0.00	0.00	0.00	0.00	0.00	0.00	
10.00	773.00	76.00	0.00	5184.00	325152.00	1.00	61.66	-1.66	6643.00	325152.00	62.72	13.00	204.00	28.24	797.40	4.68	0.00	62.72	0.00	0.00	0.00	1.30	5184.00	45.84	0.01	0.00	0.00	0.00	0.00	0.00	0.00	
11.00	738.00	369.00	0.00	5072.00	320761.00	1.00	55.90	-0.45	7840.00	320761.00	63.24	3.00	255.00	41.37	1711.85	5.98	0.00	63.24	0.00	0.00	0.00	1.41	5072.00	44.85	0.01	0.00	0.00	0.00	0.00	0.00	0.00	
12.00	826.00	330.00	0.00	5063.00	129184.00	1.00	62.75	-0.57	8184.00	129184.00	25.52	4.00	98.00	8.35	69.65	3.37	0.00	25.52	0.00	0.00	0.00	1.34	5063.00	44.77	0.00	0.00	0.00	0.00	0.00	0.00	0.00	
13.00	1175.00	471.00	0.00	5003.00	168684.00	1.00	60.99	0.34	8888.00	168684.00	33.72	2.00	99.00	10.56	111.51	4.44	0.00	33.72	0.00	0.00	0.00	1.48	5003.00	44.24	0.02	0.00	0.00	0.00	0.00	0.00	0.00	
14.00	1279.00	81.00	0.00	4940.00	243971.00	1.00	70.29	-1.85	9240.00	243971.00	49.39	8.00	227.00	33.72	1137.09	4.64	0.00	49.39	0.00	0.00	0.00	1.36	4940.00	43.68	0.01	0.00	0.00	0.00	0.00	0.00	0.00	
15.00	581.00	362.00	0.00	4923.00	162846.00	1.00	49.59	-1.97	8816.00	162846.00	33.08	8.00	125.00	8.22	67.61	3.43	0.00	33.08	0.00	0.00	0.00	1.55	4923.00	43.53	0.01	0.00	0.00	0.00	0.00	0.00	0.00	
16.00	683.00	169.00	0.00	4910.00	147208.00	1.00	57.52	0.38	7623.00	147208.00	29.98	7.00	107.00	10.64	113.11	3.45	0.00	29.98	0.00	0.00	0.00	1.37	4910.00	43.42	0.02	0.00	0.00	0.00	0.00	0.00	0.00	
17.00	1116.00	448.00	0.00	4711.00	285859.00	1.00	57.52	-0.18	6790.00	285859.00	60.68	11.00	244.00	28.02	785.34	5.77	0.00	60.68	0.00	0.00	0.00	1.22	4711.00	41.66	0.01	0.00	0.00	0.00	0.00	0.00	0.00	
18.00	687.00	44.00	0.00	4672.00	205853.00	1.00	54.37	-0.99	8134.00	205853.00	44.06	5.00	148.00	17.69	313.03	4.44	0.00	44.06	0.00	0.00	0.00	1.31	4672.00	41.31	0.02	0.00	0.00	0.00	0.00	0.00	0.00	
19.00	1053.00	263.00	0.00	4384.00	99807.00	1.00	58.99	-0.64	9312.00	99807.00	22.77	8.00	111.00	8.09	65.44	3.12	0.00	22.77	0.00	0.00	0.00	1.32	4384.00	38.76	0.01	0.00	0.00	0.00	0.00	0.00	0.00	
20.00	1189.00	141.00	0.00	4155.00	138203.00	1.00	49.43	0.52	7722.00	138203.00	33.26	4.00	120.00	12.76	162.91	4.52	0.00	33.26	0.00	0.00	0.00	1.44	4155.00	36.74	0.02	0.00	0.00	0.00	0.00	0.00	0.00	
21.00	1124.00	219.00	0.00	4065.00	96741.00	1.00	54.63	0.06	6693.00	96741.00	23.80	7.00	115.00	8.38	70.19	3.48	0.00	23.80	0.00	0.00	0.00	1.30	4065.00	35.94	0.00	0.00	0.00	0.00	0.00	0.00	0.00	
22.00	865.00	110.00	0.00	3978.00	133153.00	1.00	48.95	0.21	5544.00	133153.00	33.47	8.00	255.00	18.14	328.89	4.68	0.00	33.47	0.00	0.00	0.00	1.36	3978.00	35.17	0.01	0.00	0.00	0.00	0.00	0.00	0.00	
23.00	1300.00	540.00	0.00	3921.00	90469.00	1.00	46.01	-0.38	6831.00	90469.00	23.07	4.00	123.00	10.24	104.80	4.27	0.00	23.07	0.00	0.00	0.00	1.44	3921.00	34.67	0.00	0.00	0.00	0.00	0.00	0.00	0.00	
24.00	575.00	124.00	0.00	3758.00	230846.00	1.00	51.45	-0.30	6003.00	230846.00	61.43	10.00	255.00	31.51	992.99	6.47	0.00	61.43	0.00	0.00	0.00	1.28	3758.00	33.23	0.02	0.00	0.00	0.00	0.00	0.00	0.00	
25.00	566.00	291.00	0.00	3696.00	234762.00	1.00	51.17	-1.62	5481.00	234762.00	63.52	11.00	232.00	32.56	1059.98	5.25	0.00	63.52	0.00	0.00	0.00	1.28	3696.00	32.68	0.02	0.00	0.00	0.00	0.00	0.00	0.00	
26.00	1213.00	206.00	0.00	3633.00	135564.00	1.00	49.30	-0.90	6612.00	135564.00	37.31	8.00	118.00	16.01	256.21	4.24	0.00	37.31	0.00	0.00	0.00	1.30	3633.00	32.12	0.01	0.00	0.00	0.00	0.00	0.00	0.00	
27.00	1293.00	216.00	0.00	3594.00	95925.00	1.00	45.26	-0.91	9720.00	95925.00	26.69	1.00	103.00	10.02	100.36	4.56	0.00	26.69	0.00	0.00	0.00	1.59	3594.00	31.78	0.00	0.00	0.00	0.00	0.00	0.00	0.00	
28.00	628.00	213.00	0.00	3572.00	86543.00	1.00	40.60	0.06	5390.00	86543.00	24.23	9.00	102.00	7.72	59.56	3.34	0.00	24.23	0.00	0.00	0.00	1.45	3572.00	31.58	0.02	0.00	0.00	0.00	0.00	0.00	0.00	
29.00	1139.00	312.00	0.00	3540.00	90036.00	1.00	58.19	-1.52	5032.00	90036.00	25.43	6.00	106.00	8.39	70.40	3.32	0.00	25.43	0.00	0.00	0.00	1.23	3540.00	31.30	0.02	0.00	0.00	0.00	0.00	0.00	0.00	
30.00	931.00	589.00	0.00	3458.00	238615.00	1.00	54.34	0.19	4672.00	238615.00	69.00	9.00	202.00	31.12	968.67	6.57	0.00	69.00	0.00	0.00	0.00	1.13	3458.00	30.58	0.01	0.00	0.00	0.00	0.00	0.00	0.00	
31.00	961.00	421.00	0.00	3371.00	99567.00	1.00	50.29	-0.55	5472.00	99567.00	29.54	6.00	134.00	10.70	114.57	4.78	0.00	29.54	0.00	0.00	0.00	1.17	3371.00	29.81	0.01	0.00	0.00	0.00	0.00	0.00	0.00	
32.00	799.00	128.00	0.00	3319.00	222153.00	1.00	48.20	-1.57	4290.00	222153.00	66.93	8.00	198.00	33.37	1113.39	6.35	0.00	66.93	0.00	0.00	0.00	1.15	3319.00	29.35	0.02	0.00	0.00	0.00	0.00	0.00	0.00	
33.00	900.00	355.00	0.00	3309.00	82099.00	1.00	49.63	-1.92	5022.00	82099.00	24.81	5.00	122.00	8.98	80.70	4.39	0.00	24.81	0.00	0.00	0.00	1.12	3309.00	29.26	0.00	0.00	0.00	0.00	0.00	0.00	0.00	
34.00	999.00	212.00	0.00	3010.00	71424.00	1.00	57.75	-1.03	5846.00	71424.00	23.73	8.00	117.00	8.53	72.69	3.61	0.00	23.73	0.00	0.00	0.00	1.21	3010.00	26.62	0.01	0.00	0.00	0.00	0.00	0.00	0.00	
35.00	822.00	451.00	0.00	2902.00	88529.00	1.00	53.48	0.28	4440.00	88529.00	30.51	7.00	154.00	11.46	131.28	5.65	0.00	30.51	0.00	0.00	0.00	1.12	2902.00	25.66	0.01	0.00	0.00	0.00	0.00	0.00	0.00	
36.00	718.00	248.00	0.00	2864.00	83793.00	1.00	48.16	-0.06	4047.00	83793.00	29.26	7.00	92.00	8.78	77.07	4.28	0.00	29.26	0.00	0.00	0.00	1.13	2864.00	25.32	0.02	0.00	0.00	0.00	0.00	0.00	0.00	
37.00	1159.00	539.00	0.00	2845.00	83856.00	1.00	48.17	-1.40	4002.00	83856.00	29.47	8.00	104.00	9.14	83.59	4.29	0.00	29.47	0.00	0.00	0.00	1.09	2845.00	25.16	0.01	0.00	0.00	0.00	0.00	0.00	0.00	
38.00	998.00	69.00	0.00	2816.00	65184.00	1.00	42.71	0.59	7008.00	65184.00	23.15	9.00	101.00	8.51	72.45	3.95	0.00	23.15	0.00	0.00	0.00	1.50	2816.00	24.90	0.00	0.00	0.00	0.00	0.00	0.00	0.00	
39.00	1071.00	387.00	0.00	2812.00	81505.00	1.00	46.55	-1.54	3850.00	81505.00	28.98	8.00	134.00	9.99	99.77	4.35	0.00	28.98	0.00	0.00	0.00	1.09	2812.00	24.86	0.00	0.00	0.00	0.00	0.00	0.00	0.00	
40.00	841.00	550.00	0.00	2764.00	65326.00	1.00	52.01	-1.22	4026.00	65326.00	23.63	8.00	120.00	8.58	73.69	4.15	0.00	23.63	0.00	0.00	0.00	1.02	2764.00	24.44	0.00	0.00	0.00	0.00	0.00	0.00	0.00	
41.00	1362.00	165.00	0.00	2717.00	62954.00	1.00	34.77	-0.62	7178.00	62954.00	23.17	11.00	255.00	20.61	424.94	4.39	0.00	23.17	0.00	0.00	0.00	1.68	2717.00	24.02	0.01	0.00	0.00	0.00	0.00	0.00	0.00	
42.00	931.00	530.00	0.00	2698.00	94836.00	1.00	46.09	-1.64	3213.00	94836.00	35.15	3.00	129.00	12.41	154.11	5.31	0.00	35.15	0.00	0.00	0.00	1.08	2698.00	23.86	0.01	0.00	0.00	0.00	0.00	0.00	0.00	
43.00	1227.00	484.00	0.00	2664.00	68474.00	1.00	49.33	-0.71	3599.00	68474.00	25.70	7.00	102.00	9.28	86.17	4.14	0.00	25.70	0.00	0.00	0.00	1.04	2664.00	23.56	0.00	0.00	0.00	0.00	0.00	0.00	0.00	
44.00	539.00	56.00	0.00	2626.00	68233.00	1.00	46.75	-0.91	4402.00	68233.00	25.98	9.00	80.00	6.98	48.79	2.59	0.00	25.98	0.00	0.00	0.00	1.14	2626.00	23.22	0.01	0.00	0.00	0.00	0.00	0.00	0.00	
45.00	1075.00	482.00	0.00	2524.00	128772.00	1.00	44.16	-0.66	3776.00	128772.00	51.02	12.00	123.00	16.42	269.55	3.78	0.00	51.02	0.00	0.00	0.00	1.06	2524.00	22.32	0.02	0.00	0.00	0.00	0.00	0.00	0.00	
46.00	787.00	262.00	0.00	2500.00	86033.00	1.00	38.52	-1.94	3626.00	86033.00	34.41	5.00	122.00	9.81	96.25	4.19	0.00	34.41	0.00	0.00	0.00	1.19	2500.00	22.11	0.01	0.00	0.00	0.00	0.00	0.00	0.00	
47.00	927.00	236.00	0.00	2459.00	52897.00	1.00	42.33	-2.01	3672.00	52897.00	21.51	10.00	95.00	6.69	44.80	3.04	0.00	21.51	0.00	0.00	0.00	1.14	2459.00	21.74	0.00	0.00	0.00	0.00	0.00	0.00	0.00	
48.00	617.00	419.00	0.00	2425.00	61720.00	1.00	44.04	-1.97	3276.00	61720.00	25.45	7.00	126.00	9.94	98.79	4.07	0.00	25.45	0.00	0.00	0.00	1.04	2425.00	21.44	0.00	0.00	0.00	0.00	0.00	0.00	0.00	
49.00	1413.00	521.00	0.00	2423.00	56302.00	1.00	47.81	-1.11	4080.00	56302.00	23.24	7.00	140.00	11.76	138.39	4.48	0.00	23.24	0.00	0.00	0.00	1.12	2423.00	21.42	0.00	0.00	0.00	0.00	0.00	0.00	0.00	
50.00	653.00	78.00	0.00	2414.00	151884.00	1.00	34.32	-1.20	3358.00	151884.00	62.92	9.00	161.00	26.18	685.40	5.12	0.00	62.92	0.00	0.00	0.00	1.21	2414.00	21.35	0.03	0.00	0.00	0.00	0.00	0.00	0.00	
51.00	1099.00	140.00	0.00	2410.00	80899.00	1.00	36.32	-1.77	4472.00	80899.00	33.57	7.00	120.00	12.79	163.51	4.59	0.00	33.57	0.00	0.00	0.00	1.22	2410.00	21.31	0.01	0.00	0.00	0.00	0.00	0.00	0.00	
52.00	1006.00	394.00	0.00	2410.00	59908.00	1.00	46.31	0.68	4402.00	59908.00	24.86	9.00	64.00	7.53	56.74	3.72	0.00	24.86	0.00	0.00	0.00	1.13	2410.00	21.31	0.01	0.00	0.00	0.00	0.00	0.00	0.00	
53.00	839.00	31.00	0.00	2319.00	65153.00	1.00	41.29	-0.45	3705.00	65153.00	28.10	9.00	115.00	10.21	104.24	4.10	0.00	28.10	0.00	0.00	0.00	1.14	2319.00	20.51	0.01	0.00	0.00	0.00	0.00	0.00	0.00	
54.00	476.00	277.00	0.00	2137.00	67444.00	1.00	39.02	-2.35	2968.00	67444.00	31.56	6.00	255.00	17.37	301.76	3.91	0.00	31.56	0.00	0.00	0.00	1.04	2137.00	18.90	0.01	0.00	0.00	0.00	0.00	0.00	0.00	
55.00	496.00	435.00	0.00	2103.00	52502.00	1.00	45.50	0.20	3304.00	52502.00	24.97	4.00	102.00	10.21	104.27	4.43	0.00	24.97	0.00	0.00	0.00	1.02	2103.00	18.60	0.00	0.00	0.00	0.00	0.00	0.00	0.00	
56.00	432.00	349.00	0.00	2101.00	52312.00	1.00	35.80	0.63	4060.00	52312.00	24.90	10.00	105.00	8.54	72.96	3.26	0.00	24.90	0.00	0.00	0.00	1.22	2101.00	18.58	0.01	0.00	0.00	0.00	0.00	0.00	0.00	
57.00	578.00	199.00	0.00	2057.00	56131.00	1.00	36.89	-1.29	3055.00	56131.00	27.29	10.00	104.00	10.06	101.19	3.24	0.00	27.29	0.00	0.00	0.00	1.15	2057.00	18.19	0.03	0.00	0.00	0.00	0.00	0.00	0.00	
58.00	532.00	535.00	0.00	2052.00	44607.00	1.00	42.37	0.73	3363.00	44607.00	21.74	6.00	102.00	8.41	70.81	3.60	0.00	21.74	0.00	0.00	0.00	1.05	2052.00	18.14	0.00	0.00	0.00	0.00	0.00	0.00	0.00	
59.00	651.00	453.00	0.00	2026.00	49207.00	1.00	41.10	-2.25	3300.00	49207.00	24.29	3.00	130.00	10.85	117.80	4.66	0.00	24.29	0.00	0.00	0.00	1.04	2026.00	17.91	0.00	0.00	0.00	0.00	0.00	0.00	0.00	
60.00	1096.00	542.00	0.00	2004.00	59082.00	1.00	40.70	-0.23	2850.00	59082.00	29.48	8.00	141.00	10.58	111.94	4.75	0.00	29.48	0.00	0.00	0.00	1.09	2004.00	17.72	0.00	0.00	0.00	0.00	0.00	0.00	0.00	
61.00	922.00	660.00	0.00	1995.00	62915.00	1.00	40.31	-0.04	3350.00	62915.00	31.54	8.00	105.00	13.03	169.89	7.11	0.00	31.54	0.00	0.00	0.00	1.16	1995.00	17.64	0.01	0.00	0.00	0.00	0.00	0.00	0.00	
62.00	1295.00	301.00	0.00	1988.00	42990.00	1.00	45.07	-1.23	3024.00	42990.00	21.62	7.00	119.00	9.56	91.43	4.18	0.00	21.62	0.00	0.00	0.00	1.01	1988.00	17.58	0.00	0.00	0.00	0.00	0.00	0.00	0.00	
63.00	791.00	722.00	0.00	1974.00	45918.00	1.00	41.57	-1.77	3245.00	45918.00	23.26	5.00	99.00	9.89	97.89	4.20	0.00	23.26	0.00	0.00	0.00	1.13	1974.00	17.45	0.00	0.00	0.00	0.00	0.00	0.00	0.00	
64.00	612.00	27.00	0.00	1971.00	78826.00	1.00	36.25	-1.92	2745.00	78826.00	39.99	11.00	118.00	11.93	142.41	4.79	0.00	39.99	0.00	0.00	0.00	1.07	1971.00	17.43	0.01	0.00	0.00	0.00	0.00	0.00	0.00	
65.00	1188.00	302.00	0.00	1970.00	41538.00	1.00	40.40	-0.99	3876.00	41538.00	21.09	9.00	57.00	4.98	24.79	2.45	0.00	21.09	0.00	0.00	0.00	1.09	1970.00	17.42	0.01	0.00	0.00	0.00	0.00	0.00	0.00	
66.00	766.00	433.00	0.00	1934.00	47030.00	1.00	37.63	-2.23	3240.00	47030.00	24.32	4.00	130.00	11.13	123.79	4.64	0.00	24.32	0.00	0.00	0.00	1.02	1934.00	17.10	0.01	0.00	0.00	0.00	0.00	0.00	0.00	
67.00	668.00	589.00	0.00	1917.00	41386.00	1.00	42.54	0.71	3248.00	41386.00	21.59	5.00	106.00	8.95	80.04	3.80	0.00	21.59	0.00	0.00	0.00	1.03	1917.00	16.95	0.00	0.00	0.00	0.00	0.00	0.00	0.00	
68.00	1302.00	133.00	0.00	1896.00	84360.00	1.00	35.98	-1.32	2610.00	84360.00	44.49	10.00	104.00	23.37	546.02	4.18	0.00	44.49	0.00	0.00	0.00	1.02	1896.00	16.76	0.03	0.00	0.00	0.00	0.00	0.00	0.00	
69.00	104.00	493.00	0.00	1879.00	39980.00	1.00	39.87	-1.95	3000.00	39980.00	21.28	5.00	106.00	9.81	96.25	3.93	0.00	21.28	0.00	0.00	0.00	1.05	1879.00	16.61	0.00	0.00	0.00	0.00	0.00	0.00	0.00	
70.00	988.00	637.00	0.00	1838.00	58248.00	1.00	33.66	0.42	3038.00	58248.00	31.69	7.00	139.00	13.61	185.13	6.30	0.00	31.69	0.00	0.00	0.00	1.11	1838.00	16.25	0.02	0.00	0.00	0.00	0.00	0.00	0.00	
71.00	1263.00	146.00	0.00	1832.00	138004.00	1.00	35.23	-0.95	3038.00	138004.00	75.33	14.00	223.00	34.02	1157.16	7.12	0.00	75.33	0.00	0.00	0.00	1.07	1832.00	16.20	0.03	0.00	0.00	0.00	0.00	0.00	0.00	
72.00	952.00	43.00	0.00	1810.00	41108.00	1.00	33.64	-1.63	2691.00	41108.00	22.71	7.00	93.00	8.58	73.55	4.24	0.00	22.71	0.00	0.00	0.00	1.16	1810.00	16.00	0.01	0.00	0.00	0.00	0.00	0.00	0.00	
73.00	560.00	240.00	0.00	1784.00	52761.00	1.00	39.36	-1.82	2385.00	52761.00	29.57	7.00	113.00	12.28	150.90	4.76	0.00	29.57	0.00	0.00	0.00	0.93	1784.00	15.77	0.01	0.00	0.00	0.00	0.00	0.00	0.00	
74.00	778.00	19.00	0.00	1781.00	142514.00	1.00	35.17	-1.96	2478.00	142514.00	80.02	14.00	229.00	34.25	1173.06	6.69	0.00	80.02	0.00	0.00	0.00	1.00	1781.00	15.75	0.01	0.00	0.00	0.00	0.00	0.00	0.00	
75.00	873.00	489.00	0.00	1779.00	47303.00	1.00	38.96	-0.11	2700.00	47303.00	26.59	6.00	100.00	11.13	123.86	5.25	0.00	26.59	0.00	0.00	0.00	0.98	1779.00	15.73	0.01	0.00	0.00	0.00	0.00	0.00	0.00	
76.00	487.00	502.00	0.00	1777.00	39823.00	1.00	38.37	-2.06	3190.00	39823.00	22.41	7.00	105.00	10.30	106.01	4.31	0.00	22.41	0.00	0.00	0.00	1.10	1777.00	15.71	0.00	0.00	0.00	0.00	0.00	0.00	0.00	
77.00	1228.00	51.00	0.00	1720.00	38383.00	1.00	35.90	-0.67	3038.00	38383.00	22.32	9.00	104.00	8.74	76.43	3.59	0.00	22.32	0.00	0.00	0.00	1.06	1720.00	15.21	0.01	0.00	0.00	0.00	0.00	0.00	0.00	
80.00	506.00	199.00	0.00	1686.00	40419.00	1.00	34.61	-2.12	2392.00	40419.00	23.97	11.00	94.00	8.82	77.85	3.28	0.00	23.97	0.00	0.00	0.00	0.98	1686.00	14.91	0.00	0.00	0.00	0.00	0.00	0.00	0.00	
81.00	706.00	102.00	0.00	1671.00	65265.00	1.00	33.35	0.60	2350.00	65265.00	39.06	9.00	255.00	24.26	588.52	5.44	0.00	39.06	0.00	0.00	0.00	1.08	1671.00	14.78	0.04	0.00	0.00	0.00	0.00	0.00	0.00	
82.00	854.00	406.00	0.00	1657.00	39573.00	1.00	35.84	-1.92	2226.00	39573.00	23.88	6.00	94.00	7.81	61.07	3.60	0.00	23.88	0.00	0.00	0.00	0.96	1657.00	14.65	0.00	0.00	0.00	0.00	0.00	0.00	0.00	
83.00	308.00	360.00	0.00	1590.00	35108.00	1.00	35.07	-0.79	2700.00	35108.00	22.08	7.00	109.00	9.93	98.66	4.14	0.00	22.08	0.00	0.00	0.00	1.05	1590.00	14.06	0.00	0.00	0.00	0.00	0.00	0.00	0.00	
84.00	431.00	255.00	0.00	1559.00	35156.00	1.00	35.25	-2.10	2548.00	35156.00	22.55	10.00	104.00	9.05	81.98	3.71	0.00	22.55	0.00	0.00	0.00	0.97	1559.00	13.78	0.00	0.00	0.00	0.00	0.00	0.00	0.00	
85.00	899.00	45.00	0.00	1546.00	33687.00	1.00	38.01	-0.44	2496.00	33687.00	21.79	9.00	62.00	6.31	39.88	2.97	0.00	21.79	0.00	0.00	0.00	0.99	1546.00	13.67	0.01	0.00	0.00	0.00	0.00	0.00	0.00	
86.00	960.00	632.00	0.00	1511.00	49770.00	1.00	24.96	0.49	2684.00	49770.00	32.94	10.00	58.00	8.06	64.89	4.12	0.00	32.94	0.00	0.00	0.00	1.21	1511.00	13.36	0.04	0.00	0.00	0.00	0.00	0.00	0.00	
87.00	725.00	499.00	0.00	1509.00	34053.00	1.00	37.03	-1.93	2891.00	34053.00	22.57	9.00	115.00	10.45	109.23	4.72	0.00	22.57	0.00	0.00	0.00	1.00	1509.00	13.34	0.00	0.00	0.00	0.00	0.00	0.00	0.00	
88.00	361.00	480.00	0.00	1506.00	30862.00	1.00	35.31	0.67	2597.00	30862.00	20.49	12.00	69.00	6.96	48.40	2.85	0.00	20.49	0.00	0.00	0.00	1.07	1506.00	13.32	0.00	0.00	0.00	0.00	0.00	0.00	0.00	
89.00	421.00	192.00	0.00	1456.00	29775.00	1.00	32.56	-1.74	2091.00	29775.00	20.45	11.00	86.00	7.16	51.24	2.88	0.00	20.45	0.00	0.00	0.00	0.95	1456.00	12.87	0.00	0.00	0.00	0.00	0.00	0.00	0.00	
90.00	1046.00	330.00	0.00	1438.00	32043.00	1.00	35.49	-2.19	2950.00	32043.00	22.28	10.00	116.00	10.97	120.30	4.43	0.00	22.28	0.00	0.00	0.00	1.12	1438.00	12.72	0.01	0.00	0.00	0.00	0.00	0.00	0.00	
91.00	969.00	277.00	0.00	1432.00	31363.00	1.00	36.30	-1.85	2793.00	31363.00	21.90	11.00	47.00	5.24	27.47	3.58	0.00	21.90	0.00	0.00	0.00	1.07	1432.00	12.66	0.00	0.00	0.00	0.00	0.00	0.00	0.00	
92.00	1055.00	83.00	0.00	1414.00	32793.00	1.00	31.54	-1.82	2184.00	32793.00	23.19	6.00	94.00	8.81	77.58	4.00	0.00	23.19	0.00	0.00	0.00	0.91	1414.00	12.50	0.00	0.00	0.00	0.00	0.00	0.00	0.00	
93.00	618.00	298.00	0.00	1407.00	39224.00	1.00	30.33	0.32	1836.00	39224.00	27.88	12.00	54.00	5.99	35.87	2.51	0.00	27.88	0.00	0.00	0.00	0.96	1407.00	12.44	0.04	0.00	0.00	0.00	0.00	0.00	0.00	
94.00	729.00	11.00	0.00	1398.00	88126.00	1.00	23.76	-1.61	1876.00	88126.00	63.04	12.00	132.00	25.16	633.08	4.99	0.00	63.04	0.00	0.00	0.00	1.12	1398.00	12.36	0.03	0.00	0.00	0.00	0.00	0.00	0.00	
95.00	1354.00	482.00	0.00	1372.00	36149.00	1.00	30.91	-0.73	2350.00	36149.00	26.35	9.00	255.00	27.36	748.36	6.10	0.00	26.35	0.00	0.00	0.00	1.04	1372.00	12.13	0.00	0.00	0.00	0.00	0.00	0.00	0.00	
96.00	1397.00	388.00	0.00	1351.00	28520.00	1.00	30.77	-0.45	2214.00	28520.00	21.11	5.00	76.00	7.90	62.48	3.14	0.00	21.11	0.00	0.00	0.00	1.05	1351.00	11.95	0.00	0.00	0.00	0.00	0.00	0.00	0.00	
97.00	445.00	723.00	0.00	1342.00	29503.00	1.00	29.52	0.17	2220.00	29503.00	21.98	10.00	87.00	8.27	68.43	3.16	0.00	21.98	0.00	0.00	0.00	0.98	1342.00	11.87	0.00	0.00	0.00	0.00	0.00	0.00	0.00	
98.00	1065.00	17.00	0.00	1086.00	25370.00	1.00	31.57	-1.04	1672.00	25370.00	23.36	9.00	125.00	12.90	166.31	5.05	0.00	23.36	0.00	0.00	0.00	0.93	1086.00	9.60	0.00	0.00	0.00	0.00	0.00	0.00	0.00	
99.00	574.00	487.00	0.00	1074.00	21374.00	1.00	33.74	0.66	3190.00	21374.00	19.90	11.00	43.00	4.53	20.49	3.31	0.00	19.90	0.00	0.00	0.00	0.98	1074.00	9.50	0.00	0.00	0.00	0.00	0.00	0.00	0.00	
100.00	1241.00	398.00	0.00	1057.00	24043.00	1.00	28.28	0.16	1768.00	24043.00	22.75	9.00	41.00	6.12	37.43	2.60	0.00	22.75	0.00	0.00	0.00	0.89	1057.00	9.35	0.02	0.00	0.00	0.00	0.00	0.00	0.00	
102.00	1032.00	698.00	0.00	1024.00	27149.00	1.00	32.92	-0.88	3074.00	27149.00	26.51	7.00	64.00	9.54	91.00	6.20	0.00	26.51	0.00	0.00	0.00	1.20	1024.00	9.05	0.00	0.00	0.00	0.00	0.00	0.00	0.00	
103.00	1429.00	213.00	0.00	993.00	24843.00	1.00	32.93	-1.52	2016.00	24843.00	25.02	10.00	143.00	13.50	182.18	5.85	0.00	25.02	0.00	0.00	0.00	1.04	993.00	8.78	0.00	0.00	0.00	0.00	0.00	0.00	0.00	
105.00	366.00	406.00	0.00	979.00	22009.00	1.00	29.80	-1.67	2120.00	22009.00	22.48	8.00	84.00	10.67	113.74	5.01	0.00	22.48	0.00	0.00	0.00	0.92	979.00	8.66	0.00	0.00	0.00	0.00	0.00	0.00	0.00	
106.00	669.00	114.00	0.00	905.00	37420.00	1.00	26.13	-1.11	1073.00	37420.00	41.35	13.00	75.00	6.86	47.11	3.45	0.00	41.35	0.00	0.00	0.00	0.87	905.00	8.00	0.06	0.00	0.00	0.00	0.00	0.00	0.00	
107.00	1255.00	743.00	0.00	904.00	19125.00	1.00	29.15	0.70	1520.00	19125.00	21.16	9.00	69.00	8.91	79.37	4.37	0.00	21.16	0.00	0.00	0.00	0.94	904.00	7.99	0.00	0.00	0.00	0.00	0.00	0.00	0.00	
108.00	530.00	134.00	0.00	856.00	31481.00	1.00	30.15	-1.03	1596.00	31481.00	36.78	12.00	255.00	34.47	1188.23	8.41	0.00	36.78	0.00	0.00	0.00	0.95	856.00	7.57	0.01	0.00	0.00	0.00	0.00	0.00	0.00	
109.00	809.00	509.00	0.00	805.00	23589.00	1.00	25.28	-2.00	1575.00	23589.00	29.30	10.00	111.00	15.95	254.31	8.28	0.00	29.30	0.00	0.00	0.00	0.92	805.00	7.12	0.00	0.00	0.00	0.00	0.00	0.00	0.00	
110.00	564.00	175.00	0.00	792.00	20639.00	1.00	16.81	-1.53	1092.00	20639.00	26.06	2.00	60.00	7.69	59.08	3.15	0.00	26.06	0.00	0.00	0.00	0.97	792.00	7.00	0.05	0.00	0.00	0.00	0.00	0.00	0.00	
111.00	1264.00	365.00	0.00	785.00	16487.00	1.00	36.12	0.63	2862.00	16487.00	21.00	12.00	47.00	5.52	30.50	3.91	0.00	21.00	0.00	0.00	0.00	0.98	785.00	6.94	0.01	0.00	0.00	0.00	0.00	0.00	0.00	
113.00	567.00	586.00	0.00	776.00	20546.00	1.00	28.31	-2.12	2064.00	20546.00	26.48	3.00	129.00	14.19	201.37	6.41	0.00	26.48	0.00	0.00	0.00	1.13	776.00	6.86	0.00	0.00	0.00	0.00	0.00	0.00	0.00	
114.00	1164.00	126.00	0.00	750.00	23727.00	1.00	25.25	0.55	960.00	23727.00	31.64	16.00	46.00	4.65	21.65	2.63	0.00	31.64	0.00	0.00	0.00	0.79	750.00	6.63	0.04	0.00	0.00	0.00	0.00	0.00	0.00	
115.00	1230.00	131.00	0.00	684.00	24589.00	1.00	18.42	0.18	902.00	24589.00	35.95	16.00	62.00	7.21	52.04	4.31	0.00	35.95	0.00	0.00	0.00	0.87	684.00	6.05	0.05	0.00	0.00	0.00	0.00	0.00	0.00	
116.00	1095.00	319.00	0.00	677.00	13646.00	1.00	19.29	-0.27	946.00	13646.00	20.16	14.00	39.00	4.09	16.72	2.23	0.00	20.16	0.00	0.00	0.00	0.90	677.00	5.99	0.03	0.00	0.00	0.00	0.00	0.00	0.00	
117.00	336.00	282.00	0.00	655.00	13218.00	1.00	20.16	-2.05	1230.00	13218.00	20.18	13.00	49.00	6.05	36.64	2.85	0.00	20.18	0.00	0.00	0.00	0.91	655.00	5.79	0.00	0.00	0.00	0.00	0.00	0.00	0.00	
119.00	1259.00	423.00	0.00	615.00	14144.00	1.00	24.14	0.65	1156.00	14144.00	23.00	12.00	61.00	10.36	107.37	4.69	0.00	23.00	0.00	0.00	0.00	0.82	615.00	5.44	0.00	0.00	0.00	0.00	0.00	0.00	0.00	
120.00	802.00	645.00	0.00	601.00	15959.00	1.00	27.25	0.66	1365.00	15959.00	26.55	10.00	90.00	11.61	134.77	6.78	0.00	26.55	0.00	0.00	0.00	0.82	601.00	5.31	0.00	0.00	0.00	0.00	0.00	0.00	0.00	
121.00	479.00	568.00	0.00	572.00	16144.00	1.00	18.10	-2.33	1296.00	16144.00	28.22	13.00	116.00	15.48	239.58	7.14	0.00	28.22	0.00	0.00	0.00	0.95	572.00	5.06	0.00	0.00	0.00	0.00	0.00	0.00	0.00	
122.00	731.00	291.00	0.00	556.00	14344.00	1.00	19.10	-1.78	816.00	14344.00	25.80	12.00	109.00	12.15	147.61	4.29	0.00	25.80	0.00	0.00	0.00	0.79	556.00	4.92	0.03	0.00	0.00	0.00	0.00	0.00	0.00	
123.00	839.00	283.00	0.00	481.00	9980.00	1.00	17.16	-1.07	713.00	9980.00	20.75	14.00	29.00	3.09	9.55	1.55	0.00	20.75	0.00	0.00	0.00	0.77	481.00	4.25	0.03	0.00	0.00	0.00	0.00	0.00	0.00	
124.00	1074.00	352.00	0.00	455.00	17107.00	1.00	13.19	-1.71	966.00	17107.00	37.60	11.00	255.00	46.31	2144.29	12.50	0.00	37.60	0.00	0.00	0.00	1.02	455.00	4.02	0.02	0.00	0.00	0.00	0.00	0.00	0.00	
125.00	865.00	280.00	0.00	438.00	8261.00	1.00	15.89	0.74	858.00	8261.00	18.86	13.00	26.00	2.06	4.24	1.38	0.00	18.86	0.00	0.00	0.00	0.93	438.00	3.87	0.02	0.00	0.00	0.00	0.00	0.00	0.00	
126.00	1159.00	458.00	0.00	434.00	14837.00	1.00	17.46	0.49	504.00	14837.00	34.19	14.00	63.00	10.36	107.30	3.40	0.00	34.19	0.00	0.00	0.00	0.72	434.00	3.84	0.09	0.00	0.00	0.00	0.00	0.00	0.00	
127.00	1022.00	723.00	0.00	426.00	13234.00	1.00	27.63	-0.86	1024.00	13234.00	31.07	10.00	115.00	15.30	233.94	9.71	0.00	31.07	0.00	0.00	0.00	0.67	426.00	3.77	0.00	0.00	0.00	0.00	0.00	0.00	0.00	
128.00	1127.00	121.00	0.00	410.00	12047.00	1.00	13.36	-1.07	748.00	12047.00	29.38	14.00	62.00	8.14	66.30	4.61	0.00	29.38	0.00	0.00	0.00	0.91	410.00	3.63	0.06	0.00	0.00	0.00	0.00	0.00	0.00	
129.00	830.00	260.00	0.00	389.00	8564.00	1.00	14.03	0.39	600.00	8564.00	22.02	12.00	47.00	7.73	59.78	3.09	0.00	22.02	0.00	0.00	0.00	0.78	389.00	3.44	0.03	0.00	0.00	0.00	0.00	0.00	0.00	
130.00	105.00	453.00	0.00	387.00	7776.00	1.00	18.37	-1.49	680.00	7776.00	20.09	12.00	35.00	3.95	15.62	3.15	0.00	20.09	0.00	0.00	0.00	0.64	387.00	3.42	0.00	0.00	0.00	0.00	0.00	0.00	0.00	
131.00	1177.00	259.00	0.00	385.00	7405.00	1.00	14.50	-1.13	620.00	7405.00	19.23	11.00	49.00	3.80	14.46	2.11	0.00	19.23	0.00	0.00	0.00	0.86	385.00	3.40	0.00	0.00	0.00	0.00	0.00	0.00	0.00	
132.00	275.00	278.00	0.00	382.00	10027.00	1.00	21.19	-0.39	810.00	10027.00	26.25	13.00	67.00	9.36	87.59	5.68	0.00	26.25	0.00	0.00	0.00	0.63	382.00	3.38	0.00	0.00	0.00	0.00	0.00	0.00	0.00	
133.00	792.00	483.00	0.00	382.00	9754.00	1.00	17.04	-1.40	759.00	9754.00	25.53	10.00	48.00	7.88	62.03	5.14	0.00	25.53	0.00	0.00	0.00	0.74	382.00	3.38	0.02	0.00	0.00	0.00	0.00	0.00	0.00	
135.00	1286.00	750.00	0.00	339.00	8733.00	1.00	17.61	-0.45	1014.00	8733.00	25.76	14.00	45.00	7.12	50.69	6.24	0.00	25.76	0.00	0.00	0.00	0.74	339.00	3.00	0.00	0.00	0.00	0.00	0.00	0.00	0.00	
136.00	846.00	478.00	0.00	331.00	8664.00	1.00	10.42	0.60	704.00	8664.00	26.18	14.00	45.00	6.88	47.31	3.94	0.00	26.18	0.00	0.00	0.00	0.96	331.00	2.93	0.05	0.00	0.00	0.00	0.00	0.00	0.00	
137.00	1014.00	307.00	0.00	322.00	6606.00	1.00	18.01	-0.92	650.00	6606.00	20.52	13.00	39.00	5.27	27.78	4.29	0.00	20.52	0.00	0.00	0.00	0.91	322.00	2.85	0.01	0.00	0.00	0.00	0.00	0.00	0.00	
138.00	541.00	577.00	0.00	305.00	6504.00	1.00	12.35	0.42	680.00	6504.00	21.32	14.00	36.00	5.24	27.45	3.70	0.00	21.32	0.00	0.00	0.00	0.84	305.00	2.70	0.00	0.00	0.00	0.00	0.00	0.00	0.00	
139.00	1331.00	312.00	0.00	288.00	8321.00	1.00	20.25	-0.79	728.00	8321.00	28.89	12.00	125.00	19.77	390.79	11.48	0.00	28.89	0.00	0.00	0.00	0.79	288.00	2.55	0.02	0.00	0.00	0.00	0.00	0.00	0.00	
140.00	1265.00	770.00	0.00	272.00	6285.00	1.00	11.42	0.43	576.00	6285.00	23.11	11.00	39.00	6.06	36.75	5.13	0.00	23.11	0.00	0.00	0.00	0.91	272.00	2.41	0.00	0.00	0.00	0.00	0.00	0.00	0.00	
141.00	436.00	305.00	0.00	265.00	4884.00	1.00	12.96	0.27	315.00	4884.00	18.43	13.00	31.00	3.44	11.85	2.16	0.00	18.43	0.00	0.00	0.00	0.64	265.00	2.34	0.01	0.00	0.00	0.00	0.00	0.00	0.00	
142.00	422.00	707.00	0.00	264.00	5079.00	0.99	9.49	0.40	551.00	5079.00	19.24	14.00	30.00	2.69	7.26	2.65	0.00	19.24	0.00	0.00	0.00	0.85	264.00	2.33	0.00	0.00	0.00	0.00	0.00	0.00	0.00	
143.00	1220.00	276.00	0.00	263.00	5193.00	0.99	9.76	-0.73	868.00	5193.00	19.75	15.00	28.00	3.09	9.54	2.77	0.00	19.75	0.00	0.00	0.00	1.05	263.00	2.33	0.00	0.00	0.00	0.00	0.00	0.00	0.00	
144.00	1182.00	97.00	0.00	261.00	6868.00	1.00	11.93	0.67	360.00	6868.00	26.31	8.00	47.00	7.63	58.29	3.69	0.00	26.31	0.00	0.00	0.00	0.68	261.00	2.31	0.12	0.00	0.00	0.00	0.00	0.00	0.00	
145.00	1354.00	319.00	0.00	255.00	4810.00	1.00	15.66	0.41	580.00	4810.00	18.86	10.00	34.00	4.05	16.42	3.57	0.00	18.86	0.00	0.00	0.00	0.82	255.00	2.25	0.00	0.00	0.00	0.00	0.00	0.00	0.00	
146.00	792.00	695.00	0.00	244.00	4934.00	1.00	17.80	-2.14	728.00	4934.00	20.22	12.00	34.00	4.01	16.04	4.16	0.00	20.22	0.00	0.00	0.00	0.71	244.00	2.16	0.00	0.00	0.00	0.00	0.00	0.00	0.00	
147.00	977.00	318.00	0.00	206.00	4985.00	0.99	7.34	0.21	444.00	4985.00	24.20	13.00	47.00	6.83	46.70	5.61	0.00	24.20	0.00	0.00	0.00	0.98	206.00	1.82	0.00	0.00	0.00	0.00	0.00	0.00	0.00	
148.00	1091.00	106.00	0.00	203.00	6484.00	0.99	9.91	-1.59	325.00	6484.00	31.94	16.00	55.00	7.07	49.95	4.48	0.00	31.94	0.00	0.00	0.00	0.67	203.00	1.79	0.06	0.00	0.00	0.00	0.00	0.00	0.00	
149.00	1281.00	411.00	0.00	203.00	4165.00	1.00	12.06	-0.12	594.00	4165.00	20.52	12.00	33.00	4.22	17.79	4.01	0.00	20.52	0.00	0.00	0.00	0.67	203.00	1.79	0.00	0.00	0.00	0.00	0.00	0.00	0.00	
150.00	586.00	497.00	0.00	198.00	7453.00	0.99	6.85	-0.82	624.00	7453.00	37.64	16.00	80.00	15.52	240.93	12.53	0.00	37.64	0.00	0.00	0.00	1.01	198.00	1.75	0.00	0.00	0.00	0.00	0.00	0.00	0.00	
155.00	1064.00	341.00	0.00	189.00	3572.00	1.00	12.13	0.35	336.00	3572.00	18.90	11.00	26.00	3.00	8.97	2.39	0.00	18.90	0.00	0.00	0.00	0.63	189.00	1.67	0.06	0.00	0.00	0.00	0.00	0.00	0.00	
156.00	446.00	565.00	0.00	183.00	3750.00	1.00	14.00	0.58	437.00	3750.00	20.49	12.00	35.00	3.69	13.60	4.28	0.00	20.49	0.00	0.00	0.00	0.80	183.00	1.62	0.00	0.00	0.00	0.00	0.00	0.00	0.00	
158.00	752.00	298.00	0.00	153.00	6211.00	1.00	10.33	0.12	266.00	6211.00	40.59	16.00	113.00	22.35	499.41	14.60	0.00	40.59	0.00	0.00	0.00	0.60	153.00	1.35	0.00	0.00	0.00	0.00	0.00	0.00	0.00	
161.00	1043.00	731.00	0.00	145.00	4302.00	0.99	6.32	-0.28	275.00	4302.00	29.67	16.00	50.00	8.10	65.56	7.83	0.00	29.67	0.00	0.00	0.00	0.78	145.00	1.28	0.00	0.00	0.00	0.00	0.00	0.00	0.00	
163.00	163.00	431.00	0.00	141.00	3032.00	0.99	7.50	-1.49	230.00	3032.00	21.50	9.00	46.00	7.04	49.61	5.05	0.00	21.50	0.00	0.00	0.00	0.70	141.00	1.25	0.00	0.00	0.00	0.00	0.00	0.00	0.00	
165.00	244.00	400.00	0.00	137.00	10394.00	1.00	10.37	-0.45	540.00	10394.00	75.87	13.00	241.00	81.89	6706.01	33.47	0.00	75.87	0.00	0.00	0.00	0.89	137.00	1.21	0.00	0.00	0.00	0.00	0.00	0.00	0.00	
166.00	1427.00	386.00	0.00	136.00	2677.00	0.99	7.57	-0.50	294.00	2677.00	19.68	14.00	27.00	2.63	6.90	3.45	0.00	19.68	0.00	0.00	0.00	0.76	136.00	1.20	0.00	0.00	0.00	0.00	0.00	0.00	0.00	
168.00	224.00	428.00	0.00	135.00	2646.00	0.99	7.78	-1.14	594.00	2646.00	19.60	14.00	30.00	3.07	9.44	3.64	0.00	19.60	0.00	0.00	0.00	1.00	135.00	1.19	0.00	0.00	0.00	0.00	0.00	0.00	0.00	
170.00	1421.00	190.00	0.00	125.00	2434.00	0.99	8.37	-1.48	135.00	2434.00	19.47	13.00	28.00	2.91	8.49	2.75	0.00	19.47	0.00	0.00	0.00	0.56	125.00	1.11	0.00	0.00	0.00	0.00	0.00	0.00	0.00	
173.00	813.00	14.00	0.00	117.00	2883.00	0.98	4.68	-0.00	174.00	2883.00	24.64	13.00	34.00	3.81	14.53	3.68	0.00	24.64	0.00	0.00	0.00	0.83	117.00	1.03	0.10	0.00	0.00	0.00	0.00	0.00	0.00	
174.00	382.00	385.00	0.00	115.00	2154.00	0.97	4.23	-1.57	150.00	2154.00	18.73	14.00	27.00	2.80	7.87	3.00	0.00	18.73	0.00	0.00	0.00	0.81	115.00	1.02	0.00	0.00	0.00	0.00	0.00	0.00	0.00	
175.00	489.00	658.00	0.00	111.00	2791.00	0.97	3.89	-1.29	363.00	2791.00	25.14	13.00	51.00	7.65	58.49	8.22	0.00	25.14	0.00	0.00	0.00	1.05	111.00	0.98	0.00	0.00	0.00	0.00	0.00	0.00	0.00	
177.00	847.00	247.00	0.00	109.00	2523.00	0.99	6.40	-1.65	126.00	2523.00	23.15	16.00	48.00	6.06	36.66	4.74	0.00	23.15	0.00	0.00	0.00	0.59	109.00	0.96	0.03	0.00	0.00	0.00	0.00	0.00	0.00	
178.00	1081.00	43.00	0.00	108.00	2434.00	0.99	6.12	-2.10	204.00	2434.00	22.54	16.00	32.00	2.97	8.83	2.51	0.00	22.54	0.00	0.00	0.00	0.69	108.00	0.95	0.11	0.00	0.00	0.00	0.00	0.00	0.00	
180.00	352.00	136.00	0.00	107.00	2705.00	0.98	5.08	-0.51	280.00	2705.00	25.28	16.00	57.00	8.86	78.45	6.81	0.00	25.28	0.00	0.00	0.00	0.82	107.00	0.95	0.00	0.00	0.00	0.00	0.00	0.00	0.00	
182.00	1220.00	598.00	0.00	100.00	2336.00	0.97	4.21	0.75	504.00	2336.00	23.36	16.00	39.00	4.89	23.87	7.09	0.00	23.36	0.00	0.00	0.00	1.02	100.00	0.88	0.00	0.00	0.00	0.00	0.00	0.00	0.00	
183.00	786.00	621.00	0.00	100.00	2678.00	0.99	5.95	-0.12	160.00	2678.00	26.78	16.00	42.00	8.00	63.99	7.89	0.00	26.78	0.00	0.00	0.00	0.64	100.00	0.88	0.00	0.00	0.00	0.00	0.00	0.00	0.00	
188.00	1195.00	233.00	0.00	90.00	1865.00	0.98	5.51	-1.28	144.00	1865.00	20.72	16.00	31.00	3.23	10.41	3.36	0.00	20.72	0.00	0.00	0.00	0.63	90.00	0.80	0.00	0.00	0.00	0.00	0.00	0.00	0.00	
190.00	231.00	403.00	0.00	86.00	2934.00	0.98	4.70	-1.70	120.00	2934.00	34.12	14.00	57.00	12.69	161.02	12.07	0.00	34.12	0.00	0.00	0.00	0.65	86.00	0.76	0.00	0.00	0.00	0.00	0.00	0.00	0.00	
191.00	1283.00	779.00	0.00	84.00	2077.00	0.98	5.12	-0.15	140.00	2077.00	24.73	15.00	39.00	6.08	36.92	6.57	0.00	24.73	0.00	0.00	0.00	0.63	84.00	0.74	0.00	0.00	0.00	0.00	0.00	0.00	0.00	
192.00	770.00	631.00	0.00	82.00	2007.00	0.99	6.48	-1.35	120.00	2007.00	24.48	16.00	38.00	6.13	37.59	6.07	0.00	24.48	0.00	0.00	0.00	0.55	82.00	0.73	0.00	0.00	0.00	0.00	0.00	0.00	0.00	
