ID	centroid_x	centroid_y	centroid_z	volume	integrated_intensity	eccentricity	elongation	orientation	bounding_box_volume	sum	mean	minimum	maximum	sigma	variance	surface_gradient	interior_gradient	surface_intensity	interior_intensity	intensity_ratio	convexity	radius_variation	surface_area	shape	shared_boundary	t_energy	t_entropy	inverse_diff_moment	inertia	cluster_shade	cluster_prominence	
1.00	793.00	452.00	0.00	7115.00	633446.00	1.00	65.93	0.35	10560.00	633446.00	89.03	18.00	255.00	41.71	1739.75	7.63	0.00	89.03	0.00	0.00	0.00	1.48	7115.00	62.91	0.00	0.00	0.00	0.00	0.00	0.00	0.00	
2.00	995.00	477.00	0.00	6540.00	576053.00	1.00	61.26	-0.76	11270.00	576053.00	88.08	22.00	255.00	32.14	1033.05	7.14	0.00	88.08	0.00	0.00	0.00	1.58	6540.00	57.83	0.01	0.00	0.00	0.00	0.00	0.00	0.00	
3.00	898.00	665.00	0.00	5431.00	398835.00	1.00	56.34	-2.13	8700.00	398835.00	73.44	22.00	255.00	42.90	1840.69	7.17	0.00	73.44	0.00	0.00	0.00	1.40	5431.00	48.02	0.00	0.00	0.00	0.00	0.00	0.00	0.00	
4.00	1440.00	509.00	0.00	5077.00	414686.00	1.00	59.74	-1.74	8632.00	414686.00	81.68	21.00	255.00	32.36	1047.06	5.33	0.00	81.68	0.00	0.00	0.00	1.38	5077.00	44.89	0.02	0.00	0.00	0.00	0.00	0.00	0.00	
5.00	1623.00	946.00	0.00	5074.00	405943.00	1.00	61.63	-0.89	6880.00	405943.00	80.00	24.00	255.00	32.68	1068.27	6.99	0.00	80.00	0.00	0.00	0.00	1.25	5074.00	44.87	0.00	0.00	0.00	0.00	0.00	0.00	0.00	
6.00	482.00	569.00	0.00	5065.00	400052.00	1.00	57.99	-0.19	7524.00	400052.00	78.98	20.00	245.00	36.69	1346.32	6.07	0.00	78.98	0.00	0.00	0.00	1.36	5065.00	44.79	0.00	0.00	0.00	0.00	0.00	0.00	0.00	
7.00	819.00	237.00	0.00	4979.00	368308.00	1.00	51.85	0.68	8645.00	368308.00	73.97	20.00	255.00	34.66	1201.34	6.70	0.00	73.97	0.00	0.00	0.00	1.53	4979.00	44.03	0.00	0.00	0.00	0.00	0.00	0.00	0.00	
8.00	1837.00	596.00	0.00	4918.00	319980.00	1.00	66.65	0.39	8464.00	319980.00	65.06	23.00	245.00	29.39	864.02	4.59	0.00	65.06	0.00	0.00	0.00	1.21	4918.00	43.49	0.01	0.00	0.00	0.00	0.00	0.00	0.00	
9.00	175.00	357.00	0.00	4829.00	314320.00	1.00	49.85	-0.26	7371.00	314320.00	65.09	22.00	255.00	27.13	736.23	5.49	0.00	65.09	0.00	0.00	0.00	1.51	4829.00	42.70	0.01	0.00	0.00	0.00	0.00	0.00	0.00	
10.00	748.00	549.00	0.00	4809.00	349343.00	1.00	61.66	0.31	7440.00	349343.00	72.64	19.00	217.00	36.01	1296.82	5.54	0.00	72.64	0.00	0.00	0.00	1.28	4809.00	42.52	0.01	0.00	0.00	0.00	0.00	0.00	0.00	
11.00	1340.00	784.00	0.00	4328.00	343501.00	1.00	59.89	-0.83	5476.00	343501.00	79.37	25.00	223.00	30.42	925.35	6.43	0.00	79.37	0.00	0.00	0.00	1.18	4328.00	38.27	0.00	0.00	0.00	0.00	0.00	0.00	0.00	
12.00	1130.00	844.00	0.00	4280.00	389330.00	1.00	62.58	-0.84	5776.00	389330.00	90.96	24.00	206.00	34.38	1181.97	7.58	0.00	90.96	0.00	0.00	0.00	1.15	4280.00	37.84	0.00	0.00	0.00	0.00	0.00	0.00	0.00	
13.00	1263.00	333.00	0.00	4148.00	347488.00	1.00	46.24	-0.78	7138.00	347488.00	83.77	23.00	255.00	33.48	1120.95	7.57	0.00	83.77	0.00	0.00	0.00	1.45	4148.00	36.68	0.01	0.00	0.00	0.00	0.00	0.00	0.00	
14.00	690.00	349.00	0.00	4139.00	320553.00	1.00	49.58	-1.04	9690.00	320553.00	77.45	20.00	255.00	39.22	1538.04	8.02	0.00	77.45	0.00	0.00	0.00	1.73	4139.00	36.60	0.01	0.00	0.00	0.00	0.00	0.00	0.00	
15.00	773.00	656.00	0.00	4092.00	378360.00	1.00	57.00	-1.05	5822.00	378360.00	92.46	23.00	255.00	40.52	1642.13	9.38	0.00	92.46	0.00	0.00	0.00	1.22	4092.00	36.18	0.00	0.00	0.00	0.00	0.00	0.00	0.00	
16.00	753.00	301.00	0.00	3983.00	152180.00	1.00	44.62	-1.51	5885.00	152180.00	38.21	15.00	115.00	8.91	79.37	3.26	0.00	38.21	0.00	0.00	0.00	1.33	3983.00	35.22	0.01	0.00	0.00	0.00	0.00	0.00	0.00	
17.00	699.00	797.00	0.00	3963.00	361486.00	1.00	59.07	0.73	4970.00	361486.00	91.22	23.00	238.00	35.74	1277.24	9.52	0.00	91.22	0.00	0.00	0.00	1.14	3963.00	35.04	0.00	0.00	0.00	0.00	0.00	0.00	0.00	
18.00	621.00	232.00	0.00	3917.00	332045.00	1.00	47.71	-0.92	6120.00	332045.00	84.77	23.00	255.00	34.32	1177.55	8.46	0.00	84.77	0.00	0.00	0.00	1.30	3917.00	34.63	0.00	0.00	0.00	0.00	0.00	0.00	0.00	
19.00	801.00	818.00	0.00	3916.00	344405.00	1.00	59.44	0.66	5040.00	344405.00	87.95	22.00	255.00	36.33	1319.81	8.56	0.00	87.95	0.00	0.00	0.00	1.13	3916.00	34.63	0.00	0.00	0.00	0.00	0.00	0.00	0.00	
20.00	437.00	865.00	0.00	3877.00	335851.00	1.00	54.18	-2.33	5254.00	335851.00	86.63	24.00	255.00	39.02	1522.32	7.17	0.00	86.63	0.00	0.00	0.00	1.17	3877.00	34.28	0.00	0.00	0.00	0.00	0.00	0.00	0.00	
21.00	1200.00	628.00	0.00	3853.00	338810.00	1.00	59.35	-1.07	5183.00	338810.00	87.93	25.00	240.00	34.80	1211.21	7.64	0.00	87.93	0.00	0.00	0.00	1.12	3853.00	34.07	0.00	0.00	0.00	0.00	0.00	0.00	0.00	
22.00	81.00	668.00	0.00	3821.00	163835.00	1.00	58.02	-0.26	6716.00	163835.00	42.88	21.00	87.00	11.01	121.31	2.79	0.00	42.88	0.00	0.00	0.00	1.22	3821.00	33.79	0.00	0.00	0.00	0.00	0.00	0.00	0.00	
23.00	1427.00	403.00	0.00	3779.00	304314.00	1.00	54.01	-0.48	5032.00	304314.00	80.53	21.00	199.00	24.18	584.49	5.63	0.00	80.53	0.00	0.00	0.00	1.16	3779.00	33.41	0.00	0.00	0.00	0.00	0.00	0.00	0.00	
24.00	1734.00	494.00	0.00	3767.00	294130.00	1.00	55.71	-0.67	6480.00	294130.00	78.08	21.00	228.00	42.09	1771.54	8.40	0.00	78.08	0.00	0.00	0.00	1.21	3767.00	33.31	0.01	0.00	0.00	0.00	0.00	0.00	0.00	
25.00	1154.00	707.00	0.00	3683.00	341850.00	1.00	57.89	-1.26	4690.00	341850.00	92.82	24.00	255.00	35.46	1257.74	9.85	0.00	92.82	0.00	0.00	0.00	1.11	3683.00	32.57	0.00	0.00	0.00	0.00	0.00	0.00	0.00	
26.00	1726.00	42.00	0.00	3618.00	247248.00	1.00	42.66	-0.30	5456.00	247248.00	68.34	22.00	255.00	24.41	595.81	5.61	0.00	68.34	0.00	0.00	0.00	1.35	3618.00	31.99	0.00	0.00	0.00	0.00	0.00	0.00	0.00	
27.00	1395.00	598.00	0.00	3566.00	275389.00	1.00	57.15	-0.95	4760.00	275389.00	77.23	19.00	249.00	31.86	1015.08	6.02	0.00	77.23	0.00	0.00	0.00	1.10	3566.00	31.53	0.00	0.00	0.00	0.00	0.00	0.00	0.00	
28.00	1103.00	594.00	0.00	3505.00	341818.00	1.00	56.27	-1.46	4420.00	341818.00	97.52	23.00	255.00	39.15	1533.09	11.31	0.00	97.52	0.00	0.00	0.00	1.11	3505.00	30.99	0.00	0.00	0.00	0.00	0.00	0.00	0.00	
29.00	1046.00	301.00	0.00	3495.00	271346.00	1.00	49.70	-0.55	6210.00	271346.00	77.64	24.00	235.00	34.74	1207.19	6.29	0.00	77.64	0.00	0.00	0.00	1.38	3495.00	30.90	0.01	0.00	0.00	0.00	0.00	0.00	0.00	
30.00	1280.00	719.00	0.00	3475.00	278472.00	1.00	51.84	-0.97	4686.00	278472.00	80.14	24.00	254.00	33.34	1111.76	7.10	0.00	80.14	0.00	0.00	0.00	1.13	3475.00	30.73	0.00	0.00	0.00	0.00	0.00	0.00	0.00	
31.00	1057.00	542.00	0.00	3428.00	302650.00	1.00	55.08	-1.62	4216.00	302650.00	88.29	20.00	211.00	33.80	1142.71	7.05	0.00	88.29	0.00	0.00	0.00	1.11	3428.00	30.31	0.00	0.00	0.00	0.00	0.00	0.00	0.00	
32.00	1296.00	21.00	0.00	3386.00	258467.00	1.00	41.40	-1.56	4224.00	258467.00	76.33	23.00	255.00	29.92	895.12	6.65	0.00	76.33	0.00	0.00	0.00	1.23	3386.00	29.94	0.00	0.00	0.00	0.00	0.00	0.00	0.00	
33.00	1435.00	696.00	0.00	3356.00	219430.00	1.00	53.26	-0.60	4620.00	219430.00	65.38	24.00	184.00	25.37	643.63	5.33	0.00	65.38	0.00	0.00	0.00	1.16	3356.00	29.67	0.00	0.00	0.00	0.00	0.00	0.00	0.00	
34.00	1521.00	525.00	0.00	3344.00	250377.00	1.00	48.37	-1.22	4560.00	250377.00	74.87	21.00	235.00	29.88	893.10	6.85	0.00	74.87	0.00	0.00	0.00	1.14	3344.00	29.57	0.01	0.00	0.00	0.00	0.00	0.00	0.00	
35.00	696.00	600.00	0.00	3342.00	283994.00	1.00	55.49	0.75	4488.00	283994.00	84.98	23.00	247.00	32.60	1062.91	7.49	0.00	84.98	0.00	0.00	0.00	1.09	3342.00	29.55	0.01	0.00	0.00	0.00	0.00	0.00	0.00	
36.00	1300.00	515.00	0.00	3340.00	297863.00	1.00	54.45	-1.39	4550.00	297863.00	89.18	19.00	255.00	34.73	1206.31	9.61	0.00	89.18	0.00	0.00	0.00	1.08	3340.00	29.53	0.01	0.00	0.00	0.00	0.00	0.00	0.00	
37.00	1532.00	717.00	0.00	3327.00	248301.00	1.00	49.89	-0.72	4422.00	248301.00	74.63	24.00	240.00	30.08	904.74	6.06	0.00	74.63	0.00	0.00	0.00	1.14	3327.00	29.42	0.00	0.00	0.00	0.00	0.00	0.00	0.00	
38.00	1314.00	617.00	0.00	3278.00	260916.00	1.00	53.59	-0.90	4488.00	260916.00	79.60	24.00	225.00	33.45	1118.84	6.10	0.00	79.60	0.00	0.00	0.00	1.08	3278.00	28.98	0.00	0.00	0.00	0.00	0.00	0.00	0.00	
39.00	1598.00	543.00	0.00	3256.00	173479.00	1.00	51.86	-1.15	4284.00	173479.00	53.28	23.00	150.00	15.33	235.05	3.40	0.00	53.28	0.00	0.00	0.00	1.09	3256.00	28.79	0.00	0.00	0.00	0.00	0.00	0.00	0.00	
40.00	406.00	607.00	0.00	3233.00	267928.00	1.00	52.09	0.78	4224.00	267928.00	82.87	26.00	247.00	31.18	972.21	6.72	0.00	82.87	0.00	0.00	0.00	1.10	3233.00	28.59	0.00	0.00	0.00	0.00	0.00	0.00	0.00	
41.00	94.00	759.00	0.00	3231.00	249731.00	1.00	52.47	0.64	4224.00	249731.00	77.29	22.00	240.00	29.09	846.07	6.72	0.00	77.29	0.00	0.00	0.00	1.09	3231.00	28.57	0.00	0.00	0.00	0.00	0.00	0.00	0.00	
42.00	1063.00	648.00	0.00	3193.00	161839.00	1.00	53.54	-0.48	4290.00	161839.00	50.69	21.00	108.00	15.15	229.50	3.98	0.00	50.69	0.00	0.00	0.00	1.08	3193.00	28.23	0.00	0.00	0.00	0.00	0.00	0.00	0.00	
43.00	619.00	370.00	0.00	3189.00	171162.00	1.00	48.61	0.55	4615.00	171162.00	53.67	20.00	102.00	12.21	149.07	3.70	0.00	53.67	0.00	0.00	0.00	1.12	3189.00	28.20	0.01	0.00	0.00	0.00	0.00	0.00	0.00	
44.00	1311.00	453.00	0.00	3179.00	290873.00	1.00	51.40	-2.15	3968.00	290873.00	91.50	23.00	255.00	37.96	1440.88	8.49	0.00	91.50	0.00	0.00	0.00	1.09	3179.00	28.11	0.00	0.00	0.00	0.00	0.00	0.00	0.00	
45.00	247.00	783.00	0.00	3088.00	111959.00	1.00	48.47	-2.13	4526.00	111959.00	36.26	22.00	84.00	8.99	80.78	1.96	0.00	36.26	0.00	0.00	0.00	1.14	3088.00	27.30	0.00	0.00	0.00	0.00	0.00	0.00	0.00	
46.00	1618.00	190.00	0.00	3004.00	231839.00	1.00	40.85	0.56	4392.00	231839.00	77.18	22.00	174.00	27.52	757.55	5.55	0.00	77.18	0.00	0.00	0.00	1.26	3004.00	26.56	0.02	0.00	0.00	0.00	0.00	0.00	0.00	
47.00	1013.00	599.00	0.00	2995.00	157236.00	1.00	52.44	-2.16	3906.00	157236.00	52.50	24.00	131.00	16.64	276.73	3.63	0.00	52.50	0.00	0.00	0.00	1.05	2995.00	26.48	0.00	0.00	0.00	0.00	0.00	0.00	0.00	
48.00	1246.00	540.00	0.00	2922.00	226075.00	1.00	49.93	-0.97	3770.00	226075.00	77.37	21.00	255.00	29.76	885.40	7.47	0.00	77.37	0.00	0.00	0.00	1.07	2922.00	25.84	0.01	0.00	0.00	0.00	0.00	0.00	0.00	
49.00	177.00	279.00	0.00	2920.00	222783.00	1.00	50.93	0.56	4224.00	222783.00	76.30	23.00	182.00	25.09	629.45	5.91	0.00	76.30	0.00	0.00	0.00	1.06	2920.00	25.82	0.02	0.00	0.00	0.00	0.00	0.00	0.00	
50.00	695.00	426.00	0.00	2919.00	229013.00	1.00	49.39	0.59	4154.00	229013.00	78.46	22.00	255.00	34.36	1180.91	7.10	0.00	78.46	0.00	0.00	0.00	1.06	2919.00	25.81	0.01	0.00	0.00	0.00	0.00	0.00	0.00	
51.00	1143.00	363.00	0.00	2900.00	242160.00	1.00	51.22	-1.62	3840.00	242160.00	83.50	20.00	203.00	29.14	849.40	7.96	0.00	83.50	0.00	0.00	0.00	1.05	2900.00	25.64	0.00	0.00	0.00	0.00	0.00	0.00	0.00	
52.00	841.00	328.00	0.00	2860.00	240891.00	1.00	50.43	-1.25	3658.00	240891.00	84.23	26.00	236.00	31.40	985.71	7.17	0.00	84.23	0.00	0.00	0.00	1.05	2860.00	25.29	0.00	0.00	0.00	0.00	0.00	0.00	0.00	
53.00	1698.00	368.00	0.00	2813.00	222958.00	1.00	43.77	-1.26	3780.00	222958.00	79.26	23.00	255.00	30.93	956.76	7.15	0.00	79.26	0.00	0.00	0.00	1.09	2813.00	24.87	0.00	0.00	0.00	0.00	0.00	0.00	0.00	
54.00	1625.00	335.00	0.00	2801.00	203921.00	1.00	43.90	-1.45	3692.00	203921.00	72.80	25.00	248.00	29.15	849.65	6.25	0.00	72.80	0.00	0.00	0.00	1.07	2801.00	24.77	0.01	0.00	0.00	0.00	0.00	0.00	0.00	
55.00	944.00	122.00	0.00	2795.00	145865.00	1.00	48.72	-0.46	3658.00	145865.00	52.19	24.00	102.00	12.13	147.09	3.80	0.00	52.19	0.00	0.00	0.00	1.06	2795.00	24.71	0.00	0.00	0.00	0.00	0.00	0.00	0.00	
56.00	955.00	357.00	0.00	2791.00	219195.00	1.00	48.84	0.28	4080.00	219195.00	78.54	24.00	228.00	34.31	1176.93	6.19	0.00	78.54	0.00	0.00	0.00	1.08	2791.00	24.68	0.01	0.00	0.00	0.00	0.00	0.00	0.00	
57.00	326.00	707.00	0.00	2775.00	230835.00	1.00	43.07	0.66	4012.00	230835.00	83.18	23.00	238.00	32.74	1072.08	7.40	0.00	83.18	0.00	0.00	0.00	1.11	2775.00	24.54	0.00	0.00	0.00	0.00	0.00	0.00	0.00	
58.00	1121.00	284.00	0.00	2749.00	233617.00	1.00	50.73	-1.31	3968.00	233617.00	84.98	23.00	239.00	35.11	1232.85	6.07	0.00	84.98	0.00	0.00	0.00	1.04	2749.00	24.31	0.01	0.00	0.00	0.00	0.00	0.00	0.00	
59.00	1412.00	460.00	0.00	2745.00	234626.00	1.00	44.84	-1.52	4032.00	234626.00	85.47	24.00	206.00	33.05	1092.51	5.45	0.00	85.47	0.00	0.00	0.00	1.05	2745.00	24.27	0.02	0.00	0.00	0.00	0.00	0.00	0.00	
60.00	1491.00	436.00	0.00	2711.00	193209.00	1.00	45.25	-0.82	3782.00	193209.00	71.27	24.00	227.00	26.29	691.42	6.07	0.00	71.27	0.00	0.00	0.00	1.07	2711.00	23.97	0.00	0.00	0.00	0.00	0.00	0.00	0.00	
61.00	896.00	415.00	0.00	2698.00	235141.00	1.00	47.16	-1.72	3348.00	235141.00	87.15	24.00	219.00	34.02	1157.29	7.28	0.00	87.15	0.00	0.00	0.00	1.04	2698.00	23.86	0.00	0.00	0.00	0.00	0.00	0.00	0.00	
62.00	31.00	544.00	0.00	2690.00	156091.00	1.00	47.16	-2.22	3480.00	156091.00	58.03	23.00	134.00	19.64	385.80	4.69	0.00	58.03	0.00	0.00	0.00	1.04	2690.00	23.79	0.00	0.00	0.00	0.00	0.00	0.00	0.00	
63.00	1314.00	299.00	0.00	2689.00	199549.00	1.00	46.98	-1.49	3402.00	199549.00	74.21	26.00	179.00	23.27	541.58	5.43	0.00	74.21	0.00	0.00	0.00	1.04	2689.00	23.78	0.00	0.00	0.00	0.00	0.00	0.00	0.00	
64.00	1479.00	355.00	0.00	2689.00	206873.00	1.00	45.18	-1.38	3445.00	206873.00	76.93	24.00	207.00	30.26	915.72	5.96	0.00	76.93	0.00	0.00	0.00	1.05	2689.00	23.78	0.00	0.00	0.00	0.00	0.00	0.00	0.00	
65.00	1757.00	350.00	0.00	2672.00	206992.00	1.00	49.10	-0.38	3538.00	206992.00	77.47	23.00	255.00	35.17	1236.78	8.45	0.00	77.47	0.00	0.00	0.00	1.09	2672.00	23.63	0.00	0.00	0.00	0.00	0.00	0.00	0.00	
66.00	1884.00	669.00	0.00	2631.00	202622.00	1.00	49.08	-0.87	4095.00	202622.00	77.01	25.00	211.00	25.46	648.03	5.84	0.00	77.01	0.00	0.00	0.00	1.05	2631.00	23.26	0.01	0.00	0.00	0.00	0.00	0.00	0.00	
67.00	1327.00	368.00	0.00	2611.00	138747.00	1.00	46.39	-0.90	3364.00	138747.00	53.14	24.00	123.00	14.81	219.42	3.07	0.00	53.14	0.00	0.00	0.00	1.05	2611.00	23.09	0.01	0.00	0.00	0.00	0.00	0.00	0.00	
68.00	553.00	567.00	0.00	2611.00	236065.00	1.00	45.77	0.37	4012.00	236065.00	90.41	26.00	219.00	30.83	950.65	6.17	0.00	90.41	0.00	0.00	0.00	1.14	2611.00	23.09	0.02	0.00	0.00	0.00	0.00	0.00	0.00	
69.00	1574.00	272.00	0.00	2593.00	196982.00	1.00	46.31	-1.36	3348.00	196982.00	75.97	23.00	255.00	29.96	897.41	6.58	0.00	75.97	0.00	0.00	0.00	1.04	2593.00	22.93	0.01	0.00	0.00	0.00	0.00	0.00	0.00	
70.00	1716.00	678.00	0.00	2580.00	163522.00	1.00	43.89	-1.20	4588.00	163522.00	63.38	23.00	120.00	20.17	406.89	6.01	0.00	63.38	0.00	0.00	0.00	1.16	2580.00	22.81	0.00	0.00	0.00	0.00	0.00	0.00	0.00	
71.00	347.00	610.00	0.00	2563.00	192377.00	1.00	41.49	-2.24	3480.00	192377.00	75.06	21.00	232.00	29.13	848.59	6.51	0.00	75.06	0.00	0.00	0.00	1.10	2563.00	22.66	0.01	0.00	0.00	0.00	0.00	0.00	0.00	
72.00	1569.00	351.00	0.00	2558.00	214029.00	1.00	45.60	-0.77	3480.00	214029.00	83.67	21.00	240.00	34.29	1176.06	8.02	0.00	83.67	0.00	0.00	0.00	1.03	2558.00	22.62	0.01	0.00	0.00	0.00	0.00	0.00	0.00	
73.00	596.00	532.00	0.00	2550.00	191312.00	1.00	43.93	0.58	4964.00	191312.00	75.02	24.00	236.00	37.25	1387.85	7.27	0.00	75.02	0.00	0.00	0.00	1.11	2550.00	22.55	0.02	0.00	0.00	0.00	0.00	0.00	0.00	
74.00	1775.00	414.00	0.00	2535.00	120192.00	1.00	42.39	-1.12	3276.00	120192.00	47.41	25.00	129.00	15.59	243.08	2.97	0.00	47.41	0.00	0.00	0.00	1.06	2535.00	22.41	0.00	0.00	0.00	0.00	0.00	0.00	0.00	
75.00	1635.00	641.00	0.00	2529.00	184634.00	1.00	43.95	-0.64	3904.00	184634.00	73.01	23.00	255.00	30.04	902.27	7.49	0.00	73.01	0.00	0.00	0.00	1.11	2529.00	22.36	0.00	0.00	0.00	0.00	0.00	0.00	0.00	
76.00	1263.00	399.00	0.00	2517.00	126379.00	1.00	45.74	-1.28	3180.00	126379.00	50.21	24.00	131.00	14.89	221.58	3.47	0.00	50.21	0.00	0.00	0.00	1.02	2517.00	22.26	0.00	0.00	0.00	0.00	0.00	0.00	0.00	
77.00	1127.00	197.00	0.00	2514.00	170375.00	1.00	36.80	-1.61	3432.00	170375.00	67.77	19.00	202.00	33.44	1118.56	5.85	0.00	67.77	0.00	0.00	0.00	1.17	2514.00	22.23	0.00	0.00	0.00	0.00	0.00	0.00	0.00	
78.00	1678.00	175.00	0.00	2511.00	178176.00	1.00	41.26	-1.47	3120.00	178176.00	70.96	21.00	255.00	27.72	768.60	6.43	0.00	70.96	0.00	0.00	0.00	1.08	2511.00	22.20	0.01	0.00	0.00	0.00	0.00	0.00	0.00	
79.00	1177.00	315.00	0.00	2454.00	192189.00	1.00	44.75	-1.49	3402.00	192189.00	78.32	22.00	226.00	38.21	1459.85	7.60	0.00	78.32	0.00	0.00	0.00	1.01	2454.00	21.70	0.00	0.00	0.00	0.00	0.00	0.00	0.00	
80.00	447.00	454.00	0.00	2449.00	200564.00	1.00	41.90	-2.08	3294.00	200564.00	81.90	24.00	254.00	33.76	1139.94	7.54	0.00	81.90	0.00	0.00	0.00	1.05	2449.00	21.65	0.00	0.00	0.00	0.00	0.00	0.00	0.00	
81.00	430.00	682.00	0.00	2447.00	83917.00	1.00	46.03	-2.28	3538.00	83917.00	34.29	19.00	113.00	8.55	73.15	3.19	0.00	34.29	0.00	0.00	0.00	1.12	2447.00	21.64	0.00	0.00	0.00	0.00	0.00	0.00	0.00	
82.00	90.00	178.00	0.00	2414.00	89552.00	1.00	36.17	-2.08	3960.00	89552.00	37.10	21.00	255.00	14.34	205.70	3.23	0.00	37.10	0.00	0.00	0.00	1.18	2414.00	21.35	0.00	0.00	0.00	0.00	0.00	0.00	0.00	
83.00	1375.00	197.00	0.00	2411.00	183961.00	1.00	43.83	-1.69	3276.00	183961.00	76.30	23.00	228.00	31.30	979.49	7.52	0.00	76.30	0.00	0.00	0.00	1.00	2411.00	21.32	0.00	0.00	0.00	0.00	0.00	0.00	0.00	
84.00	131.00	391.00	0.00	2398.00	156277.00	1.00	45.31	-1.23	3660.00	156277.00	65.17	22.00	173.00	25.00	625.17	5.11	0.00	65.17	0.00	0.00	0.00	1.06	2398.00	21.20	0.01	0.00	0.00	0.00	0.00	0.00	0.00	
85.00	973.00	401.00	0.00	2347.00	215379.00	1.00	40.92	-2.01	3584.00	215379.00	91.77	22.00	241.00	36.40	1324.60	7.09	0.00	91.77	0.00	0.00	0.00	1.06	2347.00	20.75	0.01	0.00	0.00	0.00	0.00	0.00	0.00	
86.00	1231.00	211.00	0.00	2332.00	180307.00	1.00	44.15	-1.72	3240.00	180307.00	77.32	25.00	195.00	30.97	959.13	6.17	0.00	77.32	0.00	0.00	0.00	1.01	2332.00	20.62	0.00	0.00	0.00	0.00	0.00	0.00	0.00	
87.00	1536.00	151.00	0.00	2328.00	173545.00	1.00	44.02	0.64	3534.00	173545.00	74.55	22.00	183.00	21.93	480.94	4.71	0.00	74.55	0.00	0.00	0.00	1.06	2328.00	20.58	0.01	0.00	0.00	0.00	0.00	0.00	0.00	
88.00	125.00	455.00	0.00	2326.00	154888.00	1.00	40.63	-2.22	3132.00	154888.00	66.59	26.00	213.00	24.46	598.30	6.57	0.00	66.59	0.00	0.00	0.00	1.05	2326.00	20.57	0.00	0.00	0.00	0.00	0.00	0.00	0.00	
89.00	1700.00	107.00	0.00	2287.00	159104.00	1.00	43.87	-2.10	2964.00	159104.00	69.57	23.00	254.00	30.13	907.55	6.62	0.00	69.57	0.00	0.00	0.00	1.02	2287.00	20.22	0.00	0.00	0.00	0.00	0.00	0.00	0.00	
90.00	349.00	322.00	0.00	2283.00	171484.00	1.00	41.60	-1.91	3060.00	171484.00	75.11	24.00	190.00	28.65	821.03	5.93	0.00	75.11	0.00	0.00	0.00	1.01	2283.00	20.19	0.00	0.00	0.00	0.00	0.00	0.00	0.00	
91.00	1703.00	219.00	0.00	2276.00	142505.00	1.00	45.61	-0.63	3136.00	142505.00	62.61	23.00	127.00	21.87	478.13	5.26	0.00	62.61	0.00	0.00	0.00	1.00	2276.00	20.12	0.01	0.00	0.00	0.00	0.00	0.00	0.00	
92.00	132.00	252.00	0.00	2263.00	153187.00	1.00	37.80	-1.55	3080.00	153187.00	67.69	25.00	194.00	25.97	674.24	5.21	0.00	67.69	0.00	0.00	0.00	1.03	2263.00	20.01	0.01	0.00	0.00	0.00	0.00	0.00	0.00	
93.00	887.00	262.00	0.00	2251.00	178905.00	1.00	41.48	-1.83	3000.00	178905.00	79.48	24.00	241.00	32.50	1056.45	6.80	0.00	79.48	0.00	0.00	0.00	1.00	2251.00	19.90	0.00	0.00	0.00	0.00	0.00	0.00	0.00	
94.00	1538.00	301.00	0.00	2222.00	166219.00	1.00	38.92	-1.03	3339.00	166219.00	74.81	23.00	198.00	24.19	585.32	6.09	0.00	74.81	0.00	0.00	0.00	1.05	2222.00	19.65	0.01	0.00	0.00	0.00	0.00	0.00	0.00	
95.00	1866.00	337.00	0.00	2221.00	133740.00	1.00	42.31	-0.82	3080.00	133740.00	60.22	24.00	255.00	24.49	599.83	6.50	0.00	60.22	0.00	0.00	0.00	1.04	2221.00	19.64	0.00	0.00	0.00	0.00	0.00	0.00	0.00	
96.00	1182.00	258.00	0.00	2211.00	95243.00	1.00	41.07	-1.37	2989.00	95243.00	43.08	25.00	61.00	6.17	38.01	1.97	0.00	43.08	0.00	0.00	0.00	0.99	2211.00	19.55	0.00	0.00	0.00	0.00	0.00	0.00	0.00	
97.00	162.00	150.00	0.00	2205.00	91046.00	1.00	34.86	-2.29	4200.00	91046.00	41.29	22.00	255.00	25.46	648.39	4.94	0.00	41.29	0.00	0.00	0.00	1.29	2205.00	19.50	0.01	0.00	0.00	0.00	0.00	0.00	0.00	
98.00	167.00	72.00	0.00	2200.00	97962.00	1.00	42.41	0.21	5607.00	97962.00	44.53	19.00	255.00	27.45	753.44	6.59	0.00	44.53	0.00	0.00	0.00	1.43	2200.00	19.45	0.00	0.00	0.00	0.00	0.00	0.00	0.00	
99.00	1725.00	439.00	0.00	2162.00	158497.00	1.00	38.77	-1.39	2806.00	158497.00	73.31	24.00	204.00	27.39	750.32	6.45	0.00	73.31	0.00	0.00	0.00	1.06	2162.00	19.12	0.01	0.00	0.00	0.00	0.00	0.00	0.00	
100.00	1464.00	113.00	0.00	2138.00	157295.00	1.00	43.30	-1.17	2700.00	157295.00	73.57	26.00	171.00	24.09	580.18	5.83	0.00	73.57	0.00	0.00	0.00	0.98	2138.00	18.90	0.00	0.00	0.00	0.00	0.00	0.00	0.00	
101.00	1289.00	161.00	0.00	2113.00	175951.00	1.00	41.58	-0.93	2754.00	175951.00	83.27	24.00	255.00	37.00	1369.17	9.03	0.00	83.27	0.00	0.00	0.00	0.99	2113.00	18.68	0.00	0.00	0.00	0.00	0.00	0.00	0.00	
102.00	1793.00	28.00	0.00	2100.00	140376.00	1.00	40.30	-1.43	2726.00	140376.00	66.85	25.00	148.00	18.76	352.03	5.33	0.00	66.85	0.00	0.00	0.00	0.98	2100.00	18.57	0.00	0.00	0.00	0.00	0.00	0.00	0.00	
103.00	598.00	146.00	0.00	2041.00	173605.00	1.00	41.25	-2.17	2500.00	173605.00	85.06	24.00	255.00	36.19	1309.80	8.47	0.00	85.06	0.00	0.00	0.00	0.98	2041.00	18.05	0.00	0.00	0.00	0.00	0.00	0.00	0.00	
104.00	290.00	324.00	0.00	2041.00	120165.00	1.00	36.95	-1.98	2610.00	120165.00	58.88	24.00	174.00	19.22	369.58	5.05	0.00	58.88	0.00	0.00	0.00	1.02	2041.00	18.05	0.00	0.00	0.00	0.00	0.00	0.00	0.00	
105.00	1093.00	250.00	0.00	1998.00	164074.00	1.00	37.11	-2.31	3422.00	164074.00	82.12	21.00	228.00	34.22	1170.71	8.51	0.00	82.12	0.00	0.00	0.00	1.03	1998.00	17.67	0.02	0.00	0.00	0.00	0.00	0.00	0.00	
106.00	1170.00	120.00	0.00	1981.00	115570.00	1.00	39.77	-0.90	2499.00	115570.00	58.34	24.00	130.00	17.60	309.88	4.25	0.00	58.34	0.00	0.00	0.00	0.99	1981.00	17.52	0.00	0.00	0.00	0.00	0.00	0.00	0.00	
107.00	1112.00	118.00	0.00	1962.00	139570.00	1.00	38.62	-1.92	2592.00	139570.00	71.14	22.00	167.00	24.29	590.12	6.67	0.00	71.14	0.00	0.00	0.00	1.03	1962.00	17.35	0.01	0.00	0.00	0.00	0.00	0.00	0.00	
108.00	1898.00	243.00	0.00	1928.00	134917.00	1.00	41.32	-0.27	2392.00	134917.00	69.98	24.00	255.00	28.94	837.48	7.01	0.00	69.98	0.00	0.00	0.00	1.04	1928.00	17.05	0.00	0.00	0.00	0.00	0.00	0.00	0.00	
109.00	749.00	65.00	0.00	1892.00	150141.00	1.00	39.11	-1.52	2538.00	150141.00	79.36	23.00	255.00	31.19	972.58	8.48	0.00	79.36	0.00	0.00	0.00	0.95	1892.00	16.73	0.00	0.00	0.00	0.00	0.00	0.00	0.00	
110.00	1332.00	104.00	0.00	1877.00	72297.00	1.00	40.46	-1.57	2346.00	72297.00	38.52	25.00	72.00	7.78	60.57	2.15	0.00	38.52	0.00	0.00	0.00	0.95	1877.00	16.60	0.00	0.00	0.00	0.00	0.00	0.00	0.00	
111.00	215.00	182.00	0.00	1870.00	141312.00	1.00	38.99	-1.83	2332.00	141312.00	75.57	23.00	213.00	30.67	940.45	7.35	0.00	75.57	0.00	0.00	0.00	0.96	1870.00	16.53	0.01	0.00	0.00	0.00	0.00	0.00	0.00	
112.00	205.00	223.00	0.00	1863.00	147232.00	1.00	34.50	-1.80	2478.00	147232.00	79.03	26.00	222.00	30.77	947.03	7.58	0.00	79.03	0.00	0.00	0.00	1.01	1863.00	16.47	0.01	0.00	0.00	0.00	0.00	0.00	0.00	
113.00	1362.00	521.00	0.00	1857.00	92939.00	1.00	35.22	-0.16	2772.00	92939.00	50.05	24.00	93.00	9.73	94.74	2.58	0.00	50.05	0.00	0.00	0.00	1.16	1857.00	16.42	0.02	0.00	0.00	0.00	0.00	0.00	0.00	
114.00	1378.00	149.00	0.00	1850.00	135586.00	1.00	37.37	-0.94	2346.00	135586.00	73.29	20.00	140.00	20.36	414.73	7.20	0.00	73.29	0.00	0.00	0.00	0.98	1850.00	16.36	0.01	0.00	0.00	0.00	0.00	0.00	0.00	
115.00	703.00	124.00	0.00	1836.00	147322.00	1.00	36.85	-1.68	2408.00	147322.00	80.24	25.00	255.00	34.74	1206.83	9.30	0.00	80.24	0.00	0.00	0.00	0.95	1836.00	16.23	0.00	0.00	0.00	0.00	0.00	0.00	0.00	
116.00	1210.00	448.00	0.00	1824.00	66154.00	1.00	53.20	-1.51	3960.00	66154.00	36.27	20.00	112.00	11.18	125.02	6.47	0.00	36.27	0.00	0.00	0.00	0.97	1824.00	16.13	0.00	0.00	0.00	0.00	0.00	0.00	0.00	
117.00	1115.00	20.00	0.00	1807.00	145940.00	1.00	39.51	-1.43	2288.00	145940.00	80.76	24.00	255.00	37.22	1385.67	8.49	0.00	80.76	0.00	0.00	0.00	0.97	1807.00	15.98	0.00	0.00	0.00	0.00	0.00	0.00	0.00	
118.00	1773.00	535.00	0.00	1765.00	66632.00	1.00	38.40	0.42	2754.00	66632.00	37.75	25.00	67.00	9.15	83.76	1.92	0.00	37.75	0.00	0.00	0.00	1.01	1765.00	15.61	0.02	0.00	0.00	0.00	0.00	0.00	0.00	
119.00	632.00	495.00	0.00	1726.00	71050.00	1.00	41.26	-0.67	2862.00	71050.00	41.16	19.00	110.00	9.66	93.29	3.82	0.00	41.16	0.00	0.00	0.00	0.96	1726.00	15.26	0.02	0.00	0.00	0.00	0.00	0.00	0.00	
120.00	1101.00	76.00	0.00	1701.00	127796.00	1.00	38.79	-1.50	2444.00	127796.00	75.13	24.00	255.00	34.90	1218.32	7.80	0.00	75.13	0.00	0.00	0.00	0.92	1701.00	15.04	0.01	0.00	0.00	0.00	0.00	0.00	0.00	
121.00	238.00	66.00	0.00	1683.00	118454.00	1.00	33.57	-1.65	2052.00	118454.00	70.38	23.00	199.00	23.35	545.26	6.42	0.00	70.38	0.00	0.00	0.00	0.95	1683.00	14.88	0.00	0.00	0.00	0.00	0.00	0.00	0.00	
122.00	1805.00	632.00	0.00	1680.00	84945.00	1.00	26.45	-0.84	3520.00	84945.00	50.56	24.00	111.00	13.39	179.35	2.88	0.00	50.56	0.00	0.00	0.00	1.33	1680.00	14.85	0.03	0.00	0.00	0.00	0.00	0.00	0.00	
123.00	1549.00	51.00	0.00	1668.00	85668.00	1.00	34.01	-1.57	2352.00	85668.00	51.36	16.00	255.00	25.85	668.11	5.50	0.00	51.36	0.00	0.00	0.00	0.93	1668.00	14.75	0.00	0.00	0.00	0.00	0.00	0.00	0.00	
124.00	1396.00	55.00	0.00	1662.00	115798.00	1.00	33.14	-1.59	2451.00	115798.00	69.67	25.00	255.00	30.33	919.80	8.47	0.00	69.67	0.00	0.00	0.00	0.94	1662.00	14.70	0.00	0.00	0.00	0.00	0.00	0.00	0.00	
125.00	1241.00	57.00	0.00	1650.00	112163.00	1.00	34.44	-1.27	2236.00	112163.00	67.98	23.00	255.00	28.12	790.51	8.53	0.00	67.98	0.00	0.00	0.00	0.94	1650.00	14.59	0.00	0.00	0.00	0.00	0.00	0.00	0.00	
126.00	1899.00	110.00	0.00	1592.00	93680.00	1.00	38.05	-1.24	1932.00	93680.00	58.84	25.00	255.00	20.41	416.69	5.64	0.00	58.84	0.00	0.00	0.00	0.96	1592.00	14.08	0.00	0.00	0.00	0.00	0.00	0.00	0.00	
127.00	638.00	17.00	0.00	1563.00	118815.00	1.00	34.37	-1.74	2000.00	118815.00	76.02	18.00	255.00	33.23	1104.50	9.00	0.00	76.02	0.00	0.00	0.00	0.95	1563.00	13.82	0.00	0.00	0.00	0.00	0.00	0.00	0.00	
128.00	1418.00	548.00	0.00	1563.00	136329.00	1.00	27.46	-1.61	2244.00	136329.00	87.22	22.00	251.00	39.90	1591.65	8.57	0.00	87.22	0.00	0.00	0.00	1.02	1563.00	13.82	0.03	0.00	0.00	0.00	0.00	0.00	0.00	
129.00	1024.00	73.00	0.00	1535.00	102055.00	1.00	34.23	-1.39	2091.00	102055.00	66.49	19.00	255.00	25.01	625.50	7.10	0.00	66.49	0.00	0.00	0.00	0.90	1535.00	13.57	0.00	0.00	0.00	0.00	0.00	0.00	0.00	
130.00	935.00	471.00	0.00	1505.00	85087.00	1.00	30.49	-0.83	2303.00	85087.00	56.54	25.00	129.00	14.55	211.75	3.89	0.00	56.54	0.00	0.00	0.00	1.01	1505.00	13.31	0.03	0.00	0.00	0.00	0.00	0.00	0.00	
131.00	225.00	19.00	0.00	1493.00	101668.00	1.00	34.98	-1.84	1840.00	101668.00	68.10	23.00	255.00	30.62	937.70	8.05	0.00	68.10	0.00	0.00	0.00	0.95	1493.00	13.20	0.00	0.00	0.00	0.00	0.00	0.00	0.00	
132.00	1578.00	190.00	0.00	1492.00	139907.00	1.00	29.58	0.47	2376.00	139907.00	93.77	23.00	213.00	28.64	820.12	6.56	0.00	93.77	0.00	0.00	0.00	1.02	1492.00	13.19	0.05	0.00	0.00	0.00	0.00	0.00	0.00	
133.00	618.00	97.00	0.00	1375.00	85989.00	1.00	27.44	-1.43	1728.00	85989.00	62.54	24.00	119.00	16.44	270.22	5.67	0.00	62.54	0.00	0.00	0.00	0.96	1375.00	12.16	0.00	0.00	0.00	0.00	0.00	0.00	0.00	
134.00	11.00	711.00	0.00	1312.00	108580.00	1.00	26.10	0.11	1770.00	108580.00	82.76	26.00	200.00	36.57	1337.71	7.46	0.00	82.76	0.00	0.00	0.00	1.02	1312.00	11.60	0.00	0.00	0.00	0.00	0.00	0.00	0.00	
135.00	1030.00	226.00	0.00	1278.00	40196.00	1.00	32.32	-1.54	1927.00	40196.00	31.45	21.00	76.00	7.14	50.97	1.85	0.00	31.45	0.00	0.00	0.00	1.01	1278.00	11.30	0.01	0.00	0.00	0.00	0.00	0.00	0.00	
136.00	1536.00	225.00	0.00	1259.00	108993.00	1.00	25.25	-0.86	2288.00	108993.00	86.57	24.00	187.00	34.35	1179.93	7.91	0.00	86.57	0.00	0.00	0.00	1.11	1259.00	11.13	0.03	0.00	0.00	0.00	0.00	0.00	0.00	
137.00	1594.00	80.00	0.00	1198.00	76677.00	1.00	33.43	-2.33	1936.00	76677.00	64.00	23.00	225.00	35.93	1291.26	9.85	0.00	64.00	0.00	0.00	0.00	1.00	1198.00	10.59	0.00	0.00	0.00	0.00	0.00	0.00	0.00	
138.00	552.00	365.00	0.00	1189.00	38710.00	1.00	29.70	0.68	2208.00	38710.00	32.56	19.00	104.00	9.70	94.04	3.85	0.00	32.56	0.00	0.00	0.00	0.94	1189.00	10.51	0.00	0.00	0.00	0.00	0.00	0.00	0.00	
139.00	1047.00	256.00	0.00	1089.00	49215.00	1.00	27.40	-0.99	1435.00	49215.00	45.19	21.00	138.00	18.37	337.37	3.08	0.00	45.19	0.00	0.00	0.00	0.88	1089.00	9.63	0.05	0.00	0.00	0.00	0.00	0.00	0.00	
140.00	19.00	156.00	0.00	1071.00	56374.00	1.00	28.71	-1.35	1628.00	56374.00	52.64	23.00	255.00	30.34	920.64	7.66	0.00	52.64	0.00	0.00	0.00	0.96	1071.00	9.47	0.00	0.00	0.00	0.00	0.00	0.00	0.00	
141.00	1554.00	177.00	0.00	1012.00	86965.00	1.00	21.22	-2.25	2000.00	86965.00	85.93	24.00	204.00	27.84	775.29	5.63	0.00	85.93	0.00	0.00	0.00	1.10	1012.00	8.95	0.06	0.00	0.00	0.00	0.00	0.00	0.00	
142.00	716.00	390.00	0.00	1001.00	43358.00	1.00	19.17	-1.08	1998.00	43358.00	43.31	24.00	161.00	15.87	251.80	4.58	0.00	43.31	0.00	0.00	0.00	1.13	1001.00	8.85	0.05	0.00	0.00	0.00	0.00	0.00	0.00	
143.00	1557.00	216.00	0.00	972.00	66169.00	1.00	19.59	-0.83	2068.00	66169.00	68.08	22.00	133.00	18.33	336.15	4.63	0.00	68.08	0.00	0.00	0.00	1.16	972.00	8.59	0.05	0.00	0.00	0.00	0.00	0.00	0.00	
144.00	568.00	784.00	0.00	957.00	31613.00	1.00	29.03	0.10	2166.00	31613.00	33.03	20.00	103.00	10.62	112.85	5.20	0.00	33.03	0.00	0.00	0.00	0.93	957.00	8.46	0.00	0.00	0.00	0.00	0.00	0.00	0.00	
145.00	1068.00	200.00	0.00	801.00	26502.00	1.00	26.44	-0.25	1380.00	26502.00	33.09	19.00	102.00	9.07	82.21	4.84	0.00	33.09	0.00	0.00	0.00	0.90	801.00	7.08	0.01	0.00	0.00	0.00	0.00	0.00	0.00	
146.00	1529.00	7.00	0.00	703.00	50791.00	1.00	17.83	-1.66	1056.00	50791.00	72.25	22.00	255.00	40.79	1663.83	13.41	0.00	72.25	0.00	0.00	0.00	0.98	703.00	6.22	0.00	0.00	0.00	0.00	0.00	0.00	0.00	
147.00	1909.00	694.00	0.00	701.00	50125.00	1.00	21.17	0.15	912.00	50125.00	71.50	26.00	101.00	10.80	116.70	2.94	0.00	71.50	0.00	0.00	0.00	0.82	701.00	6.20	0.04	0.00	0.00	0.00	0.00	0.00	0.00	
148.00	586.00	422.00	0.00	656.00	25261.00	1.00	24.60	-0.35	1073.00	25261.00	38.51	16.00	103.00	13.24	175.42	7.12	0.00	38.51	0.00	0.00	0.00	0.85	656.00	5.80	0.03	0.00	0.00	0.00	0.00	0.00	0.00	
149.00	1381.00	513.00	0.00	655.00	34416.00	1.00	16.09	0.23	946.00	34416.00	52.54	25.00	84.00	6.62	43.82	1.75	0.00	52.54	0.00	0.00	0.00	0.93	655.00	5.79	0.08	0.00	0.00	0.00	0.00	0.00	0.00	
150.00	559.00	416.00	0.00	569.00	17895.00	1.00	19.94	0.19	1175.00	17895.00	31.45	21.00	105.00	8.32	69.14	4.50	0.00	31.45	0.00	0.00	0.00	0.96	569.00	5.03	0.00	0.00	0.00	0.00	0.00	0.00	0.00	
151.00	590.00	403.00	0.00	548.00	18957.00	1.00	13.87	-0.86	1295.00	18957.00	34.59	22.00	51.00	5.77	33.29	2.77	0.00	34.59	0.00	0.00	0.00	1.06	548.00	4.85	0.06	0.00	0.00	0.00	0.00	0.00	0.00	
152.00	525.00	572.00	0.00	491.00	36124.00	1.00	15.73	-0.35	714.00	36124.00	73.57	24.00	98.00	13.83	191.21	3.76	0.00	73.57	0.00	0.00	0.00	0.79	491.00	4.34	0.09	0.00	0.00	0.00	0.00	0.00	0.00	
153.00	273.00	961.00	0.00	466.00	17564.00	1.00	16.06	-1.67	1008.00	17564.00	37.69	22.00	108.00	14.09	198.42	6.05	0.00	37.69	0.00	0.00	0.00	0.93	466.00	4.12	0.00	0.00	0.00	0.00	0.00	0.00	0.00	
154.00	4.00	475.00	0.00	402.00	33349.00	1.00	12.15	0.01	588.00	33349.00	82.96	26.00	228.00	38.58	1488.19	12.38	0.00	82.96	0.00	0.00	0.00	0.86	402.00	3.55	0.00	0.00	0.00	0.00	0.00	0.00	0.00	
155.00	176.00	411.00	0.00	395.00	14193.00	1.00	14.29	0.02	420.00	14193.00	35.93	26.00	45.00	4.15	17.24	1.51	0.00	35.93	0.00	0.00	0.00	0.75	395.00	3.49	0.08	0.00	0.00	0.00	0.00	0.00	0.00	
156.00	798.00	516.00	0.00	358.00	11183.00	1.00	13.47	-1.68	646.00	11183.00	31.24	24.00	38.00	3.20	10.25	2.03	0.00	31.24	0.00	0.00	0.00	0.79	358.00	3.17	0.04	0.00	0.00	0.00	0.00	0.00	0.00	
157.00	163.00	409.00	0.00	345.00	13348.00	1.00	11.18	0.06	384.00	13348.00	38.69	25.00	49.00	6.98	48.66	1.80	0.00	38.69	0.00	0.00	0.00	0.77	345.00	3.05	0.09	0.00	0.00	0.00	0.00	0.00	0.00	
158.00	1913.00	722.00	0.00	248.00	22115.00	1.00	11.46	-0.21	336.00	22115.00	89.17	26.00	167.00	35.86	1285.78	11.96	0.00	89.17	0.00	0.00	0.00	0.71	248.00	2.19	0.03	0.00	0.00	0.00	0.00	0.00	0.00	
159.00	1915.00	410.00	0.00	232.00	7964.00	0.99	8.36	-0.04	320.00	7964.00	34.33	23.00	48.00	4.36	18.98	3.00	0.00	34.33	0.00	0.00	0.00	0.77	232.00	2.05	0.00	0.00	0.00	0.00	0.00	0.00	0.00	
160.00	927.00	442.00	0.00	210.00	9821.00	0.99	7.57	-2.26	504.00	9821.00	46.77	26.00	64.00	8.72	76.06	4.69	0.00	46.77	0.00	0.00	0.00	0.92	210.00	1.86	0.09	0.00	0.00	0.00	0.00	0.00	0.00	
161.00	526.00	800.00	0.00	170.00	5406.00	1.00	11.08	-0.37	368.00	5406.00	31.80	22.00	45.00	5.13	26.36	3.92	0.00	31.80	0.00	0.00	0.00	0.67	170.00	1.50	0.00	0.00	0.00	0.00	0.00	0.00	0.00	
163.00	533.00	780.00	0.00	148.00	4847.00	0.99	9.58	-1.24	273.00	4847.00	32.75	24.00	48.00	4.96	24.64	4.51	0.00	32.75	0.00	0.00	0.00	0.68	148.00	1.31	0.00	0.00	0.00	0.00	0.00	0.00	0.00	
164.00	1087.00	218.00	0.00	143.00	5541.00	0.99	6.81	-1.66	184.00	5541.00	38.75	20.00	65.00	8.87	78.60	6.44	0.00	38.75	0.00	0.00	0.00	0.65	143.00	1.26	0.07	0.00	0.00	0.00	0.00	0.00	0.00	
165.00	83.00	632.00	0.00	126.00	4177.00	0.98	5.26	-1.88	286.00	4177.00	33.15	25.00	43.00	4.55	20.69	5.52	0.00	33.15	0.00	0.00	0.00	0.85	126.00	1.11	0.00	0.00	0.00	0.00	0.00	0.00	0.00	
167.00	3.00	768.00	0.00	109.00	10234.00	1.00	10.51	-0.41	180.00	10234.00	93.89	22.00	255.00	85.64	7334.80	31.31	0.00	93.89	0.00	0.00	0.00	0.56	109.00	0.96	0.00	0.00	0.00	0.00	0.00	0.00	0.00	
168.00	987.00	431.00	0.00	108.00	6598.00	0.98	5.04	-1.70	168.00	6598.00	61.09	26.00	100.00	18.97	359.73	12.80	0.00	61.09	0.00	0.00	0.00	0.69	108.00	0.95	0.10	0.00	0.00	0.00	0.00	0.00	0.00	
169.00	953.00	434.00	0.00	89.00	4134.00	0.98	5.29	-1.48	108.00	4134.00	46.45	26.00	63.00	10.39	107.93	7.06	0.00	46.45	0.00	0.00	0.00	0.60	89.00	0.79	0.11	0.00	0.00	0.00	0.00	0.00	0.00	
170.00	549.00	763.00	0.00	84.00	3057.00	0.99	6.45	0.29	144.00	3057.00	36.39	26.00	48.00	5.25	27.59	6.15	0.00	36.39	0.00	0.00	0.00	0.56	84.00	0.74	0.00	0.00	0.00	0.00	0.00	0.00	0.00	
171.00	711.00	312.00	0.00	76.00	2266.00	0.98	4.75	-0.69	182.00	2266.00	29.82	25.00	37.00	2.52	6.37	2.25	0.00	29.82	0.00	0.00	0.00	0.69	76.00	0.67	0.13	0.00	0.00	0.00	0.00	0.00	0.00	
