ID	centroid_x	centroid_y	centroid_z	volume	integrated_intensity	eccentricity	elongation	orientation	bounding_box_volume	sum	mean	minimum	maximum	sigma	variance	surface_gradient	interior_gradient	surface_intensity	interior_intensity	intensity_ratio	convexity	radius_variation	surface_area	shape	shared_boundary	t_energy	t_entropy	inverse_diff_moment	inertia	cluster_shade	cluster_prominence	
1	325	704	0	5439	233229	0.999867	61.2783	0.1205	8510	233229	42.8809	15	104	11.0141	121.31	2.87067	0	42.8809	0	0	0	1.33315	5439	48.0927	0.0117125	0	0	0	0	0	0	
2	799	563	0	5425	226644	0.999845	56.7243	-1.71732	7035	226644	41.7777	17	108	8.6239	74.3717	2.80667	0	41.7777	0	0	0	1.3204	5425	47.9689	0.00758793	0	0	0	0	0	0	
3	806	638	0	5155	216831	0.99985	57.8132	-0.0967261	6468	216831	42.0623	18	100	7.3336	53.7817	2.77658	0	42.0623	0	0	0	1.34598	5155	45.5816	0.0116323	0	0	0	0	0	0	
4	401	653	0	5059	178468	0.999815	51.9788	-2.04039	7857	178468	35.2773	15	101	7.80032	60.845	1.71824	0	35.2773	0	0	0	1.44102	5059	44.7327	0.00744701	0	0	0	0	0	0	
5	526	778	0	4707	237213	0.999864	60.582	-0.493314	6708	237213	50.3958	13	129	10.7737	116.073	2.94453	0	50.3958	0	0	0	1.23456	4707	41.6202	0.0174466	0	0	0	0	0	0	
6	485	366	0	4641	185955	0.999772	46.7928	-1.95867	7000	185955	40.0679	19	92	9.20749	84.7779	2.36257	0	40.0679	0	0	0	1.43998	4641	41.0367	0.0041468	0	0	0	0	0	0	
7	301	456	0	4612	174955	0.999835	55.0285	-0.458219	7007	174955	37.9347	17	69	5.92722	35.1319	1.68723	0	37.9347	0	0	0	1.27639	4612	40.7802	0.0138947	0	0	0	0	0	0	
8	159	600	0	4481	199658	0.999842	56.3362	-0.945763	7426	199658	44.5566	17	122	9.98519	99.704	2.55476	0	44.5566	0	0	0	1.28982	4481	39.6219	0.0111684	0	0	0	0	0	0	
9	471	591	0	4249	161889	0.999831	54.3606	-0.267717	6603	161889	38.1005	15	65	7.61973	58.0603	1.54256	0	38.1005	0	0	0	1.27881	4249	37.5705	0.0178773	0	0	0	0	0	0	
10	705	915	0	4191	158568	0.999867	61.4162	0.369795	5396	158568	37.8354	18	81	8.98621	80.7519	2.50151	0	37.8354	0	0	0	1.15036	4191	37.0577	0	0	0	0	0	0	0	
11	719	813	0	4119	202001	0.99986	59.8383	0.663919	5256	202001	49.0413	19	153	12.326	151.93	4.06634	0	49.0413	0	0	0	1.15653	4119	36.421	0.00410413	0	0	0	0	0	0	
12	595	320	0	4117	205313	0.999814	51.857	-1.18765	6097	205313	49.8696	14	116	10.6552	113.532	3.53648	0	49.8696	0	0	0	1.23275	4117	36.4033	0.0115331	0	0	0	0	0	0	
13	796	820	0	3944	155246	0.999861	59.9809	0.584165	5112	155246	39.3626	16	87	9.79611	95.9639	2.88371	0	39.3626	0	0	0	1.13544	3944	34.8736	0	0	0	0	0	0	0	
14	785	901	0	3939	113317	0.999857	59.0621	0.366861	5254	113317	28.768	18	57	4.31745	18.6404	1.30332	0	28.768	0	0	0	1.13357	3939	34.8294	0	0	0	0	0	0	0	
15	458	778	0	3934	195243	0.999839	55.6776	-1.95762	5025	195243	49.6296	17	130	10.1821	103.674	3.04258	0	49.6296	0	0	0	1.1778	3934	34.7852	0.0212166	0	0	0	0	0	0	
16	670	733	0	3913	197070	0.999853	58.4017	-2.01695	5313	197070	50.3629	13	148	11.8801	141.137	3.60171	0	50.3629	0	0	0	1.14396	3913	34.5995	0.0195861	0	0	0	0	0	0	
17	127	452	0	3877	163816	0.999731	43.1283	-2.31629	6318	163816	42.2533	18	133	11.5372	133.107	3.56066	0	42.2533	0	0	0	1.41606	3877	34.2812	0.00359267	0	0	0	0	0	0	
18	1338	274	0	3784	163026	0.999711	41.574	-0.952634	6364	163026	43.083	16	250	17.4699	305.197	4.36566	0	43.083	0	0	0	1.4705	3784	33.4589	0.0113809	0	0	0	0	0	0	
19	410	835	0	3743	160542	0.999842	56.2499	0.420482	4958	160542	42.8913	14	144	12.3414	152.31	3.35781	0	42.8913	0	0	0	1.12593	3743	33.0964	0.0048906	0	0	0	0	0	0	
20	386	727	0	3709	180772	0.999849	57.5474	0.439777	4690	180772	48.7387	15	163	11.7903	139.01	3.15417	0	48.7387	0	0	0	1.12665	3709	32.7957	0.00584719	0	0	0	0	0	0	
21	1147	139	0	3688	152364	0.999775	47.1242	-0.636897	5624	152364	41.3134	14	136	9.28586	86.2272	3.35496	0	41.3134	0	0	0	1.27941	3688	32.61	0.00911221	0	0	0	0	0	0	
22	650	803	0	3674	171788	0.999818	52.4643	0.421459	5472	171788	46.7578	17	131	10.7067	114.633	3.83938	0	46.7578	0	0	0	1.16317	3674	32.4863	0.0105965	0	0	0	0	0	0	
23	1155	242	0	3634	140640	0.999742	44.005	-0.379364	5742	140640	38.7012	15	132	11.5627	133.695	4.35819	0	38.7012	0	0	0	1.33525	3634	32.1326	0.00459438	0	0	0	0	0	0	
24	339	613	0	3599	145005	0.99984	55.9092	0.71408	5476	145005	40.2904	16	96	7.10349	50.4596	2.32288	0	40.2904	0	0	0	1.11332	3599	31.8231	0.00840224	0	0	0	0	0	0	
25	581	185	0	3595	156751	0.999711	41.6115	-1.68871	4692	156751	43.6025	18	247	18.5457	343.941	4.89521	0	43.6025	0	0	0	1.30212	3595	31.7877	0	0	0	0	0	0	0	
26	611	500	0	3495	134618	0.999824	53.2466	-0.231945	5628	134618	38.5173	15	93	7.79974	60.8359	2.2145	0	38.5173	0	0	0	1.23471	3495	30.9035	0.0269199	0	0	0	0	0	0	
27	200	471	0	3439	150030	0.999668	38.8233	-2.1136	7038	150030	43.6261	16	113	12.4373	154.687	3.20702	0	43.6261	0	0	0	1.53973	3439	30.4083	0.0164638	0	0	0	0	0	0	
28	595	560	0	3428	131144	0.99981	51.2747	-0.0993512	5200	131144	38.2567	14	77	8.43468	71.1439	2.20086	0	38.2567	0	0	0	1.13895	3428	30.3111	0.0261685	0	0	0	0	0	0	
29	131	532	0	3417	137618	0.999776	47.2229	-2.18158	5400	137618	40.2745	16	121	12.6036	158.851	2.95799	0	40.2745	0	0	0	1.21012	3417	30.2138	0.00630605	0	0	0	0	0	0	
30	318	359	0	3390	127378	0.999794	49.3209	0.0589589	4235	127378	37.5746	18	252	14.3481	205.867	2.49759	0	37.5746	0	0	0	1.18911	3390	29.9751	0.018272	0	0	0	0	0	0	
31	682	334	0	3369	158496	0.999749	44.6796	0.445608	4819	158496	47.0454	18	171	12.8173	164.284	4.44164	0	47.0454	0	0	0	1.23897	3369	29.7894	0.00698006	0	0	0	0	0	0	
32	565	736	0	3328	174506	0.999796	49.5	-0.846293	5106	174506	52.4357	17	165	11.7194	137.345	3.60764	0	52.4357	0	0	0	1.12027	3328	29.4268	0.0286661	0	0	0	0	0	0	
33	1155	563	0	3305	147470	0.999837	55.3934	-0.138035	4290	147470	44.6203	17	174	13.8756	192.532	4.78141	0	44.6203	0	0	0	1.07988	3305	29.2235	0.0048021	0	0	0	0	0	0	
34	1492	512	0	3262	141612	0.999804	50.5222	-1.23193	4060	141612	43.4126	16	176	13.3353	177.829	3.89371	0	43.4126	0	0	0	1.09844	3262	28.8433	0.00634218	0	0	0	0	0	0	
35	474	833	0	3240	137458	0.999789	48.7075	0.598711	4320	137458	42.4253	11	142	14.7714	218.195	3.90292	0	42.4253	0	0	0	1.14852	3240	28.6487	0.0140866	0	0	0	0	0	0	
36	598	785	0	3228	149954	0.999801	50.0756	-2.30084	4690	149954	46.4542	15	143	13.6366	185.956	3.6692	0	46.4542	0	0	0	1.13765	3228	28.5426	0.022734	0	0	0	0	0	0	
37	545	644	0	3132	123900	0.999805	50.6409	0.510071	3953	123900	39.5594	15	88	6.27904	39.4264	2.27568	0	39.5594	0	0	0	1.10446	3132	27.6938	0.0138122	0	0	0	0	0	0	
38	218	751	0	3124	134751	0.999761	45.7692	0.676431	4624	134751	43.1341	16	124	10.6094	112.559	2.87753	0	43.1341	0	0	0	1.16103	3124	27.623	0.0153374	0	0	0	0	0	0	
39	752	669	0	3101	164006	0.999817	52.2792	-0.413749	4224	164006	52.8881	15	176	12.4648	155.372	4.32557	0	52.8881	0	0	0	1.07894	3101	27.4197	0.0162388	0	0	0	0	0	0	
40	887	589	0	3066	145025	0.999826	53.5631	-1.96029	4032	145025	47.301	16	162	13.5303	183.069	5.49394	0	47.301	0	0	0	1.06172	3066	27.1102	0.00689007	0	0	0	0	0	0	
41	901	874	0	3047	75511	0.999777	47.304	-0.273264	4884	75511	24.7821	18	35	3.50515	12.286	1.08396	0	24.7821	0	0	0	1.19315	3047	26.9422	0	0	0	0	0	0	0	
42	1045	631	0	3039	144545	0.999801	50.1386	-0.730408	4761	144545	47.5633	13	150	15.715	246.96	6.29956	0	47.5633	0	0	0	1.07502	3039	26.8715	0.0106952	0	0	0	0	0	0	
43	777	735	0	3029	130207	0.999807	50.8931	0.345538	4288	130207	42.9868	17	123	11.1675	124.713	3.17906	0	42.9868	0	0	0	1.11005	3029	26.783	0.021169	0	0	0	0	0	0	
44	1234	580	0	3028	135209	0.9998	50.0459	-1.18689	4209	135209	44.6529	20	165	13.4453	180.777	4.77885	0	44.6529	0	0	0	1.06729	3028	26.7742	0	0	0	0	0	0	0	
45	293	780	0	3009	120319	0.999729	42.9532	0.650032	4216	120319	39.9864	12	130	10.5581	111.474	3.14724	0	39.9864	0	0	0	1.19979	3009	26.6062	0.00716561	0	0	0	0	0	0	
46	831	750	0	2991	131751	0.999782	47.9324	-2.19751	3840	131751	44.0491	20	105	7.17693	51.5083	3.34096	0	44.0491	0	0	0	1.12681	2991	26.447	0.0166881	0	0	0	0	0	0	
47	458	719	0	2976	135315	0.999781	47.8125	0.686954	3844	135315	45.4688	15	145	12.7118	161.59	3.95765	0	45.4688	0	0	0	1.11762	2976	26.3144	0.00725338	0	0	0	0	0	0	
48	1483	438	0	2953	87670	0.99979	48.8017	-1.46674	4002	87670	29.6885	19	87	5.54372	30.7329	1.92087	0	29.6885	0	0	0	1.0613	2953	26.111	0	0	0	0	0	0	0	
49	1427	499	0	2941	117436	0.999797	49.6196	-1.19724	3591	117436	39.9306	20	165	13.7991	190.414	3.76863	0	39.9306	0	0	0	1.06677	2941	26.0049	0.00359242	0	0	0	0	0	0	
50	297	570	0	2935	104683	0.999762	45.8659	-1.98872	4260	104683	35.6671	16	81	5.70944	32.5977	1.76669	0	35.6671	0	0	0	1.10189	2935	25.9519	0.0192433	0	0	0	0	0	0	
51	488	651	0	2931	111741	0.999774	47.0702	-2.10937	3906	111741	38.1238	17	87	5.85583	34.2908	2.40867	0	38.1238	0	0	0	1.12989	2931	25.9165	0.0168466	0	0	0	0	0	0	
52	196	421	0	2899	128374	0.999784	48.1294	-1.33123	3834	128374	44.2822	12	143	10.8816	118.409	3.05302	0	44.2822	0	0	0	1.11561	2899	25.6335	0.0209917	0	0	0	0	0	0	
53	723	750	0	2879	137906	0.999764	46.0011	0.708208	4032	137906	47.9007	14	146	12.8844	166.008	3.68999	0	47.9007	0	0	0	1.14191	2879	25.4567	0.0278884	0	0	0	0	0	0	
54	1204	413	0	2864	161576	0.999808	50.9788	-1.56646	3584	161576	56.4162	12	164	16.1807	261.816	6.63169	0	56.4162	0	0	0	1.06149	2864	25.3241	0.0122196	0	0	0	0	0	0	
55	922	545	0	2860	135737	0.999802	50.2391	-0.573588	3717	135737	47.4605	15	143	14.6556	214.786	6.06133	0	47.4605	0	0	0	1.05503	2860	25.2887	0.0122401	0	0	0	0	0	0	
56	977	536	0	2855	114432	0.999811	51.391	0.292629	3599	114432	40.0813	12	150	13.9154	193.64	5.10068	0	40.0813	0	0	0	1.0521	2855	25.2445	0.00487395	0	0	0	0	0	0	
57	717	432	0	2849	110474	0.999778	47.5008	0.321348	4012	110474	38.7764	16	106	6.90812	47.7221	2.56663	0	38.7764	0	0	0	1.08236	2849	25.1914	0.0229866	0	0	0	0	0	0	
58	683	508	0	2849	113869	0.999782	47.8576	-1.5157	4118	113869	39.9681	18	121	9.44269	89.1644	3.2363	0	39.9681	0	0	0	1.04449	2849	25.1914	0.0183009	0	0	0	0	0	0	
59	176	727	0	2830	111729	0.99976	45.6579	-2.27	3540	111729	39.4802	16	134	10.5256	110.788	3.06965	0	39.4802	0	0	0	1.11157	2830	25.0234	0.015429	0	0	0	0	0	0	
60	641	605	0	2800	110483	0.999799	49.9181	-0.576972	3843	110483	39.4582	19	76	6.70544	44.9629	2.13483	0	39.4582	0	0	0	1.05403	2800	24.7582	0.0222222	0	0	0	0	0	0	
61	1583	389	0	2785	116600	0.999802	50.3031	-1.32256	3591	116600	41.8671	13	161	12.323	151.855	3.45191	0	41.8671	0	0	0	1.07436	2785	24.6255	0.0196213	0	0	0	0	0	0	
62	1193	464	0	2781	131183	0.999789	48.7013	-1.66744	3477	131183	47.1712	11	152	13.0592	170.543	5.17265	0	47.1712	0	0	0	1.0798	2781	24.5902	0.0151724	0	0	0	0	0	0	
63	404	581	0	2754	100989	0.999758	45.4497	-2.33462	3540	100989	36.6699	18	73	6.01853	36.2227	1.89618	0	36.6699	0	0	0	1.10339	2754	24.3514	0.0106161	0	0	0	0	0	0	
64	705	687	0	2754	139655	0.999778	47.442	-0.810476	4290	139655	50.7099	14	155	13.5604	183.883	4.18403	0	50.7099	0	0	0	1.06554	2754	24.3514	0.0247662	0	0	0	0	0	0	
65	257	702	0	2744	120669	0.999787	48.4463	0.534645	4224	120669	43.9756	12	118	11.4905	132.031	3.66585	0	43.9756	0	0	0	1.044	2744	24.263	0.0120042	0	0	0	0	0	0	
66	672	410	0	2736	103275	0.999801	50.1574	0.445568	3660	103275	37.7467	16	101	5.85034	34.2265	2.35765	0	37.7467	0	0	0	1.05089	2736	24.1923	0.0183759	0	0	0	0	0	0	
67	1197	135	0	2721	109459	0.999711	41.6088	-0.859284	4284	109459	40.2275	17	179	11.9182	142.043	3.39808	0	40.2275	0	0	0	1.18255	2721	24.0596	0.0198107	0	0	0	0	0	0	
68	1528	376	0	2720	118979	0.999769	46.4974	-1.46822	3392	118979	43.7423	18	163	13.6678	186.809	4.0993	0	43.7423	0	0	0	1.0556	2720	24.0508	0.00810716	0	0	0	0	0	0	
69	1550	494	0	2718	117142	0.999755	45.1985	-1.03808	3534	117142	43.0986	15	172	13.8233	191.085	3.85733	0	43.0986	0	0	0	1.08889	2718	24.0331	0.00369718	0	0	0	0	0	0	
70	1230	182	0	2714	115151	0.99977	46.6462	-1.42681	3630	115151	42.4285	15	141	13.989	195.692	3.56509	0	42.4285	0	0	0	1.03721	2714	23.9977	0.00757843	0	0	0	0	0	0	
71	1337	172	0	2713	106845	0.999759	45.5863	-0.754731	4160	106845	39.3826	14	249	20.4952	420.055	4.79512	0	39.3826	0	0	0	1.10191	2713	23.9889	0.00684211	0	0	0	0	0	0	
72	1091	481	0	2698	108802	0.999781	47.7648	-1.2695	3534	108802	40.3269	12	147	13.3662	178.655	4.43753	0	40.3269	0	0	0	1.03727	2698	23.8563	0	0	0	0	0	0	0	
73	656	555	0	2694	98712	0.999784	48.1124	-1.26555	3538	98712	36.6414	17	91	8.30628	68.9943	2.16523	0	36.6414	0	0	0	1.0445	2694	23.8209	0.023818	0	0	0	0	0	0	
74	448	478	0	2692	93891	0.999788	48.5151	0.35584	3416	93891	34.8778	19	81	6.45646	41.6859	1.95081	0	34.8778	0	0	0	1.03372	2692	23.8032	0.00658597	0	0	0	0	0	0	
75	1599	440	0	2688	118117	0.999748	44.5023	-1.28184	3498	118117	43.9423	16	158	14.3282	205.298	4.10113	0	43.9423	0	0	0	1.05883	2688	23.7678	0.021197	0	0	0	0	0	0	
76	546	581	0	2683	105058	0.999783	48.004	0.545216	3906	105058	39.1569	15	102	8.21375	67.4657	2.30805	0	39.1569	0	0	0	1.09229	2683	23.7236	0.0245464	0	0	0	0	0	0	
77	659	461	0	2682	97764	0.999775	47.1933	-1.52996	3591	97764	36.4519	16	70	6.41567	41.1609	1.99724	0	36.4519	0	0	0	1.05767	2682	23.7148	0.0244468	0	0	0	0	0	0	
78	280	518	0	2676	91927	0.999797	49.6279	-2.18593	3249	91927	34.3524	20	80	5.08385	25.8455	1.51162	0	34.3524	0	0	0	1.04838	2676	23.6617	0.0204301	0	0	0	0	0	0	
79	609	712	0	2661	117142	0.999776	47.2373	-0.371036	3904	117142	44.0218	20	133	11.154	124.411	3.65207	0	44.0218	0	0	0	1.04398	2661	23.5291	0.0159727	0	0	0	0	0	0	
80	110	633	0	2653	110754	0.999673	39.085	0.607315	4047	110754	41.7467	16	255	23.4816	551.388	4.09668	0	41.7467	0	0	0	1.21062	2653	23.4584	0.009319	0	0	0	0	0	0	
81	1398	428	0	2644	111746	0.99974	43.874	-1.20765	3618	111746	42.264	19	178	14.6609	214.943	4.38507	0	42.264	0	0	0	1.05628	2644	23.3788	0	0	0	0	0	0	0	
82	333	526	0	2619	110002	0.999756	45.2677	-0.384324	3886	110002	42.0015	16	87	7.26861	52.8327	1.66123	0	42.0015	0	0	0	1.05207	2619	23.1577	0.0435496	0	0	0	0	0	0	
83	598	630	0	2601	91979	0.999759	45.5429	0.0289822	3520	91979	35.3629	12	70	7.06245	49.8782	1.8857	0	35.3629	0	0	0	1.04735	2601	22.9986	0.0202206	0	0	0	0	0	0	
84	186	675	0	2599	93262	0.999759	45.5789	-2.12815	3648	93262	35.8838	14	88	8.74907	76.5462	2.76767	0	35.8838	0	0	0	1.06575	2599	22.9809	0.0180147	0	0	0	0	0	0	
85	785	478	0	2595	106737	0.999777	47.335	-0.630124	3654	106737	41.1318	19	98	7.10015	50.4121	3.32278	0	41.1318	0	0	0	1.02504	2595	22.9455	0.0147275	0	0	0	0	0	0	
86	1208	358	0	2591	110255	0.999758	45.4879	-2.19514	3591	110255	42.5531	18	132	9.94596	98.9222	3.28979	0	42.5531	0	0	0	1.04268	2591	22.9101	0.0151236	0	0	0	0	0	0	
87	1161	505	0	2589	101268	0.999749	44.6169	-1.10613	3596	101268	39.1147	12	105	11.3314	128.401	3.68206	0	39.1147	0	0	0	1.05103	2589	22.8925	0.0139912	0	0	0	0	0	0	
88	752	517	0	2534	104997	0.999766	46.2347	-1.16847	3472	104997	41.4353	16	95	8.60248	74.0027	2.75365	0	41.4353	0	0	0	1.03422	2534	22.4061	0.0252354	0	0	0	0	0	0	
89	1268	248	0	2531	85126	0.999706	41.2577	-0.932617	3540	85126	33.6333	18	56	5.85016	34.2244	1.8652	0	33.6333	0	0	0	1.16779	2531	22.3796	0.0141296	0	0	0	0	0	0	
90	1586	333	0	2499	112582	0.999741	43.9009	-1.12328	3705	112582	45.0508	15	145	11.2532	126.634	3.89008	0	45.0508	0	0	0	1.0263	2499	22.0967	0.0190767	0	0	0	0	0	0	
91	1642	415	0	2480	101361	0.999721	42.305	-1.03741	3402	101361	40.8714	13	108	8.87509	78.7672	2.9144	0	40.8714	0	0	0	1.05388	2480	21.9287	0.0204082	0	0	0	0	0	0	
92	164	368	0	2479	102897	0.999717	42.011	-2.09065	3510	102897	41.5075	13	120	12.2867	150.963	3.50108	0	41.5075	0	0	0	1.09524	2479	21.9198	0.00673336	0	0	0	0	0	0	
93	1380	348	0	2461	108686	0.999731	43.1197	-1.11317	3410	108686	44.1633	20	182	14.7922	218.81	4.42052	0	44.1633	0	0	0	1.03457	2461	21.7607	0	0	0	0	0	0	0	
94	1308	353	0	2450	102400	0.999768	46.3945	-1.47531	3770	102400	41.7959	17	176	13.7411	188.817	4.53019	0	41.7959	0	0	0	0.996788	2450	21.6634	0.00855033	0	0	0	0	0	0	
95	1211	252	0	2443	102180	0.999739	43.7877	-2.02609	3132	102180	41.8256	15	166	12.3704	153.027	4.07017	0	41.8256	0	0	0	1.03339	2443	21.6015	0.011928	0	0	0	0	0	0	
96	400	394	0	2436	89178	0.999718	42.1299	-1.95739	3286	89178	36.6084	15	82	6.78924	46.0938	2.37922	0	36.6084	0	0	0	1.04687	2436	21.5396	0.00646805	0	0	0	0	0	0	
97	232	653	0	2434	76467	0.999769	46.574	0.05025	3534	76467	31.4162	12	49	3.81171	14.5291	1.58686	0	31.4162	0	0	0	1.02225	2434	21.5219	0.0141011	0	0	0	0	0	0	
98	344	808	0	2430	96490	0.999711	41.5864	-0.736004	4221	96490	39.7078	16	121	8.81647	77.7302	3.1248	0	39.7078	0	0	0	1.09553	2430	21.4866	0.0166016	0	0	0	0	0	0	
99	1168	330	0	2429	101412	0.999752	44.9003	-1.48736	3402	101412	41.7505	19	160	12.6918	161.082	4.95967	0	41.7505	0	0	0	1.00218	2429	21.4777	0.0106049	0	0	0	0	0	0	
100	1662	343	0	2417	105641	0.999669	38.878	-1.2147	3290	105641	43.7075	15	156	12.76	162.818	4.22313	0	43.7075	0	0	0	1.08016	2417	21.3716	0.00394633	0	0	0	0	0	0	
101	591	450	0	2407	84058	0.999732	43.1964	0.691353	3420	84058	34.9223	17	83	6.16881	38.0542	1.95467	0	34.9223	0	0	0	1.02867	2407	21.2832	0.0138614	0	0	0	0	0	0	
102	479	432	0	2404	88730	0.999772	46.8756	-2.18749	3190	88730	36.9093	17	76	7.80852	60.973	2.04782	0	36.9093	0	0	0	1.00378	2404	21.2567	0.0142857	0	0	0	0	0	0	
103	785	348	0	2389	99054	0.999718	42.0884	-1.51083	3723	99054	41.4625	17	71	8.15475	66.5	3.63191	0	41.4625	0	0	0	1.02588	2389	21.124	0	0	0	0	0	0	0	
104	1654	466	0	2386	100330	0.999764	46.0139	-1.23841	3078	100330	42.0495	19	132	10.1782	103.595	3.45877	0	42.0495	0	0	0	1.0108	2386	21.0975	0.0126151	0	0	0	0	0	0	
105	575	394	0	2365	83173	0.999773	46.916	-1.39109	3192	83173	35.1683	18	96	7.55238	57.0385	2.69851	0	35.1683	0	0	0	1.02511	2365	20.9118	0.0141243	0	0	0	0	0	0	
106	1274	315	0	2355	98012	0.999735	43.4666	-1.70983	3111	98012	41.6187	17	170	13.7461	188.955	4.41364	0	41.6187	0	0	0	1.00304	2355	20.8234	0.0089141	0	0	0	0	0	0	
107	1594	231	0	2345	97385	0.999746	44.3558	-1.12109	3127	97385	41.5288	20	168	12.6084	158.972	4.1837	0	41.5288	0	0	0	1.0037	2345	20.735	0	0	0	0	0	0	0	
108	969	248	0	2313	102105	0.999766	46.2384	-1.97268	3080	102105	44.144	19	172	14.1707	200.808	4.48335	0	44.144	0	0	0	1.00714	2313	20.452	0.0125825	0	0	0	0	0	0	
109	247	405	0	2312	101635	0.999732	43.176	-2.11275	3472	101635	43.9598	14	141	12.5578	157.698	3.79931	0	43.9598	0	0	0	1.04142	2312	20.4432	0.0182902	0	0	0	0	0	0	
110	190	523	0	2298	99886	0.999683	39.6978	-2.3206	3080	99886	43.4665	14	128	12.7716	163.114	3.88749	0	43.4665	0	0	0	1.07232	2298	20.3194	0.0159751	0	0	0	0	0	0	
111	624	378	0	2289	95834	0.999727	42.8131	-2.06392	3016	95834	41.8672	18	82	7.21588	52.0689	2.92753	0	41.8672	0	0	0	1.00819	2289	20.2398	0.00812839	0	0	0	0	0	0	
112	1438	301	0	2278	90611	0.999725	42.6082	-1.17266	2900	90611	39.7766	20	155	12.0078	144.187	3.92552	0	39.7766	0	0	0	1.00821	2278	20.1425	0	0	0	0	0	0	0	
113	342	420	0	2239	82383	0.999744	44.1986	-2.24874	3190	82383	36.7946	16	53	5.05508	25.5538	1.74257	0	36.7946	0	0	0	0.980384	2239	19.7977	0.0170068	0	0	0	0	0	0	
114	519	291	0	2231	102897	0.999727	42.7989	-2.21886	2805	102897	46.1215	17	173	15.4365	238.286	5.15398	0	46.1215	0	0	0	0.998007	2231	19.727	0	0	0	0	0	0	0	
115	301	282	0	2226	94614	0.999724	42.5413	-2.15108	2860	94614	42.504	19	139	13.1977	174.178	3.91857	0	42.504	0	0	0	1.00497	2226	19.6827	0.0111397	0	0	0	0	0	0	
116	730	316	0	2226	105412	0.99974	43.8949	-0.195085	3120	105412	47.3549	17	162	13.0937	171.446	4.53484	0	47.3549	0	0	0	1.00504	2226	19.6827	0.0211538	0	0	0	0	0	0	
117	769	292	0	2217	103372	0.999685	39.8169	-1.31632	2976	103372	46.627	19	167	12.5076	156.44	3.90256	0	46.627	0	0	0	1.0259	2217	19.6032	0.0193382	0	0	0	0	0	0	
118	1749	335	0	2209	88152	0.999707	41.3425	-0.71721	2862	88152	39.9058	19	123	10.0454	100.911	3.72153	0	39.9058	0	0	0	1.01611	2209	19.5324	0	0	0	0	0	0	0	
119	466	250	0	2202	96294	0.999729	42.9539	-2.13842	2968	96294	43.7302	17	117	12.3432	152.353	4.08944	0	43.7302	0	0	0	0.993064	2202	19.4705	0.00864678	0	0	0	0	0	0	
120	186	321	0	2178	83904	0.999684	39.7844	-2.10816	3068	83904	38.5234	14	98	9.11704	83.1205	2.9038	0	38.5234	0	0	0	1.01605	2178	19.2583	0.0157205	0	0	0	0	0	0	
121	730	476	0	2159	81154	0.999647	37.6305	-2.05729	3355	81154	37.5887	18	69	6.89578	47.5518	1.8918	0	37.5887	0	0	0	1.09425	2159	19.0903	0.0378022	0	0	0	0	0	0	
122	1267	132	0	2158	91572	0.999712	41.6428	-1.86117	2736	91572	42.4337	15	165	14.7802	218.454	3.99444	0	42.4337	0	0	0	0.999258	2158	19.0815	0.00706714	0	0	0	0	0	0	
123	1615	301	0	2145	90819	0.999646	37.6102	-0.993212	2907	90819	42.3399	15	98	9.19911	84.6237	3.69535	0	42.3399	0	0	0	1.05714	2145	18.9665	0.019299	0	0	0	0	0	0	
124	781	202	0	2136	94977	0.999693	40.3528	-1.53559	2820	94977	44.4649	17	154	13.8854	192.805	5.03272	0	44.4649	0	0	0	0.982611	2136	18.8869	0	0	0	0	0	0	0	
125	217	585	0	2112	89318	0.999689	40.1088	0.226267	3120	89318	42.2907	20	115	10.992	120.824	3.86674	0	42.2907	0	0	0	0.996862	2112	18.6747	0.0116906	0	0	0	0	0	0	
126	823	129	0	2108	130535	0.99973	43.0283	0.635159	2915	130535	61.9236	19	189	19.7729	390.967	5.92586	0	61.9236	0	0	0	0.969309	2108	18.6394	0.0160199	0	0	0	0	0	0	
127	992	202	0	2101	89873	0.999685	39.8122	-2.24894	2703	89873	42.7763	16	172	14.16	200.504	4.53439	0	42.7763	0	0	0	1.0088	2101	18.5775	0.00634921	0	0	0	0	0	0	
128	1064	159	0	2096	75695	0.999717	42.0212	-1.49989	2744	75695	36.114	16	99	11.0596	122.315	3.61085	0	36.114	0	0	0	0.966452	2096	18.5333	0	0	0	0	0	0	0	
129	337	243	0	2081	75826	0.99968	39.5477	-1.77688	2842	75826	36.4373	15	77	6.88044	47.3404	2.99103	0	36.4373	0	0	0	0.984503	2081	18.4006	0.0105119	0	0	0	0	0	0	
130	374	471	0	2076	70214	0.999679	39.4905	-1.86952	2773	70214	33.8218	20	57	4.3886	19.2598	1.69559	0	33.8218	0	0	0	1.02464	2076	18.3564	0.0126031	0	0	0	0	0	0	
131	1389	229	0	2067	79734	0.999687	40.0041	-1.36446	2576	79734	38.5747	20	140	11.793	139.075	3.99096	0	38.5747	0	0	0	0.97934	2067	18.2768	0	0	0	0	0	0	0	
132	527	430	0	2051	75034	0.999685	39.861	0.652759	2448	75034	36.5841	15	100	7.85187	61.6518	2.59694	0	36.5841	0	0	0	1.02093	2051	18.1354	0.00930233	0	0	0	0	0	0	
133	878	259	0	2046	85091	0.999699	40.7764	-2.15414	2600	85091	41.589	15	161	12.658	160.225	4.37391	0	41.589	0	0	0	0.99338	2046	18.0911	0.012093	0	0	0	0	0	0	
134	1555	165	0	2021	84541	0.999689	40.1142	-0.247532	2688	84541	41.8313	16	133	12.0164	144.394	4.49535	0	41.8313	0	0	0	0.967483	2021	17.8701	0.00117647	0	0	0	0	0	0	
135	832	239	0	2008	84615	0.999669	38.8717	-1.81981	2622	84615	42.1389	15	164	14.3223	205.128	4.98846	0	42.1389	0	0	0	0.98382	2008	17.7551	0.00520833	0	0	0	0	0	0	
136	553	346	0	1999	88396	0.999608	35.7247	-0.598989	3021	88396	44.2201	15	88	8.75135	76.5862	2.89214	0	44.2201	0	0	0	1.07346	1999	17.6756	0.032954	0	0	0	0	0	0	
137	261	357	0	1993	75858	0.999643	37.4448	-1.70148	3224	75858	38.0622	14	255	25.5447	652.529	4.97269	0	38.0622	0	0	0	1.04922	1993	17.6225	0.0172251	0	0	0	0	0	0	
138	1323	223	0	1990	79281	0.999642	37.3804	-1.49778	2580	79281	39.8397	16	69	7.11798	50.6656	3.28511	0	39.8397	0	0	0	0.996095	1990	17.596	0.0174224	0	0	0	0	0	0	
139	255	313	0	1990	84100	0.999663	38.5438	-2.32061	2756	84100	42.2613	11	109	10.4361	108.912	3.85936	0	42.2613	0	0	0	1.00026	1990	17.596	0.00763723	0	0	0	0	0	0	
140	860	100	0	1989	111948	0.999675	39.2328	-1.11806	2744	111948	56.2836	13	179	19.1422	366.424	6.38554	0	56.2836	0	0	0	0.973964	1989	17.5871	0.0095511	0	0	0	0	0	0	
141	775	252	0	1986	82810	0.999647	37.6589	-1.47375	2537	82810	41.6969	14	148	10.0484	100.971	3.75909	0	41.6969	0	0	0	0.981057	1986	17.5606	0.0110153	0	0	0	0	0	0	
142	394	346	0	1985	72857	0.999662	38.4716	0.476974	2646	72857	36.7038	16	255	21.9103	480.059	3.89125	0	36.7038	0	0	0	1.00008	1985	17.5518	0.011244	0	0	0	0	0	0	
143	591	264	0	1975	84662	0.999639	37.2304	-2.28926	2750	84662	42.8668	16	139	11.9913	143.791	4.17191	0	42.8668	0	0	0	1.01054	1975	17.4633	0.006247	0	0	0	0	0	0	
144	504	564	0	1956	73496	0.99967	38.9379	-0.812088	2703	73496	37.5746	16	54	6.52809	42.6159	1.39151	0	37.5746	0	0	0	1.04558	1956	17.2953	0.0354197	0	0	0	0	0	0	
145	905	137	0	1945	89607	0.999679	39.4532	-1.23032	2491	89607	46.0704	15	170	15.4666	239.215	5.13456	0	46.0704	0	0	0	0.967676	1945	17.1981	0.00611247	0	0	0	0	0	0	
146	249	252	0	1932	78549	0.99966	38.3617	-1.83098	2773	78549	40.6568	18	108	9.76899	95.4332	3.64214	0	40.6568	0	0	0	0.962995	1932	17.0831	0.0095682	0	0	0	0	0	0	
147	1031	52	0	1885	70496	0.9997	40.7991	-0.747911	2401	70496	37.3984	16	154	14.8833	221.513	5.07723	0	37.3984	0	0	0	0.947157	1885	16.6676	0	0	0	0	0	0	0	
148	653	126	0	1884	81043	0.999649	37.7612	-1.87854	2484	81043	43.0165	18	177	14.9381	223.146	4.86556	0	43.0165	0	0	0	0.958337	1884	16.6587	0	0	0	0	0	0	0	
149	954	138	0	1884	74965	0.999679	39.4473	-1.01714	2400	74965	39.7903	19	155	13.1739	173.553	4.17414	0	39.7903	0	0	0	0.95945	1884	16.6587	0.00580222	0	0	0	0	0	0	
150	1614	174	0	1883	54133	0.999661	38.4186	-0.430862	2438	54133	28.7483	20	47	4.5118	20.3564	1.77368	0	28.7483	0	0	0	0.965274	1883	16.6499	0	0	0	0	0	0	0	
151	1075	81	0	1822	68765	0.999702	40.9586	-2.19608	2352	68765	37.7415	13	129	12.1426	147.444	4.58111	0	37.7415	0	0	0	0.953117	1822	16.1105	0.00807712	0	0	0	0	0	0	
152	759	64	0	1806	118295	0.999649	37.7349	-2.23128	2438	118295	65.5011	17	255	35.2572	1243.07	8.87142	0	65.5011	0	0	0	0.991693	1806	15.969	0.0117739	0	0	0	0	0	0	
153	1241	44	0	1754	71961	0.999624	36.4655	-1.58742	2226	71961	41.0268	19	160	13.7817	189.936	4.43428	0	41.0268	0	0	0	0.934519	1754	15.5092	0	0	0	0	0	0	0	
154	923	260	0	1743	73718	0.999673	39.0766	0.557665	2025	73718	42.2937	18	70	7.28009	52.9998	3.30371	0	42.2937	0	0	0	0.967736	1743	15.412	0.0188216	0	0	0	0	0	0	
155	686	176	0	1726	66411	0.999594	35.1101	-1.70833	2268	66411	38.4768	16	115	9.84125	96.8502	4.17015	0	38.4768	0	0	0	0.942737	1726	15.2616	0	0	0	0	0	0	0	
156	366	201	0	1722	68849	0.99958	34.4892	-1.95208	2184	68849	39.982	18	131	10.8249	117.177	3.86611	0	39.982	0	0	0	0.966317	1722	15.2263	0.00412996	0	0	0	0	0	0	
157	1387	105	0	1721	72896	0.999635	37.0338	-1.73091	2420	72896	42.3568	20	146	11.4666	131.483	3.93974	0	42.3568	0	0	0	0.952797	1721	15.2174	0.0104396	0	0	0	0	0	0	
158	399	537	0	1686	59447	0.999575	34.302	-2.17287	2496	59447	35.2592	19	54	3.83763	14.7274	1.62182	0	35.2592	0	0	0	0.985583	1686	14.908	0.0338746	0	0	0	0	0	0	
159	475	71	0	1679	67094	0.999626	36.5729	-2.28266	2115	67094	39.9607	19	133	12.4251	154.382	4.48871	0	39.9607	0	0	0	0.938744	1679	14.8461	0	0	0	0	0	0	0	
160	369	509	0	1672	65141	0.999604	35.5244	-0.9883	2448	65141	38.9599	15	68	7.60383	57.8183	1.93689	0	38.9599	0	0	0	1.02223	1672	14.7842	0.0487874	0	0	0	0	0	0	
161	1468	47	0	1654	68484	0.99962	36.3017	-1.29122	2200	68484	41.4051	20	180	12.4297	154.498	3.91518	0	41.4051	0	0	0	0.92787	1654	14.625	0.0097254	0	0	0	0	0	0	
162	214	282	0	1648	69328	0.999576	34.325	-1.76883	2378	69328	42.068	15	255	26.7981	718.139	5.28125	0	42.068	0	0	0	0.945619	1648	14.5719	0.0216648	0	0	0	0	0	0	
163	509	233	0	1647	68166	0.999674	39.1437	-2.25229	2303	68166	41.388	20	152	12.0369	144.886	4.20759	0	41.388	0	0	0	0.9409	1647	14.5631	0.0114745	0	0	0	0	0	0	
164	354	147	0	1635	63918	0.999557	33.5936	-1.76442	2200	63918	39.0936	16	125	11.1138	123.517	4.03919	0	39.0936	0	0	0	0.936915	1635	14.457	0	0	0	0	0	0	0	
165	969	29	0	1633	62718	0.999623	36.421	-1.68046	2100	62718	38.4066	16	134	13.4186	180.058	4.90765	0	38.4066	0	0	0	0.915951	1633	14.4393	0.00347826	0	0	0	0	0	0	
166	1438	17	0	1627	73107	0.999584	34.6925	-1.50291	2310	73107	44.9336	17	249	24.3102	590.986	5.12739	0	44.9336	0	0	0	0.951135	1627	14.3863	0.0144928	0	0	0	0	0	0	
167	1078	14	0	1625	75524	0.999527	32.523	-1.6858	2331	75524	46.4763	19	163	15.4807	239.652	4.94328	0	46.4763	0	0	0	1.03645	1625	14.3686	0	0	0	0	0	0	0	
168	291	210	0	1601	65472	0.999553	33.4537	-2.03045	2091	65472	40.8944	16	255	28.0209	785.171	5.78268	0	40.8944	0	0	0	0.982879	1601	14.1564	0	0	0	0	0	0	0	
169	800	94	0	1588	89687	0.999539	32.9353	-2.29248	2160	89687	56.478	16	254	22.1623	491.168	6.51721	0	56.478	0	0	0	0.983564	1588	14.0414	0.00981559	0	0	0	0	0	0	
170	1313	124	0	1588	68078	0.999558	33.6507	-0.858986	2254	68078	42.8703	14	159	12.8625	165.445	4.3443	0	42.8703	0	0	0	0.964923	1588	14.0414	0.0248963	0	0	0	0	0	0	
171	1076	604	0	1588	67946	0.9996	35.3485	-0.986915	2448	67946	42.7872	15	159	14.5062	210.429	5.37296	0	42.7872	0	0	0	0.939372	1588	14.0414	0.0201541	0	0	0	0	0	0	
172	1300	62	0	1579	63013	0.99956	33.7174	-1.41443	2120	63013	39.9069	20	150	13.0793	171.068	4.89222	0	39.9069	0	0	0	0.91523	1579	13.9618	0	0	0	0	0	0	0	
173	1512	132	0	1577	60603	0.999575	34.2905	-1.44747	2268	60603	38.4293	16	97	7.24605	52.5053	3.32843	0	38.4293	0	0	0	0.914293	1577	13.9442	0.015233	0	0	0	0	0	0	
174	1562	292	0	1572	56694	0.999616	36.079	-1.69085	2107	56694	36.0649	18	90	8.95421	80.1778	3.08531	0	36.0649	0	0	0	0.919299	1572	13.8999	0.0171171	0	0	0	0	0	0	
175	1343	98	0	1558	73441	0.999565	33.9012	-1.78783	2288	73441	47.138	17	251	24.9443	622.217	5.91825	0	47.138	0	0	0	0.936728	1558	13.7762	0.0196138	0	0	0	0	0	0	
176	818	14	0	1539	41823	0.999483	31.1107	-1.3472	2124	41823	27.1754	20	55	6.34102	40.2085	1.43782	0	27.1754	0	0	0	1.0071	1539	13.6081	0.00703794	0	0	0	0	0	0	
177	279	168	0	1537	52758	0.999605	35.5783	0.773913	1935	52758	34.3253	18	83	8.67488	75.2535	3.30228	0	34.3253	0	0	0	0.959098	1537	13.5905	0	0	0	0	0	0	0	
178	413	88	0	1514	66573	0.999528	32.5511	-1.87543	2184	66573	43.9716	13	255	28.6895	823.089	6.19228	0	43.9716	0	0	0	0.962691	1514	13.3871	0	0	0	0	0	0	0	
179	407	162	0	1482	56730	0.999509	31.9176	-1.99385	1911	56730	38.2794	16	255	27.9025	778.55	5.45378	0	38.2794	0	0	0	0.946775	1482	13.1041	0	0	0	0	0	0	0	
180	1381	44	0	1464	63739	0.999593	35.058	-1.24704	2068	63739	43.5376	18	248	25.0982	629.922	6.16518	0	43.5376	0	0	0	0.914535	1464	12.945	0.0093068	0	0	0	0	0	0	
181	1340	32	0	1463	52720	0.999581	34.5502	-1.47939	1920	52720	36.0355	20	129	11.5071	132.413	3.95484	0	36.0355	0	0	0	0.902111	1463	12.9361	0.00934881	0	0	0	0	0	0	
182	546	47	0	1430	57021	0.999516	32.1561	-1.8871	1950	57021	39.8748	10	255	22.6532	513.169	6.15521	0	39.8748	0	0	0	0.905279	1430	12.6443	0	0	0	0	0	0	0	
183	358	562	0	1411	56132	0.999481	31.057	-2.34117	2115	56132	39.7817	17	79	7.21507	52.0573	2.21683	0	39.7817	0	0	0	0.950194	1411	12.4763	0.0502329	0	0	0	0	0	0	
184	727	47	0	1385	83758	0.999408	29.0625	-2.25751	2058	83758	60.4751	17	151	17.9956	323.842	5.69535	0	60.4751	0	0	0	0.995619	1385	12.2464	0.0152336	0	0	0	0	0	0	
185	1118	81	0	1363	59420	0.999537	32.8556	-1.57278	1932	59420	43.595	12	255	24.1674	584.065	5.08054	0	43.595	0	0	0	0.903116	1363	12.0519	0.0168733	0	0	0	0	0	0	
186	591	16	0	1327	54947	0.99945	30.1529	-1.75441	1728	54947	41.4069	13	255	28.6503	820.842	6.54071	0	41.4069	0	0	0	0.897895	1327	11.7336	0	0	0	0	0	0	0	
187	924	14	0	1287	47217	0.9994	28.8717	-1.49001	1551	47217	36.6876	14	113	11.4428	130.938	3.77388	0	36.6876	0	0	0	0.926176	1287	11.3799	0.00438917	0	0	0	0	0	0	
188	1129	47	0	1286	50357	0.999391	28.6698	-0.963336	1794	50357	39.1579	15	88	8.16889	66.7307	3.60782	0	39.1579	0	0	0	0.941666	1286	11.3711	0.00656455	0	0	0	0	0	0	
189	817	708	0	1258	52479	0.999338	27.4961	-1.00857	1887	52479	41.7162	20	73	5.60001	31.3601	2.25334	0	41.7162	0	0	0	0.973825	1258	11.1235	0.0560921	0	0	0	0	0	0	
190	365	785	0	1213	52583	0.999231	25.4994	-0.814427	1936	52583	43.3495	13	117	11.8761	141.041	3.81538	0	43.3495	0	0	0	1.0465	1213	10.7256	0.0299769	0	0	0	0	0	0	
191	1142	15	0	1178	41510	0.999305	26.8274	-1.26236	1504	41510	35.2377	17	80	9.1655	84.0063	4.17343	0	35.2377	0	0	0	0.910562	1178	10.4161	0	0	0	0	0	0	0	
192	355	367	0	1129	45857	0.999237	25.6082	0.263344	1500	45857	40.6174	17	81	8.88134	78.8783	3.02443	0	40.6174	0	0	0	0.944621	1129	9.98285	0.0338843	0	0	0	0	0	0	
194	839	697	0	1025	42924	0.998757	20.0635	-0.792525	1935	42924	41.8771	20	56	5.66914	32.1392	2.28096	0	41.8771	0	0	0	1.1814	1025	9.06326	0.0458221	0	0	0	0	0	0	
195	1485	95	0	971	37032	0.999323	27.185	-2.34165	1600	37032	38.138	19	145	11.1073	123.373	3.92636	0	38.138	0	0	0	0.864861	971	8.58578	0.0256898	0	0	0	0	0	0	
196	864	9	0	884	21665	0.998766	20.1333	-1.53979	1175	21665	24.5079	14	198	14.0456	197.279	2.57727	0	24.5079	0	0	0	0.928866	884	7.81651	0.0120042	0	0	0	0	0	0	
200	287	384	0	577	19801	0.998043	15.9914	-0.0655756	703	19801	34.3172	20	40	3.33358	11.1128	1.29	0	34.3172	0	0	0	0.842968	577	5.10195	0.0726698	0	0	0	0	0	0	
201	1499	108	0	557	19021	0.997889	15.3968	-2.34626	1178	19021	34.149	18	49	5.05236	25.5263	2.65434	0	34.149	0	0	0	1.01501	557	4.92511	0.0798722	0	0	0	0	0	0	
202	689	5	0	521	36607	0.997279	13.565	-1.55615	720	36607	70.263	20	207	34.5063	1190.69	11.1356	0	70.263	0	0	0	0.911057	521	4.60679	0	0	0	0	0	0	0	
206	1398	5	0	388	21019	0.99679	12.4897	-1.61231	570	21019	54.1727	15	249	47.6468	2270.22	14.3795	0	54.1727	0	0	0	0.84827	388	3.43077	0.0180995	0	0	0	0	0	0	
