ID	centroid_x	centroid_y	centroid_z	volume	integrated_intensity	eccentricity	elongation	orientation	bounding_box_volume	sum	mean	minimum	maximum	sigma	variance	surface_gradient	interior_gradient	surface_intensity	interior_intensity	intensity_ratio	convexity	radius_variation	surface_area	shape	shared_boundary	t_energy	t_entropy	inverse_diff_moment	inertia	cluster_shade	cluster_prominence	
1.00	767.00	652.00	0.00	32196.00	3698558.00	1.00	146.74	0.58	65280.00	3698558.00	114.88	34.00	255.00	34.21	1170.31	7.60	0.00	114.88	0.00	0.00	0.00	2.56	32196.00	284.68	0.01	0.00	0.00	0.00	0.00	0.00	0.00	
2.00	1124.00	711.00	0.00	18884.00	2105578.00	1.00	131.60	-1.45	42904.00	2105578.00	111.50	31.00	255.00	32.53	1058.21	8.49	0.00	111.50	0.00	0.00	0.00	1.89	18884.00	166.98	0.00	0.00	0.00	0.00	0.00	0.00	0.00	
3.00	833.00	230.00	0.00	18675.00	1926081.00	1.00	120.92	-1.67	45360.00	1926081.00	103.14	34.00	255.00	31.33	981.45	6.86	0.00	103.14	0.00	0.00	0.00	2.11	18675.00	165.13	0.00	0.00	0.00	0.00	0.00	0.00	0.00	
4.00	186.00	628.00	0.00	15607.00	1465917.00	1.00	115.32	-1.96	39150.00	1465917.00	93.93	33.00	255.00	28.25	797.87	6.48	0.00	93.93	0.00	0.00	0.00	2.10	15607.00	138.00	0.00	0.00	0.00	0.00	0.00	0.00	0.00	
5.00	646.00	395.00	0.00	14396.00	1503734.00	1.00	128.11	-1.44	32274.00	1503734.00	104.45	36.00	255.00	28.26	798.56	7.34	0.00	104.45	0.00	0.00	0.00	1.97	14396.00	127.29	0.01	0.00	0.00	0.00	0.00	0.00	0.00	
6.00	894.00	819.00	0.00	13145.00	1456860.00	1.00	115.73	-0.50	24192.00	1456860.00	110.83	33.00	255.00	35.94	1291.57	8.88	0.00	110.83	0.00	0.00	0.00	1.62	13145.00	116.23	0.00	0.00	0.00	0.00	0.00	0.00	0.00	
7.00	374.00	986.00	0.00	11799.00	1158979.00	1.00	71.89	-0.52	22610.00	1158979.00	98.23	36.00	255.00	27.21	740.61	6.51	0.00	98.23	0.00	0.00	0.00	2.07	11799.00	104.33	0.00	0.00	0.00	0.00	0.00	0.00	0.00	
8.00	1307.00	455.00	0.00	10847.00	986846.00	1.00	92.92	-1.21	18676.00	986846.00	90.98	34.00	251.00	33.82	1143.78	6.44	0.00	90.98	0.00	0.00	0.00	1.57	10847.00	95.91	0.00	0.00	0.00	0.00	0.00	0.00	0.00	
9.00	501.00	352.00	0.00	9876.00	901496.00	1.00	89.46	-0.18	16936.00	901496.00	91.28	34.00	255.00	35.25	1242.43	6.36	0.00	91.28	0.00	0.00	0.00	1.52	9876.00	87.33	0.00	0.00	0.00	0.00	0.00	0.00	0.00	
10.00	654.00	546.00	0.00	9635.00	1041521.00	1.00	76.77	-1.57	15552.00	1041521.00	108.10	36.00	255.00	30.52	931.30	7.41	0.00	108.10	0.00	0.00	0.00	1.68	9635.00	85.19	0.00	0.00	0.00	0.00	0.00	0.00	0.00	
11.00	1003.00	965.00	0.00	8707.00	1068345.00	1.00	67.12	-0.16	11424.00	1068345.00	122.70	35.00	255.00	38.54	1485.59	9.88	0.00	122.70	0.00	0.00	0.00	1.58	8707.00	76.99	0.00	0.00	0.00	0.00	0.00	0.00	0.00	
12.00	921.00	699.00	0.00	8505.00	833134.00	1.00	82.17	-1.32	14125.00	833134.00	97.96	35.00	255.00	40.30	1623.95	7.38	0.00	97.96	0.00	0.00	0.00	1.56	8505.00	75.20	0.01	0.00	0.00	0.00	0.00	0.00	0.00	
13.00	500.00	502.00	0.00	7059.00	668320.00	1.00	65.82	-1.69	11760.00	668320.00	94.68	37.00	255.00	33.28	1107.27	6.65	0.00	94.68	0.00	0.00	0.00	1.67	7059.00	62.42	0.00	0.00	0.00	0.00	0.00	0.00	0.00	
14.00	1625.00	595.00	0.00	7011.00	692788.00	1.00	63.71	0.22	10736.00	692788.00	98.81	33.00	255.00	29.04	843.57	6.82	0.00	98.81	0.00	0.00	0.00	1.49	7011.00	61.99	0.00	0.00	0.00	0.00	0.00	0.00	0.00	
15.00	989.00	308.00	0.00	6157.00	639762.00	1.00	58.96	-1.47	9102.00	639762.00	103.91	35.00	231.00	30.49	929.71	6.83	0.00	103.91	0.00	0.00	0.00	1.47	6157.00	54.44	0.00	0.00	0.00	0.00	0.00	0.00	0.00	
16.00	833.00	376.00	0.00	5984.00	599469.00	1.00	61.28	-1.68	10624.00	599469.00	100.18	37.00	242.00	29.62	877.42	7.38	0.00	100.18	0.00	0.00	0.00	1.51	5984.00	52.91	0.01	0.00	0.00	0.00	0.00	0.00	0.00	
17.00	536.00	234.00	0.00	5625.00	569508.00	1.00	41.04	-1.89	11324.00	569508.00	101.25	35.00	255.00	27.95	781.13	7.71	0.00	101.25	0.00	0.00	0.00	1.87	5625.00	49.74	0.00	0.00	0.00	0.00	0.00	0.00	0.00	
18.00	964.00	128.00	0.00	5436.00	541592.00	1.00	63.99	0.68	10504.00	541592.00	99.63	37.00	255.00	29.70	882.21	7.74	0.00	99.63	0.00	0.00	0.00	1.56	5436.00	48.07	0.00	0.00	0.00	0.00	0.00	0.00	0.00	
19.00	603.00	735.00	0.00	5389.00	600854.00	1.00	43.05	-2.04	12549.00	600854.00	111.50	34.00	255.00	33.99	1155.55	7.00	0.00	111.50	0.00	0.00	0.00	1.81	5389.00	47.65	0.02	0.00	0.00	0.00	0.00	0.00	0.00	
20.00	1450.00	402.00	0.00	5380.00	534219.00	1.00	56.68	0.21	8056.00	534219.00	99.30	36.00	248.00	28.78	828.16	7.49	0.00	99.30	0.00	0.00	0.00	1.40	5380.00	47.57	0.00	0.00	0.00	0.00	0.00	0.00	0.00	
21.00	1590.00	357.00	0.00	5245.00	509193.00	1.00	51.13	-0.61	8633.00	509193.00	97.08	39.00	253.00	27.25	742.37	7.02	0.00	97.08	0.00	0.00	0.00	1.52	5245.00	46.38	0.00	0.00	0.00	0.00	0.00	0.00	0.00	
22.00	580.00	1022.00	0.00	5107.00	531943.00	1.00	63.71	0.52	6952.00	531943.00	104.16	40.00	255.00	31.72	1006.24	7.01	0.00	104.16	0.00	0.00	0.00	1.23	5107.00	45.16	0.00	0.00	0.00	0.00	0.00	0.00	0.00	
23.00	1667.00	923.00	0.00	4888.00	468087.00	1.00	63.64	-0.98	6308.00	468087.00	95.76	40.00	255.00	27.12	735.65	6.21	0.00	95.76	0.00	0.00	0.00	1.21	4888.00	43.22	0.00	0.00	0.00	0.00	0.00	0.00	0.00	
24.00	928.00	616.00	0.00	4796.00	573790.00	1.00	56.64	-0.03	6650.00	573790.00	119.64	39.00	255.00	34.78	1209.97	8.53	0.00	119.64	0.00	0.00	0.00	1.31	4796.00	42.41	0.01	0.00	0.00	0.00	0.00	0.00	0.00	
25.00	1378.00	340.00	0.00	4766.00	435147.00	1.00	46.44	-1.72	6993.00	435147.00	91.30	34.00	255.00	32.19	1035.97	7.23	0.00	91.30	0.00	0.00	0.00	1.42	4766.00	42.14	0.00	0.00	0.00	0.00	0.00	0.00	0.00	
26.00	855.00	956.00	0.00	4721.00	534014.00	1.00	64.52	0.33	5772.00	534014.00	113.11	39.00	255.00	33.34	1111.62	9.33	0.00	113.11	0.00	0.00	0.00	1.19	4721.00	41.74	0.00	0.00	0.00	0.00	0.00	0.00	0.00	
27.00	1461.00	850.00	0.00	4679.00	461557.00	1.00	61.97	-0.89	6560.00	461557.00	98.64	37.00	218.00	25.97	674.30	6.67	0.00	98.64	0.00	0.00	0.00	1.21	4679.00	41.37	0.00	0.00	0.00	0.00	0.00	0.00	0.00	
28.00	778.00	950.00	0.00	4630.00	517480.00	1.00	63.66	0.38	5772.00	517480.00	111.77	37.00	255.00	31.77	1009.12	9.13	0.00	111.77	0.00	0.00	0.00	1.18	4630.00	40.94	0.00	0.00	0.00	0.00	0.00	0.00	0.00	
29.00	632.00	471.00	0.00	4569.00	453961.00	1.00	35.11	-1.37	8496.00	453961.00	99.36	39.00	255.00	32.37	1047.91	7.15	0.00	99.36	0.00	0.00	0.00	1.76	4569.00	40.40	0.02	0.00	0.00	0.00	0.00	0.00	0.00	
30.00	718.00	879.00	0.00	4465.00	515087.00	1.00	62.57	0.54	5624.00	515087.00	115.36	38.00	252.00	34.03	1157.73	10.08	0.00	115.36	0.00	0.00	0.00	1.17	4465.00	39.48	0.00	0.00	0.00	0.00	0.00	0.00	0.00	
31.00	1011.00	192.00	0.00	4406.00	450990.00	1.00	44.28	-1.84	8701.00	450990.00	102.36	31.00	254.00	30.09	905.68	7.65	0.00	102.36	0.00	0.00	0.00	1.64	4406.00	38.96	0.00	0.00	0.00	0.00	0.00	0.00	0.00	
32.00	1141.00	244.00	0.00	4406.00	428361.00	1.00	41.02	-1.64	6188.00	428361.00	97.22	34.00	249.00	29.66	879.84	7.80	0.00	97.22	0.00	0.00	0.00	1.46	4406.00	38.96	0.00	0.00	0.00	0.00	0.00	0.00	0.00	
33.00	1571.00	837.00	0.00	4289.00	409374.00	1.00	59.55	-0.74	6083.00	409374.00	95.45	39.00	242.00	27.29	744.72	7.00	0.00	95.45	0.00	0.00	0.00	1.17	4289.00	37.92	0.00	0.00	0.00	0.00	0.00	0.00	0.00	
34.00	1098.00	819.00	0.00	4223.00	505412.00	1.00	62.30	-0.50	5184.00	505412.00	119.68	40.00	255.00	37.45	1402.57	10.18	0.00	119.68	0.00	0.00	0.00	1.16	4223.00	37.34	0.00	0.00	0.00	0.00	0.00	0.00	0.00	
35.00	397.00	513.00	0.00	4191.00	383468.00	1.00	49.21	-1.97	7050.00	383468.00	91.50	37.00	255.00	35.82	1283.20	5.94	0.00	91.50	0.00	0.00	0.00	1.36	4191.00	37.06	0.01	0.00	0.00	0.00	0.00	0.00	0.00	
36.00	61.00	513.00	0.00	4050.00	228296.00	1.00	51.26	0.06	8580.00	228296.00	56.37	32.00	176.00	21.76	473.35	3.31	0.00	56.37	0.00	0.00	0.00	1.47	4050.00	35.81	0.00	0.00	0.00	0.00	0.00	0.00	0.00	
37.00	1744.00	687.00	0.00	4043.00	401920.00	1.00	54.82	-0.98	5616.00	401920.00	99.41	40.00	255.00	32.78	1074.44	7.01	0.00	99.41	0.00	0.00	0.00	1.18	4043.00	35.75	0.00	0.00	0.00	0.00	0.00	0.00	0.00	
38.00	170.00	876.00	0.00	3965.00	352236.00	1.00	54.09	-2.35	5328.00	352236.00	88.84	40.00	255.00	25.96	674.12	5.97	0.00	88.84	0.00	0.00	0.00	1.19	3965.00	35.06	0.00	0.00	0.00	0.00	0.00	0.00	0.00	
39.00	1475.00	765.00	0.00	3947.00	393583.00	1.00	55.76	-0.83	5550.00	393583.00	99.72	40.00	248.00	31.49	991.52	7.09	0.00	99.72	0.00	0.00	0.00	1.16	3947.00	34.90	0.00	0.00	0.00	0.00	0.00	0.00	0.00	
40.00	1019.00	829.00	0.00	3815.00	474035.00	1.00	55.09	-0.29	4725.00	474035.00	124.26	40.00	255.00	36.64	1342.42	9.95	0.00	124.26	0.00	0.00	0.00	1.15	3815.00	33.73	0.01	0.00	0.00	0.00	0.00	0.00	0.00	
41.00	823.00	109.00	0.00	3773.00	386002.00	1.00	41.06	-1.44	5247.00	386002.00	102.31	36.00	253.00	30.62	937.52	7.96	0.00	102.31	0.00	0.00	0.00	1.33	3773.00	33.36	0.00	0.00	0.00	0.00	0.00	0.00	0.00	
42.00	1429.00	637.00	0.00	3762.00	385879.00	1.00	55.72	-1.31	4680.00	385879.00	102.57	40.00	255.00	30.14	908.71	7.41	0.00	102.57	0.00	0.00	0.00	1.13	3762.00	33.26	0.00	0.00	0.00	0.00	0.00	0.00	0.00	
43.00	648.00	105.00	0.00	3584.00	352411.00	1.00	37.43	-1.43	5355.00	352411.00	98.33	36.00	247.00	28.46	809.89	8.11	0.00	98.33	0.00	0.00	0.00	1.38	3584.00	31.69	0.00	0.00	0.00	0.00	0.00	0.00	0.00	
44.00	1506.00	643.00	0.00	3537.00	348041.00	1.00	52.04	-1.01	4824.00	348041.00	98.40	38.00	255.00	29.69	881.62	7.36	0.00	98.40	0.00	0.00	0.00	1.13	3537.00	31.27	0.00	0.00	0.00	0.00	0.00	0.00	0.00	
45.00	64.00	781.00	0.00	3496.00	318303.00	1.00	52.14	0.66	4686.00	318303.00	91.05	40.00	255.00	29.32	859.63	6.64	0.00	91.05	0.00	0.00	0.00	1.13	3496.00	30.91	0.00	0.00	0.00	0.00	0.00	0.00	0.00	
46.00	302.00	684.00	0.00	3467.00	336116.00	1.00	50.48	-2.23	4620.00	336116.00	96.95	38.00	235.00	25.47	648.57	6.64	0.00	96.95	0.00	0.00	0.00	1.15	3467.00	30.66	0.00	0.00	0.00	0.00	0.00	0.00	0.00	
47.00	1385.00	773.00	0.00	3425.00	369686.00	1.00	55.87	-2.21	5040.00	369686.00	107.94	39.00	248.00	31.54	994.62	8.05	0.00	107.94	0.00	0.00	0.00	1.10	3425.00	30.28	0.01	0.00	0.00	0.00	0.00	0.00	0.00	
48.00	1612.00	739.00	0.00	3197.00	306037.00	1.00	47.73	-1.30	4425.00	306037.00	95.73	40.00	247.00	28.50	812.33	6.45	0.00	95.73	0.00	0.00	0.00	1.16	3197.00	28.27	0.01	0.00	0.00	0.00	0.00	0.00	0.00	
49.00	262.00	757.00	0.00	3101.00	291553.00	1.00	48.09	0.38	4270.00	291553.00	94.02	37.00	247.00	30.12	906.98	7.49	0.00	94.02	0.00	0.00	0.00	1.08	3101.00	27.42	0.00	0.00	0.00	0.00	0.00	0.00	0.00	
50.00	325.00	849.00	0.00	3068.00	196116.00	1.00	41.64	-2.31	4968.00	196116.00	63.92	39.00	158.00	16.52	272.77	3.41	0.00	63.92	0.00	0.00	0.00	1.26	3068.00	27.13	0.01	0.00	0.00	0.00	0.00	0.00	0.00	
51.00	1699.00	813.00	0.00	3060.00	287461.00	1.00	40.80	-0.78	5110.00	287461.00	93.94	40.00	216.00	25.01	625.69	6.18	0.00	93.94	0.00	0.00	0.00	1.28	3060.00	27.06	0.01	0.00	0.00	0.00	0.00	0.00	0.00	
52.00	544.00	560.00	0.00	2933.00	285895.00	1.00	49.12	0.78	3906.00	285895.00	97.48	40.00	254.00	30.87	952.96	6.98	0.00	97.48	0.00	0.00	0.00	1.07	2933.00	25.93	0.00	0.00	0.00	0.00	0.00	0.00	0.00	
53.00	1477.00	508.00	0.00	2906.00	193223.00	1.00	46.88	-1.05	3894.00	193223.00	66.49	40.00	185.00	15.76	248.28	3.79	0.00	66.49	0.00	0.00	0.00	1.08	2906.00	25.70	0.00	0.00	0.00	0.00	0.00	0.00	0.00	
54.00	577.00	619.00	0.00	2903.00	280746.00	1.00	47.16	-2.08	3960.00	280746.00	96.71	37.00	255.00	28.08	788.53	7.55	0.00	96.71	0.00	0.00	0.00	1.10	2903.00	25.67	0.01	0.00	0.00	0.00	0.00	0.00	0.00	
55.00	611.00	694.00	0.00	2894.00	284364.00	1.00	31.97	-2.10	8658.00	284364.00	98.26	35.00	212.00	21.82	476.25	5.99	0.00	98.26	0.00	0.00	0.00	1.95	2894.00	25.59	0.03	0.00	0.00	0.00	0.00	0.00	0.00	
56.00	790.00	479.00	0.00	2861.00	312126.00	1.00	36.64	-0.96	7128.00	312126.00	109.10	39.00	255.00	32.25	1040.26	8.27	0.00	109.10	0.00	0.00	0.00	1.63	2861.00	25.30	0.03	0.00	0.00	0.00	0.00	0.00	0.00	
57.00	702.00	1055.00	0.00	2833.00	324384.00	1.00	42.15	-1.64	3572.00	324384.00	114.50	40.00	253.00	35.29	1245.60	9.51	0.00	114.50	0.00	0.00	0.00	1.17	2833.00	25.05	0.00	0.00	0.00	0.00	0.00	0.00	0.00	
58.00	1347.00	179.00	0.00	2804.00	264708.00	1.00	37.17	-1.40	3956.00	264708.00	94.40	37.00	255.00	25.55	652.96	7.50	0.00	94.40	0.00	0.00	0.00	1.30	2804.00	24.79	0.01	0.00	0.00	0.00	0.00	0.00	0.00	
59.00	471.00	1015.00	0.00	2682.00	264823.00	1.00	37.89	0.04	3696.00	264823.00	98.74	40.00	174.00	19.86	394.43	5.90	0.00	98.74	0.00	0.00	0.00	1.21	2682.00	23.71	0.02	0.00	0.00	0.00	0.00	0.00	0.00	
60.00	893.00	573.00	0.00	2660.00	277594.00	1.00	27.13	-2.02	7316.00	277594.00	104.36	36.00	231.00	32.06	1027.96	8.75	0.00	104.36	0.00	0.00	0.00	1.83	2660.00	23.52	0.03	0.00	0.00	0.00	0.00	0.00	0.00	
61.00	1640.00	457.00	0.00	2652.00	230602.00	1.00	44.16	-1.03	3402.00	230602.00	86.95	39.00	242.00	28.54	814.58	6.77	0.00	86.95	0.00	0.00	0.00	1.07	2652.00	23.45	0.00	0.00	0.00	0.00	0.00	0.00	0.00	
62.00	819.00	291.00	0.00	2639.00	235257.00	1.00	35.19	-2.02	5518.00	235257.00	89.15	38.00	220.00	32.97	1087.22	6.42	0.00	89.15	0.00	0.00	0.00	1.52	2639.00	23.33	0.01	0.00	0.00	0.00	0.00	0.00	0.00	
63.00	1088.00	340.00	0.00	2464.00	243944.00	1.00	46.18	-1.44	3472.00	243944.00	99.00	40.00	255.00	31.91	1018.52	7.95	0.00	99.00	0.00	0.00	0.00	1.00	2464.00	21.79	0.00	0.00	0.00	0.00	0.00	0.00	0.00	
64.00	824.00	469.00	0.00	2416.00	263528.00	1.00	31.60	-1.00	7084.00	263528.00	109.08	38.00	255.00	30.55	933.28	9.35	0.00	109.08	0.00	0.00	0.00	1.79	2416.00	21.36	0.03	0.00	0.00	0.00	0.00	0.00	0.00	
65.00	1082.00	426.00	0.00	2357.00	236136.00	1.00	45.35	-2.09	3355.00	236136.00	100.18	37.00	236.00	29.88	892.53	7.43	0.00	100.18	0.00	0.00	0.00	1.00	2357.00	20.84	0.01	0.00	0.00	0.00	0.00	0.00	0.00	
66.00	1264.00	321.00	0.00	2324.00	225394.00	1.00	41.26	-1.38	3136.00	225394.00	96.99	40.00	238.00	29.36	861.84	7.53	0.00	96.99	0.00	0.00	0.00	1.01	2324.00	20.55	0.00	0.00	0.00	0.00	0.00	0.00	0.00	
67.00	563.00	283.00	0.00	2284.00	221825.00	1.00	41.99	-2.12	3074.00	221825.00	97.12	40.00	221.00	23.83	568.09	7.54	0.00	97.12	0.00	0.00	0.00	1.02	2284.00	20.20	0.00	0.00	0.00	0.00	0.00	0.00	0.00	
68.00	1244.00	256.00	0.00	2268.00	220449.00	1.00	42.44	-1.25	2900.00	220449.00	97.20	37.00	236.00	29.86	891.89	7.54	0.00	97.20	0.00	0.00	0.00	1.00	2268.00	20.05	0.00	0.00	0.00	0.00	0.00	0.00	0.00	
69.00	503.00	1010.00	0.00	2254.00	231464.00	1.00	33.38	0.03	3280.00	231464.00	102.69	40.00	234.00	30.31	918.76	7.25	0.00	102.69	0.00	0.00	0.00	1.17	2254.00	19.93	0.02	0.00	0.00	0.00	0.00	0.00	0.00	
70.00	415.00	422.00	0.00	2181.00	231298.00	1.00	40.06	-2.24	2850.00	231298.00	106.05	36.00	239.00	34.13	1164.54	7.45	0.00	106.05	0.00	0.00	0.00	1.05	2181.00	19.28	0.01	0.00	0.00	0.00	0.00	0.00	0.00	
71.00	1146.00	158.00	0.00	2140.00	221032.00	1.00	42.43	-1.16	2750.00	221032.00	103.29	40.00	255.00	33.25	1105.54	8.80	0.00	103.29	0.00	0.00	0.00	0.99	2140.00	18.92	0.00	0.00	0.00	0.00	0.00	0.00	0.00	
72.00	1182.00	327.00	0.00	2136.00	220660.00	1.00	39.67	-1.21	3000.00	220660.00	103.31	40.00	255.00	34.64	1200.05	7.89	0.00	103.31	0.00	0.00	0.00	1.00	2136.00	18.89	0.01	0.00	0.00	0.00	0.00	0.00	0.00	
73.00	842.00	740.00	0.00	2136.00	245825.00	1.00	35.63	-2.18	3564.00	245825.00	115.09	40.00	255.00	37.79	1428.42	9.57	0.00	115.09	0.00	0.00	0.00	1.14	2136.00	18.89	0.02	0.00	0.00	0.00	0.00	0.00	0.00	
74.00	1245.00	146.00	0.00	2131.00	204416.00	1.00	41.75	-1.28	2640.00	204416.00	95.92	38.00	255.00	29.81	888.42	8.22	0.00	95.92	0.00	0.00	0.00	0.99	2131.00	18.84	0.00	0.00	0.00	0.00	0.00	0.00	0.00	
75.00	1215.00	203.00	0.00	2081.00	208441.00	1.00	40.08	-0.97	2600.00	208441.00	100.16	38.00	252.00	30.42	925.68	8.15	0.00	100.16	0.00	0.00	0.00	1.00	2081.00	18.40	0.00	0.00	0.00	0.00	0.00	0.00	0.00	
76.00	646.00	54.00	0.00	2054.00	198445.00	1.00	43.02	-1.52	2700.00	198445.00	96.61	38.00	242.00	31.24	975.90	8.27	0.00	96.61	0.00	0.00	0.00	0.96	2054.00	18.16	0.00	0.00	0.00	0.00	0.00	0.00	0.00	
77.00	1315.00	270.00	0.00	2012.00	191062.00	1.00	37.92	-1.19	2632.00	191062.00	94.96	40.00	255.00	26.58	706.57	7.59	0.00	94.96	0.00	0.00	0.00	0.99	2012.00	17.79	0.00	0.00	0.00	0.00	0.00	0.00	0.00	
78.00	296.00	203.00	0.00	1994.00	172997.00	1.00	38.88	-2.10	2592.00	172997.00	86.76	38.00	224.00	25.47	648.69	7.64	0.00	86.76	0.00	0.00	0.00	0.99	1994.00	17.63	0.00	0.00	0.00	0.00	0.00	0.00	0.00	
79.00	746.00	145.00	0.00	1955.00	193624.00	1.00	39.14	-1.78	2530.00	193624.00	99.04	40.00	255.00	32.92	1083.91	8.60	0.00	99.04	0.00	0.00	0.00	0.96	1955.00	17.29	0.00	0.00	0.00	0.00	0.00	0.00	0.00	
80.00	653.00	291.00	0.00	1930.00	196626.00	1.00	38.27	-1.23	2880.00	196626.00	101.88	39.00	209.00	24.75	612.71	7.09	0.00	101.88	0.00	0.00	0.00	0.97	1930.00	17.07	0.02	0.00	0.00	0.00	0.00	0.00	0.00	
81.00	584.00	151.00	0.00	1923.00	177007.00	1.00	38.37	-1.80	2464.00	177007.00	92.05	39.00	252.00	28.28	799.54	7.61	0.00	92.05	0.00	0.00	0.00	0.97	1923.00	17.00	0.00	0.00	0.00	0.00	0.00	0.00	0.00	
82.00	881.00	327.00	0.00	1915.00	201518.00	1.00	34.46	-1.15	3024.00	201518.00	105.23	39.00	235.00	24.84	617.23	7.22	0.00	105.23	0.00	0.00	0.00	1.07	1915.00	16.93	0.02	0.00	0.00	0.00	0.00	0.00	0.00	
83.00	561.00	103.00	0.00	1875.00	182919.00	1.00	36.89	-1.76	2451.00	182919.00	97.56	40.00	255.00	28.10	789.67	8.33	0.00	97.56	0.00	0.00	0.00	0.97	1875.00	16.58	0.00	0.00	0.00	0.00	0.00	0.00	0.00	
84.00	1232.00	95.00	0.00	1871.00	178603.00	1.00	36.81	-1.47	2494.00	178603.00	95.46	40.00	255.00	28.28	799.69	8.12	0.00	95.46	0.00	0.00	0.00	0.96	1871.00	16.54	0.00	0.00	0.00	0.00	0.00	0.00	0.00	
85.00	901.00	27.00	0.00	1862.00	169094.00	1.00	38.40	-1.59	2332.00	169094.00	90.81	40.00	233.00	28.25	797.93	7.89	0.00	90.81	0.00	0.00	0.00	0.94	1862.00	16.46	0.00	0.00	0.00	0.00	0.00	0.00	0.00	
86.00	797.00	1061.00	0.00	1847.00	191752.00	1.00	31.31	-1.59	2414.00	191752.00	103.82	38.00	209.00	27.60	761.78	8.33	0.00	103.82	0.00	0.00	0.00	1.10	1847.00	16.33	0.00	0.00	0.00	0.00	0.00	0.00	0.00	
87.00	1533.00	476.00	0.00	1832.00	186456.00	1.00	32.57	-0.52	2950.00	186456.00	101.78	39.00	255.00	34.11	1163.61	8.36	0.00	101.78	0.00	0.00	0.00	1.11	1832.00	16.20	0.02	0.00	0.00	0.00	0.00	0.00	0.00	
88.00	1118.00	112.00	0.00	1734.00	158096.00	1.00	35.71	-1.59	2352.00	158096.00	91.17	40.00	222.00	24.30	590.62	7.88	0.00	91.17	0.00	0.00	0.00	0.94	1734.00	15.33	0.00	0.00	0.00	0.00	0.00	0.00	0.00	
89.00	503.00	449.00	0.00	1714.00	102196.00	1.00	31.47	-1.58	2318.00	102196.00	59.62	39.00	78.00	5.05	25.55	2.17	0.00	59.62	0.00	0.00	0.00	1.05	1714.00	15.16	0.02	0.00	0.00	0.00	0.00	0.00	0.00	
90.00	739.00	59.00	0.00	1683.00	162161.00	1.00	34.32	-1.71	2200.00	162161.00	96.35	39.00	229.00	29.00	840.90	8.47	0.00	96.35	0.00	0.00	0.00	0.93	1683.00	14.88	0.00	0.00	0.00	0.00	0.00	0.00	0.00	
91.00	1013.00	370.00	0.00	1579.00	160315.00	1.00	31.40	-0.87	2912.00	160315.00	101.53	38.00	224.00	26.84	720.52	7.75	0.00	101.53	0.00	0.00	0.00	1.07	1579.00	13.96	0.02	0.00	0.00	0.00	0.00	0.00	0.00	
92.00	704.00	319.00	0.00	1573.00	69357.00	1.00	30.92	-1.22	2419.00	69357.00	44.09	37.00	54.00	3.31	10.98	1.31	0.00	44.09	0.00	0.00	0.00	0.98	1573.00	13.91	0.01	0.00	0.00	0.00	0.00	0.00	0.00	
93.00	1144.00	32.00	0.00	1544.00	142752.00	1.00	34.09	-1.44	2091.00	142752.00	92.46	40.00	255.00	29.83	889.71	8.75	0.00	92.46	0.00	0.00	0.00	0.91	1544.00	13.65	0.00	0.00	0.00	0.00	0.00	0.00	0.00	
94.00	1034.00	77.00	0.00	1443.00	145136.00	1.00	31.21	-1.04	2184.00	145136.00	100.58	40.00	225.00	29.81	888.47	8.01	0.00	100.58	0.00	0.00	0.00	0.95	1443.00	12.76	0.01	0.00	0.00	0.00	0.00	0.00	0.00	
95.00	1084.00	13.00	0.00	1418.00	128730.00	1.00	29.56	-1.60	1749.00	128730.00	90.78	38.00	214.00	28.44	808.74	7.08	0.00	90.78	0.00	0.00	0.00	0.96	1418.00	12.54	0.00	0.00	0.00	0.00	0.00	0.00	0.00	
96.00	1081.00	167.00	0.00	1409.00	115159.00	1.00	33.32	0.04	1739.00	115159.00	81.73	40.00	248.00	31.17	971.66	7.10	0.00	81.73	0.00	0.00	0.00	0.93	1409.00	12.46	0.01	0.00	0.00	0.00	0.00	0.00	0.00	
97.00	644.00	216.00	0.00	1324.00	116426.00	1.00	29.60	0.73	1892.00	116426.00	87.94	40.00	218.00	22.53	507.81	5.63	0.00	87.94	0.00	0.00	0.00	0.96	1324.00	11.71	0.01	0.00	0.00	0.00	0.00	0.00	0.00	
98.00	586.00	51.00	0.00	1277.00	89148.00	1.00	33.47	-1.55	1748.00	89148.00	69.81	39.00	255.00	26.07	679.61	7.14	0.00	69.81	0.00	0.00	0.00	0.88	1277.00	11.29	0.00	0.00	0.00	0.00	0.00	0.00	0.00	
99.00	1293.00	180.00	0.00	1243.00	121348.00	1.00	29.98	-0.69	1892.00	121348.00	97.63	40.00	241.00	30.45	927.28	8.52	0.00	97.63	0.00	0.00	0.00	0.97	1243.00	10.99	0.02	0.00	0.00	0.00	0.00	0.00	0.00	
100.00	1771.00	778.00	0.00	1202.00	88640.00	1.00	21.75	-0.57	2145.00	88640.00	73.74	36.00	126.00	18.58	345.27	5.13	0.00	73.74	0.00	0.00	0.00	1.17	1202.00	10.63	0.03	0.00	0.00	0.00	0.00	0.00	0.00	
101.00	1559.00	472.00	0.00	1100.00	97508.00	1.00	22.35	-0.44	2016.00	97508.00	88.64	40.00	139.00	18.17	329.98	5.92	0.00	88.64	0.00	0.00	0.00	1.09	1100.00	9.73	0.03	0.00	0.00	0.00	0.00	0.00	0.00	
102.00	423.00	238.00	0.00	1093.00	54804.00	1.00	29.74	-1.16	1960.00	54804.00	50.14	32.00	121.00	9.57	91.56	3.90	0.00	50.14	0.00	0.00	0.00	0.92	1093.00	9.66	0.01	0.00	0.00	0.00	0.00	0.00	0.00	
103.00	994.00	385.00	0.00	1035.00	106446.00	1.00	22.65	-0.85	1764.00	106446.00	102.85	40.00	255.00	37.75	1425.14	9.40	0.00	102.85	0.00	0.00	0.00	1.05	1035.00	9.15	0.03	0.00	0.00	0.00	0.00	0.00	0.00	
104.00	68.00	583.00	0.00	1004.00	40837.00	1.00	24.72	-2.16	1558.00	40837.00	40.67	36.00	46.00	1.24	1.54	0.61	0.00	40.67	0.00	0.00	0.00	0.95	1004.00	8.88	0.02	0.00	0.00	0.00	0.00	0.00	0.00	
105.00	489.00	101.00	0.00	967.00	97388.00	1.00	25.24	-0.86	1848.00	97388.00	100.71	40.00	255.00	37.66	1418.37	10.14	0.00	100.71	0.00	0.00	0.00	0.99	967.00	8.55	0.03	0.00	0.00	0.00	0.00	0.00	0.00	
106.00	508.00	90.00	0.00	862.00	81306.00	1.00	24.19	-0.62	1591.00	81306.00	94.32	37.00	255.00	26.50	702.42	8.20	0.00	94.32	0.00	0.00	0.00	0.95	862.00	7.62	0.04	0.00	0.00	0.00	0.00	0.00	0.00	
107.00	1682.00	833.00	0.00	854.00	76140.00	1.00	15.07	-0.80	2448.00	76140.00	89.16	38.00	248.00	32.02	1025.32	8.70	0.00	89.16	0.00	0.00	0.00	1.38	854.00	7.55	0.05	0.00	0.00	0.00	0.00	0.00	0.00	
108.00	426.00	650.00	0.00	850.00	37301.00	1.00	21.09	-1.32	1749.00	37301.00	43.88	35.00	55.00	3.71	13.75	2.36	0.00	43.88	0.00	0.00	0.00	1.06	850.00	7.52	0.01	0.00	0.00	0.00	0.00	0.00	0.00	
109.00	1760.00	795.00	0.00	739.00	59647.00	1.00	17.14	-0.89	2376.00	59647.00	80.71	34.00	255.00	42.76	1828.46	14.40	0.00	80.71	0.00	0.00	0.00	1.20	739.00	6.53	0.04	0.00	0.00	0.00	0.00	0.00	0.00	
111.00	1362.00	749.00	0.00	616.00	51227.00	1.00	15.98	-2.32	1120.00	51227.00	83.16	40.00	126.00	16.95	287.26	6.97	0.00	83.16	0.00	0.00	0.00	0.98	616.00	5.45	0.05	0.00	0.00	0.00	0.00	0.00	0.00	
112.00	816.00	316.00	0.00	581.00	35890.00	1.00	17.77	-2.18	1160.00	35890.00	61.77	37.00	110.00	22.57	509.48	4.20	0.00	61.77	0.00	0.00	0.00	0.97	581.00	5.14	0.04	0.00	0.00	0.00	0.00	0.00	0.00	
113.00	1600.00	709.00	0.00	560.00	39757.00	1.00	13.83	-1.65	705.00	39757.00	70.99	40.00	91.00	10.97	120.30	4.78	0.00	70.99	0.00	0.00	0.00	0.90	560.00	4.95	0.04	0.00	0.00	0.00	0.00	0.00	0.00	
114.00	669.00	217.00	0.00	555.00	55896.00	1.00	15.91	0.30	880.00	55896.00	100.71	40.00	252.00	33.33	1110.87	10.09	0.00	100.71	0.00	0.00	0.00	0.86	555.00	4.91	0.03	0.00	0.00	0.00	0.00	0.00	0.00	
115.00	310.00	828.00	0.00	537.00	28515.00	1.00	11.49	-2.28	1476.00	28515.00	53.10	40.00	65.00	5.17	26.69	2.71	0.00	53.10	0.00	0.00	0.00	1.22	537.00	4.75	0.06	0.00	0.00	0.00	0.00	0.00	0.00	
116.00	713.00	6.00	0.00	526.00	39584.00	1.00	15.45	-1.48	720.00	39584.00	75.25	35.00	115.00	18.77	352.14	4.76	0.00	75.25	0.00	0.00	0.00	0.85	526.00	4.65	0.03	0.00	0.00	0.00	0.00	0.00	0.00	
117.00	520.00	429.00	0.00	464.00	26986.00	1.00	16.16	-1.67	608.00	26986.00	58.16	38.00	72.00	4.56	20.80	1.89	0.00	58.16	0.00	0.00	0.00	0.73	464.00	4.10	0.07	0.00	0.00	0.00	0.00	0.00	0.00	
118.00	5.00	614.00	0.00	460.00	45198.00	1.00	13.55	0.03	736.00	45198.00	98.26	40.00	255.00	46.41	2153.53	13.63	0.00	98.26	0.00	0.00	0.00	0.88	460.00	4.07	0.00	0.00	0.00	0.00	0.00	0.00	0.00	
119.00	408.00	257.00	0.00	435.00	19202.00	1.00	14.96	-1.18	925.00	19202.00	44.14	35.00	70.00	4.44	19.72	2.75	0.00	44.14	0.00	0.00	0.00	0.99	435.00	3.85	0.03	0.00	0.00	0.00	0.00	0.00	0.00	
120.00	704.00	19.00	0.00	434.00	30503.00	1.00	12.67	-1.23	792.00	30503.00	70.28	28.00	255.00	38.57	1487.28	12.47	0.00	70.28	0.00	0.00	0.00	0.92	434.00	3.84	0.04	0.00	0.00	0.00	0.00	0.00	0.00	
121.00	1351.00	408.00	0.00	423.00	20939.00	1.00	11.47	-0.89	891.00	20939.00	49.50	40.00	61.00	4.20	17.66	2.61	0.00	49.50	0.00	0.00	0.00	1.02	423.00	3.74	0.06	0.00	0.00	0.00	0.00	0.00	0.00	
122.00	750.00	454.00	0.00	394.00	35242.00	1.00	13.86	0.42	600.00	35242.00	89.45	40.00	116.00	17.66	311.97	6.74	0.00	89.45	0.00	0.00	0.00	0.83	394.00	3.48	0.06	0.00	0.00	0.00	0.00	0.00	0.00	
123.00	984.00	827.00	0.00	377.00	32156.00	0.99	9.72	0.01	430.00	32156.00	85.29	40.00	143.00	21.74	472.79	8.28	0.00	85.29	0.00	0.00	0.00	0.90	377.00	3.33	0.06	0.00	0.00	0.00	0.00	0.00	0.00	
124.00	673.00	276.00	0.00	344.00	30495.00	1.00	11.14	-0.85	675.00	30495.00	88.65	40.00	134.00	19.50	380.42	8.22	0.00	88.65	0.00	0.00	0.00	0.91	344.00	3.04	0.06	0.00	0.00	0.00	0.00	0.00	0.00	
125.00	444.00	421.00	0.00	331.00	31387.00	1.00	10.64	0.24	576.00	31387.00	94.82	40.00	157.00	25.64	657.64	10.53	0.00	94.82	0.00	0.00	0.00	0.86	331.00	2.93	0.06	0.00	0.00	0.00	0.00	0.00	0.00	
126.00	749.00	476.00	0.00	286.00	24725.00	1.00	14.32	-0.41	374.00	24725.00	86.45	40.00	119.00	16.77	281.24	7.01	0.00	86.45	0.00	0.00	0.00	0.67	286.00	2.53	0.06	0.00	0.00	0.00	0.00	0.00	0.00	
127.00	390.00	667.00	0.00	273.00	11870.00	0.99	9.50	0.36	595.00	11870.00	43.48	37.00	53.00	2.72	7.40	2.46	0.00	43.48	0.00	0.00	0.00	0.92	273.00	2.41	0.02	0.00	0.00	0.00	0.00	0.00	0.00	
128.00	1056.00	414.00	0.00	265.00	18099.00	0.99	9.33	0.52	580.00	18099.00	68.30	40.00	100.00	13.59	184.72	6.79	0.00	68.30	0.00	0.00	0.00	0.90	265.00	2.34	0.07	0.00	0.00	0.00	0.00	0.00	0.00	
129.00	472.00	236.00	0.00	262.00	21457.00	0.99	9.24	-2.32	529.00	21457.00	81.90	40.00	124.00	17.44	304.04	8.99	0.00	81.90	0.00	0.00	0.00	0.88	262.00	2.32	0.07	0.00	0.00	0.00	0.00	0.00	0.00	
130.00	1052.00	67.00	0.00	245.00	18186.00	0.99	8.73	-0.81	529.00	18186.00	74.23	41.00	93.00	13.02	169.54	6.89	0.00	74.23	0.00	0.00	0.00	0.90	245.00	2.17	0.08	0.00	0.00	0.00	0.00	0.00	0.00	
132.00	582.00	646.00	0.00	210.00	14336.00	0.99	6.89	-1.87	481.00	14336.00	68.27	40.00	133.00	16.47	271.27	8.66	0.00	68.27	0.00	0.00	0.00	0.92	210.00	1.86	0.09	0.00	0.00	0.00	0.00	0.00	0.00	
133.00	529.00	1073.00	0.00	172.00	12500.00	0.98	5.18	-1.54	240.00	12500.00	72.67	37.00	105.00	17.37	301.71	12.33	0.00	72.67	0.00	0.00	0.00	0.92	172.00	1.52	0.00	0.00	0.00	0.00	0.00	0.00	0.00	
134.00	1600.00	863.00	0.00	149.00	11956.00	0.99	7.75	0.66	270.00	11956.00	80.24	40.00	114.00	19.51	380.70	9.69	0.00	80.24	0.00	0.00	0.00	0.70	149.00	1.32	0.09	0.00	0.00	0.00	0.00	0.00	0.00	
135.00	994.00	856.00	0.00	148.00	9408.00	0.99	6.28	-0.82	378.00	9408.00	63.57	38.00	131.00	18.45	340.41	8.79	0.00	63.57	0.00	0.00	0.00	0.87	148.00	1.31	0.10	0.00	0.00	0.00	0.00	0.00	0.00	
136.00	1171.00	347.00	0.00	115.00	10969.00	0.98	4.77	-1.14	325.00	10969.00	95.38	40.00	199.00	36.11	1303.80	20.74	0.00	95.38	0.00	0.00	0.00	0.90	115.00	1.02	0.12	0.00	0.00	0.00	0.00	0.00	0.00	
138.00	633.00	276.00	0.00	74.00	5550.00	0.98	4.81	-2.26	168.00	5550.00	75.00	40.00	109.00	18.18	330.52	13.71	0.00	75.00	0.00	0.00	0.00	0.69	74.00	0.65	0.13	0.00	0.00	0.00	0.00	0.00	0.00	
139.00	446.00	353.00	0.00	74.00	5149.00	0.97	4.26	-0.06	105.00	5149.00	69.58	41.00	92.00	15.28	233.51	13.85	0.00	69.58	0.00	0.00	0.00	0.62	74.00	0.65	0.12	0.00	0.00	0.00	0.00	0.00	0.00	
