ID	centroid_x	centroid_y	centroid_z	volume	integrated_intensity	eccentricity	elongation	orientation	bounding_box_volume	sum	mean	minimum	maximum	sigma	variance	surface_gradient	interior_gradient	surface_intensity	interior_intensity	intensity_ratio	convexity	radius_variation	surface_area	shape	shared_boundary	t_energy	t_entropy	inverse_diff_moment	inertia	cluster_shade	cluster_prominence	
1.00	804.00	621.00	0.00	20620.00	590148.00	1.00	112.35	-1.84	37650.00	590148.00	28.62	5.00	43.00	4.53	20.52	1.57	0.00	28.62	0.00	0.00	0.00	2.31	20620.00	182.33	0.00	0.00	0.00	0.00	0.00	0.00	0.00	
2.00	923.00	223.00	0.00	14474.00	389061.00	1.00	102.43	-1.58	33534.00	389061.00	26.88	6.00	39.00	4.05	16.38	1.62	0.00	26.88	0.00	0.00	0.00	2.00	14474.00	127.98	0.00	0.00	0.00	0.00	0.00	0.00	0.00	
3.00	812.00	956.00	0.00	8900.00	249327.00	1.00	68.05	-1.56	11808.00	249327.00	28.01	12.00	40.00	3.98	15.87	1.28	0.00	28.01	0.00	0.00	0.00	1.62	8900.00	78.70	0.00	0.00	0.00	0.00	0.00	0.00	0.00	
4.00	647.00	396.00	0.00	8842.00	242590.00	1.00	57.91	-1.98	24395.00	242590.00	27.44	7.00	41.00	3.52	12.39	1.60	0.00	27.44	0.00	0.00	0.00	2.27	8842.00	78.18	0.00	0.00	0.00	0.00	0.00	0.00	0.00	
5.00	1216.00	570.00	0.00	8555.00	233112.00	1.00	51.95	-1.48	13875.00	233112.00	27.25	10.00	39.00	4.61	21.26	1.50	0.00	27.25	0.00	0.00	0.00	1.94	8555.00	75.65	0.00	0.00	0.00	0.00	0.00	0.00	0.00	
6.00	161.00	1008.00	0.00	8392.00	570290.00	1.00	58.18	0.68	15708.00	570290.00	67.96	12.00	255.00	43.52	1894.29	4.99	0.00	67.96	0.00	0.00	0.00	1.90	8392.00	74.20	0.00	0.00	0.00	0.00	0.00	0.00	0.00	
7.00	907.00	852.00	0.00	7413.00	205975.00	1.00	62.88	0.45	11931.00	205975.00	27.79	14.00	44.00	4.60	21.16	1.36	0.00	27.79	0.00	0.00	0.00	1.55	7413.00	65.55	0.00	0.00	0.00	0.00	0.00	0.00	0.00	
8.00	523.00	453.00	0.00	7310.00	198095.00	1.00	59.24	-0.17	12684.00	198095.00	27.10	9.00	37.00	3.49	12.17	1.58	0.00	27.10	0.00	0.00	0.00	1.75	7310.00	64.64	0.00	0.00	0.00	0.00	0.00	0.00	0.00	
9.00	594.00	724.00	0.00	6876.00	184082.00	1.00	54.62	0.74	14278.00	184082.00	26.77	10.00	37.00	3.84	14.76	1.40	0.00	26.77	0.00	0.00	0.00	1.79	6876.00	60.80	0.00	0.00	0.00	0.00	0.00	0.00	0.00	
10.00	1612.00	603.00	0.00	6499.00	189247.00	1.00	61.75	0.35	10530.00	189247.00	29.12	9.00	43.00	6.00	36.01	1.66	0.00	29.12	0.00	0.00	0.00	1.49	6499.00	57.47	0.00	0.00	0.00	0.00	0.00	0.00	0.00	
11.00	1214.00	247.00	0.00	6371.00	162911.00	1.00	69.08	-1.34	11592.00	162911.00	25.57	10.00	37.00	4.23	17.92	1.55	0.00	25.57	0.00	0.00	0.00	1.50	6371.00	56.33	0.00	0.00	0.00	0.00	0.00	0.00	0.00	
12.00	1506.00	506.00	0.00	6357.00	182844.00	1.00	55.24	-1.93	10962.00	182844.00	28.76	9.00	42.00	5.43	29.51	1.62	0.00	28.76	0.00	0.00	0.00	1.57	6357.00	56.21	0.00	0.00	0.00	0.00	0.00	0.00	0.00	
13.00	939.00	458.00	0.00	6081.00	171505.00	1.00	50.26	-1.90	9875.00	171505.00	28.20	12.00	39.00	4.66	21.70	1.51	0.00	28.20	0.00	0.00	0.00	1.62	6081.00	53.77	0.00	0.00	0.00	0.00	0.00	0.00	0.00	
14.00	945.00	692.00	0.00	5749.00	168414.00	1.00	55.23	-0.11	8190.00	168414.00	29.29	11.00	44.00	4.09	16.74	1.42	0.00	29.29	0.00	0.00	0.00	1.42	5749.00	50.83	0.00	0.00	0.00	0.00	0.00	0.00	0.00	
15.00	1313.00	697.00	0.00	5591.00	147230.00	1.00	55.99	-1.87	9477.00	147230.00	26.33	10.00	42.00	5.56	30.94	1.72	0.00	26.33	0.00	0.00	0.00	1.46	5591.00	49.44	0.00	0.00	0.00	0.00	0.00	0.00	0.00	
16.00	987.00	306.00	0.00	5505.00	154600.00	1.00	61.13	-1.65	9546.00	154600.00	28.08	11.00	38.00	4.10	16.78	1.75	0.00	28.08	0.00	0.00	0.00	1.47	5505.00	48.68	0.00	0.00	0.00	0.00	0.00	0.00	0.00	
17.00	59.00	565.00	0.00	5380.00	128422.00	1.00	58.76	-0.56	8536.00	128422.00	23.87	10.00	33.00	2.39	5.69	1.16	0.00	23.87	0.00	0.00	0.00	1.35	5380.00	47.57	0.00	0.00	0.00	0.00	0.00	0.00	0.00	
18.00	964.00	142.00	0.00	5098.00	128999.00	1.00	73.54	0.68	9797.00	128999.00	25.30	9.00	35.00	3.78	14.26	1.61	0.00	25.30	0.00	0.00	0.00	1.46	5098.00	45.08	0.00	0.00	0.00	0.00	0.00	0.00	0.00	
19.00	677.00	745.00	0.00	5027.00	136867.00	1.00	55.89	-1.69	7844.00	136867.00	27.23	11.00	39.00	4.05	16.40	1.47	0.00	27.23	0.00	0.00	0.00	1.36	5027.00	44.45	0.01	0.00	0.00	0.00	0.00	0.00	0.00	
20.00	742.00	473.00	0.00	4902.00	135742.00	1.00	48.62	-1.58	6496.00	135742.00	27.69	10.00	38.00	3.55	12.59	1.57	0.00	27.69	0.00	0.00	0.00	1.41	4902.00	43.34	0.00	0.00	0.00	0.00	0.00	0.00	0.00	
21.00	710.00	1027.00	0.00	4826.00	140245.00	1.00	64.49	0.46	6800.00	140245.00	29.06	12.00	40.00	4.89	23.89	1.41	0.00	29.06	0.00	0.00	0.00	1.19	4826.00	42.67	0.00	0.00	0.00	0.00	0.00	0.00	0.00	
22.00	515.00	345.00	0.00	4732.00	125077.00	1.00	45.94	-1.62	8255.00	125077.00	26.43	10.00	36.00	3.10	9.59	1.60	0.00	26.43	0.00	0.00	0.00	1.31	4732.00	41.84	0.00	0.00	0.00	0.00	0.00	0.00	0.00	
23.00	465.00	522.00	0.00	4728.00	114616.00	1.00	54.95	-0.56	7885.00	114616.00	24.24	7.00	34.00	2.87	8.21	1.44	0.00	24.24	0.00	0.00	0.00	1.36	4728.00	41.81	0.00	0.00	0.00	0.00	0.00	0.00	0.00	
24.00	391.00	1027.00	0.00	4722.00	118122.00	1.00	58.80	-0.16	7776.00	118122.00	25.02	12.00	32.00	3.02	9.09	1.27	0.00	25.02	0.00	0.00	0.00	1.34	4722.00	41.75	0.00	0.00	0.00	0.00	0.00	0.00	0.00	
25.00	1039.00	976.00	0.00	4562.00	128880.00	1.00	63.36	-0.32	6314.00	128880.00	28.25	13.00	42.00	4.81	23.11	1.40	0.00	28.25	0.00	0.00	0.00	1.18	4562.00	40.34	0.00	0.00	0.00	0.00	0.00	0.00	0.00	
26.00	1677.00	945.00	0.00	4470.00	135636.00	1.00	62.72	-0.94	5700.00	135636.00	30.34	14.00	50.00	7.22	52.12	1.72	0.00	30.34	0.00	0.00	0.00	1.17	4470.00	39.52	0.00	0.00	0.00	0.00	0.00	0.00	0.00	
27.00	1469.00	857.00	0.00	4306.00	131573.00	1.00	58.86	-0.74	6083.00	131573.00	30.56	17.00	45.00	6.25	39.11	1.60	0.00	30.56	0.00	0.00	0.00	1.18	4306.00	38.07	0.00	0.00	0.00	0.00	0.00	0.00	0.00	
28.00	452.00	784.00	0.00	4250.00	108386.00	1.00	50.60	-2.16	8568.00	108386.00	25.50	10.00	35.00	3.30	10.86	1.50	0.00	25.50	0.00	0.00	0.00	1.53	4250.00	37.58	0.00	0.00	0.00	0.00	0.00	0.00	0.00	
29.00	706.00	887.00	0.00	4176.00	120369.00	1.00	59.60	0.28	5320.00	120369.00	28.82	12.00	41.00	4.60	21.16	1.50	0.00	28.82	0.00	0.00	0.00	1.15	4176.00	36.93	0.00	0.00	0.00	0.00	0.00	0.00	0.00	
30.00	822.00	381.00	0.00	4032.00	105848.00	1.00	43.10	-1.23	6930.00	105848.00	26.25	11.00	35.00	3.54	12.54	1.60	0.00	26.25	0.00	0.00	0.00	1.42	4032.00	35.65	0.00	0.00	0.00	0.00	0.00	0.00	0.00	
31.00	1023.00	833.00	0.00	3980.00	110713.00	1.00	61.03	-0.41	5402.00	110713.00	27.82	11.00	42.00	5.02	25.23	1.45	0.00	27.82	0.00	0.00	0.00	1.14	3980.00	35.19	0.00	0.00	0.00	0.00	0.00	0.00	0.00	
32.00	1384.00	774.00	0.00	3925.00	119846.00	1.00	56.69	-0.83	5402.00	119846.00	30.53	12.00	44.00	5.56	30.87	1.58	0.00	30.53	0.00	0.00	0.00	1.15	3925.00	34.71	0.00	0.00	0.00	0.00	0.00	0.00	0.00	
33.00	338.00	705.00	0.00	3878.00	108643.00	1.00	57.38	-1.84	5159.00	108643.00	28.02	12.00	34.00	2.94	8.67	1.37	0.00	28.02	0.00	0.00	0.00	1.13	3878.00	34.29	0.00	0.00	0.00	0.00	0.00	0.00	0.00	
34.00	794.00	714.00	0.00	3868.00	90275.00	1.00	50.74	-1.15	6916.00	90275.00	23.34	8.00	34.00	3.88	15.02	1.41	0.00	23.34	0.00	0.00	0.00	1.24	3868.00	34.20	0.01	0.00	0.00	0.00	0.00	0.00	0.00	
35.00	1471.00	769.00	0.00	3833.00	114945.00	1.00	54.00	-0.89	5776.00	114945.00	29.99	16.00	44.00	5.54	30.66	1.68	0.00	29.99	0.00	0.00	0.00	1.16	3833.00	33.89	0.00	0.00	0.00	0.00	0.00	0.00	0.00	
36.00	1056.00	734.00	0.00	3680.00	108107.00	1.00	42.02	-1.83	6554.00	108107.00	29.38	13.00	43.00	4.68	21.94	1.64	0.00	29.38	0.00	0.00	0.00	1.45	3680.00	32.54	0.01	0.00	0.00	0.00	0.00	0.00	0.00	
37.00	1709.00	719.00	0.00	3667.00	109287.00	1.00	54.94	-0.66	5183.00	109287.00	29.80	12.00	45.00	6.29	39.59	1.73	0.00	29.80	0.00	0.00	0.00	1.13	3667.00	32.42	0.00	0.00	0.00	0.00	0.00	0.00	0.00	
38.00	1685.00	820.00	0.00	3659.00	109163.00	1.00	47.80	-0.81	5832.00	109163.00	29.83	10.00	46.00	6.30	39.72	1.69	0.00	29.83	0.00	0.00	0.00	1.27	3659.00	32.35	0.01	0.00	0.00	0.00	0.00	0.00	0.00	
39.00	578.00	146.00	0.00	3538.00	88368.00	1.00	45.62	-0.54	5994.00	88368.00	24.98	7.00	35.00	3.50	12.23	1.54	0.00	24.98	0.00	0.00	0.00	1.32	3538.00	31.28	0.00	0.00	0.00	0.00	0.00	0.00	0.00	
40.00	727.00	276.00	0.00	3474.00	92439.00	1.00	43.69	-0.20	4959.00	92439.00	26.61	10.00	37.00	3.73	13.94	1.68	0.00	26.61	0.00	0.00	0.00	1.26	3474.00	30.72	0.00	0.00	0.00	0.00	0.00	0.00	0.00	
41.00	82.00	785.00	0.00	3429.00	86826.00	1.00	52.27	0.70	4480.00	86826.00	25.32	16.00	32.00	2.67	7.13	1.36	0.00	25.32	0.00	0.00	0.00	1.12	3429.00	30.32	0.00	0.00	0.00	0.00	0.00	0.00	0.00	
42.00	464.00	866.00	0.00	3325.00	87770.00	1.00	50.88	-0.01	4307.00	87770.00	26.40	16.00	36.00	3.06	9.34	1.25	0.00	26.40	0.00	0.00	0.00	1.10	3325.00	29.40	0.00	0.00	0.00	0.00	0.00	0.00	0.00	
43.00	253.00	628.00	0.00	3234.00	83546.00	1.00	47.80	0.69	5106.00	83546.00	25.83	9.00	34.00	3.10	9.63	1.42	0.00	25.83	0.00	0.00	0.00	1.17	3234.00	28.60	0.00	0.00	0.00	0.00	0.00	0.00	0.00	
44.00	95.00	477.00	0.00	3221.00	82229.00	1.00	48.27	-1.67	4408.00	82229.00	25.53	15.00	32.00	2.25	5.06	1.26	0.00	25.53	0.00	0.00	0.00	1.10	3221.00	28.48	0.00	0.00	0.00	0.00	0.00	0.00	0.00	
45.00	949.00	1052.00	0.00	3181.00	90891.00	1.00	47.76	-1.53	3723.00	90891.00	28.57	13.00	41.00	5.83	34.04	1.40	0.00	28.57	0.00	0.00	0.00	1.16	3181.00	28.13	0.00	0.00	0.00	0.00	0.00	0.00	0.00	
46.00	1439.00	627.00	0.00	3146.00	92023.00	1.00	49.47	-0.85	4225.00	92023.00	29.25	16.00	41.00	5.40	29.13	1.72	0.00	29.25	0.00	0.00	0.00	1.10	3146.00	27.82	0.00	0.00	0.00	0.00	0.00	0.00	0.00	
47.00	574.00	634.00	0.00	3139.00	82586.00	1.00	52.13	-2.31	3969.00	82586.00	26.31	12.00	35.00	3.23	10.41	1.58	0.00	26.31	0.00	0.00	0.00	1.08	3139.00	27.76	0.00	0.00	0.00	0.00	0.00	0.00	0.00	
48.00	1583.00	845.00	0.00	3129.00	103211.00	1.00	43.44	-0.56	4851.00	103211.00	32.99	15.00	47.00	6.13	37.63	1.71	0.00	32.99	0.00	0.00	0.00	1.20	3129.00	27.67	0.01	0.00	0.00	0.00	0.00	0.00	0.00	
49.00	820.00	309.00	0.00	3081.00	78559.00	1.00	35.53	-2.17	6003.00	78559.00	25.50	14.00	35.00	3.33	11.11	1.66	0.00	25.50	0.00	0.00	0.00	1.51	3081.00	27.24	0.00	0.00	0.00	0.00	0.00	0.00	0.00	
50.00	816.00	116.00	0.00	3019.00	78279.00	1.00	35.17	-1.88	5088.00	78279.00	25.93	10.00	33.00	3.07	9.45	1.52	0.00	25.93	0.00	0.00	0.00	1.40	3019.00	26.69	0.00	0.00	0.00	0.00	0.00	0.00	0.00	
51.00	1351.00	574.00	0.00	2984.00	84899.00	1.00	48.47	-1.02	4092.00	84899.00	28.45	16.00	39.00	4.79	22.91	1.62	0.00	28.45	0.00	0.00	0.00	1.08	2984.00	26.39	0.00	0.00	0.00	0.00	0.00	0.00	0.00	
52.00	1346.00	487.00	0.00	2979.00	83280.00	1.00	49.18	-1.37	3886.00	83280.00	27.96	15.00	40.00	5.08	25.79	1.73	0.00	27.96	0.00	0.00	0.00	1.06	2979.00	26.34	0.00	0.00	0.00	0.00	0.00	0.00	0.00	
53.00	1229.00	807.00	0.00	2976.00	95317.00	1.00	51.39	0.45	4526.00	95317.00	32.03	7.00	44.00	6.74	45.46	2.26	0.00	32.03	0.00	0.00	0.00	1.18	2976.00	26.31	0.00	0.00	0.00	0.00	0.00	0.00	0.00	
54.00	1285.00	182.00	0.00	2953.00	79929.00	1.00	35.40	-0.95	6370.00	79929.00	27.07	9.00	37.00	4.03	16.26	1.83	0.00	27.07	0.00	0.00	0.00	1.60	2953.00	26.11	0.00	0.00	0.00	0.00	0.00	0.00	0.00	
55.00	703.00	534.00	0.00	2879.00	80886.00	1.00	50.20	-2.21	4032.00	80886.00	28.10	16.00	36.00	3.75	14.07	1.57	0.00	28.10	0.00	0.00	0.00	1.05	2879.00	25.46	0.00	0.00	0.00	0.00	0.00	0.00	0.00	
56.00	106.00	656.00	0.00	2879.00	69966.00	1.00	45.64	-2.30	4032.00	69966.00	24.30	14.00	33.00	2.07	4.30	1.29	0.00	24.30	0.00	0.00	0.00	1.10	2879.00	25.46	0.00	0.00	0.00	0.00	0.00	0.00	0.00	
57.00	1177.00	712.00	0.00	2697.00	72533.00	1.00	44.91	0.75	4488.00	72533.00	26.89	15.00	40.00	4.18	17.50	1.42	0.00	26.89	0.00	0.00	0.00	1.10	2697.00	23.85	0.01	0.00	0.00	0.00	0.00	0.00	0.00	
58.00	778.00	541.00	0.00	2679.00	71534.00	1.00	47.25	-2.14	3422.00	71534.00	26.70	11.00	36.00	4.05	16.36	1.59	0.00	26.70	0.00	0.00	0.00	1.04	2679.00	23.69	0.00	0.00	0.00	0.00	0.00	0.00	0.00	
59.00	438.00	425.00	0.00	2619.00	66969.00	1.00	45.86	-1.90	3410.00	66969.00	25.57	12.00	34.00	2.75	7.57	1.39	0.00	25.57	0.00	0.00	0.00	1.04	2619.00	23.16	0.00	0.00	0.00	0.00	0.00	0.00	0.00	
60.00	1333.00	417.00	0.00	2604.00	73802.00	1.00	44.39	-1.41	3380.00	73802.00	28.34	15.00	40.00	4.74	22.42	1.80	0.00	28.34	0.00	0.00	0.00	1.04	2604.00	23.03	0.00	0.00	0.00	0.00	0.00	0.00	0.00	
61.00	903.00	755.00	0.00	2574.00	61999.00	1.00	43.62	-0.72	3481.00	61999.00	24.09	13.00	36.00	4.02	16.19	1.64	0.00	24.09	0.00	0.00	0.00	1.07	2574.00	22.76	0.00	0.00	0.00	0.00	0.00	0.00	0.00	
62.00	1263.00	497.00	0.00	2544.00	64508.00	1.00	43.61	-1.71	3432.00	64508.00	25.36	8.00	39.00	4.34	18.80	1.73	0.00	25.36	0.00	0.00	0.00	1.03	2544.00	22.49	0.00	0.00	0.00	0.00	0.00	0.00	0.00	
63.00	28.00	689.00	0.00	2516.00	58866.00	1.00	38.88	-2.33	3538.00	58866.00	23.40	14.00	29.00	2.09	4.37	1.21	0.00	23.40	0.00	0.00	0.00	1.15	2516.00	22.25	0.00	0.00	0.00	0.00	0.00	0.00	0.00	
64.00	390.00	518.00	0.00	2514.00	65971.00	1.00	41.92	-2.25	3599.00	65971.00	26.24	15.00	33.00	2.82	7.96	1.25	0.00	26.24	0.00	0.00	0.00	1.07	2514.00	22.23	0.01	0.00	0.00	0.00	0.00	0.00	0.00	
65.00	436.00	651.00	0.00	2461.00	64078.00	1.00	47.54	-1.33	3900.00	64078.00	26.04	17.00	35.00	2.82	7.94	1.42	0.00	26.04	0.00	0.00	0.00	1.00	2461.00	21.76	0.01	0.00	0.00	0.00	0.00	0.00	0.00	
66.00	272.00	738.00	0.00	2439.00	61992.00	1.00	39.65	0.40	3468.00	61992.00	25.42	16.00	33.00	2.83	8.03	1.52	0.00	25.42	0.00	0.00	0.00	1.07	2439.00	21.57	0.00	0.00	0.00	0.00	0.00	0.00	0.00	
67.00	832.00	488.00	0.00	2435.00	67441.00	1.00	46.39	-0.58	3480.00	67441.00	27.70	17.00	38.00	4.36	18.97	1.59	0.00	27.70	0.00	0.00	0.00	1.03	2435.00	21.53	0.01	0.00	0.00	0.00	0.00	0.00	0.00	
68.00	542.00	568.00	0.00	2387.00	60671.00	1.00	42.39	0.34	3060.00	60671.00	25.42	14.00	36.00	3.23	10.45	1.50	0.00	25.42	0.00	0.00	0.00	1.02	2387.00	21.11	0.00	0.00	0.00	0.00	0.00	0.00	0.00	
69.00	849.00	811.00	0.00	2385.00	52507.00	1.00	38.39	0.77	3481.00	52507.00	22.02	15.00	33.00	2.14	4.58	1.25	0.00	22.02	0.00	0.00	0.00	1.12	2385.00	21.09	0.00	0.00	0.00	0.00	0.00	0.00	0.00	
70.00	839.00	748.00	0.00	2372.00	64921.00	1.00	38.58	0.75	4224.00	64921.00	27.37	14.00	42.00	4.00	16.02	1.50	0.00	27.37	0.00	0.00	0.00	1.16	2372.00	20.97	0.02	0.00	0.00	0.00	0.00	0.00	0.00	
71.00	1151.00	409.00	0.00	2330.00	63915.00	1.00	42.08	-1.50	2989.00	63915.00	27.43	13.00	39.00	4.12	17.00	1.74	0.00	27.43	0.00	0.00	0.00	1.01	2330.00	20.60	0.00	0.00	0.00	0.00	0.00	0.00	0.00	
72.00	568.00	1058.00	0.00	2329.00	62857.00	1.00	36.51	-1.67	3276.00	62857.00	26.99	17.00	36.00	3.58	12.80	1.49	0.00	26.99	0.00	0.00	0.00	1.16	2329.00	20.59	0.00	0.00	0.00	0.00	0.00	0.00	0.00	
73.00	413.00	591.00	0.00	2326.00	60696.00	1.00	38.83	0.70	3286.00	60696.00	26.09	16.00	35.00	3.12	9.73	1.53	0.00	26.09	0.00	0.00	0.00	1.09	2326.00	20.57	0.00	0.00	0.00	0.00	0.00	0.00	0.00	
74.00	887.00	338.00	0.00	2284.00	62294.00	1.00	43.31	-1.47	3009.00	62294.00	27.27	16.00	35.00	3.64	13.29	1.63	0.00	27.27	0.00	0.00	0.00	0.99	2284.00	20.20	0.00	0.00	0.00	0.00	0.00	0.00	0.00	
75.00	941.00	396.00	0.00	2278.00	60430.00	1.00	42.34	-1.92	3060.00	60430.00	26.53	16.00	38.00	3.98	15.86	1.64	0.00	26.53	0.00	0.00	0.00	1.00	2278.00	20.14	0.00	0.00	0.00	0.00	0.00	0.00	0.00	
76.00	1359.00	274.00	0.00	2199.00	64654.00	1.00	41.69	-0.89	2916.00	64654.00	29.40	16.00	39.00	4.75	22.58	1.81	0.00	29.40	0.00	0.00	0.00	1.00	2199.00	19.44	0.00	0.00	0.00	0.00	0.00	0.00	0.00	
77.00	609.00	327.00	0.00	2167.00	52713.00	1.00	40.47	-1.58	2773.00	52713.00	24.33	13.00	33.00	3.07	9.45	1.39	0.00	24.33	0.00	0.00	0.00	0.99	2167.00	19.16	0.00	0.00	0.00	0.00	0.00	0.00	0.00	
78.00	1180.00	326.00	0.00	2115.00	59732.00	1.00	40.14	-1.07	3240.00	59732.00	28.24	15.00	37.00	4.44	19.74	1.70	0.00	28.24	0.00	0.00	0.00	1.00	2115.00	18.70	0.01	0.00	0.00	0.00	0.00	0.00	0.00	
79.00	1136.00	17.00	0.00	2063.00	55112.00	1.00	24.06	-1.29	3772.00	55112.00	26.71	13.00	37.00	3.78	14.28	1.88	0.00	26.71	0.00	0.00	0.00	1.43	2063.00	18.24	0.00	0.00	0.00	0.00	0.00	0.00	0.00	
80.00	1585.00	765.00	0.00	2044.00	49698.00	1.00	30.03	-0.82	4160.00	49698.00	24.31	16.00	41.00	4.70	22.13	1.31	0.00	24.31	0.00	0.00	0.00	1.35	2044.00	18.07	0.02	0.00	0.00	0.00	0.00	0.00	0.00	
81.00	659.00	617.00	0.00	2039.00	105926.00	1.00	40.35	-1.50	3312.00	105926.00	51.95	12.00	255.00	35.76	1278.92	7.83	0.00	51.95	0.00	0.00	0.00	1.13	2039.00	18.03	0.00	0.00	0.00	0.00	0.00	0.00	0.00	
82.00	569.00	289.00	0.00	2019.00	55078.00	1.00	38.65	-1.91	2688.00	55078.00	27.28	17.00	35.00	2.92	8.51	1.67	0.00	27.28	0.00	0.00	0.00	0.98	2019.00	17.85	0.00	0.00	0.00	0.00	0.00	0.00	0.00	
83.00	208.00	1059.00	0.00	1931.00	54375.00	1.00	34.73	-1.64	2720.00	54375.00	28.16	14.00	37.00	3.99	15.90	1.46	0.00	28.16	0.00	0.00	0.00	1.08	1931.00	17.07	0.00	0.00	0.00	0.00	0.00	0.00	0.00	
84.00	1438.00	431.00	0.00	1926.00	57608.00	1.00	38.21	-0.94	2805.00	57608.00	29.91	15.00	38.00	4.88	23.82	1.87	0.00	29.91	0.00	0.00	0.00	0.98	1926.00	17.03	0.01	0.00	0.00	0.00	0.00	0.00	0.00	
85.00	1503.00	637.00	0.00	1924.00	51084.00	1.00	32.95	-0.23	2752.00	51084.00	26.55	13.00	38.00	4.08	16.64	1.58	0.00	26.55	0.00	0.00	0.00	1.11	1924.00	17.01	0.02	0.00	0.00	0.00	0.00	0.00	0.00	
86.00	1113.00	253.00	0.00	1910.00	52568.00	1.00	40.09	-1.82	2850.00	52568.00	27.52	16.00	35.00	4.23	17.86	1.53	0.00	27.52	0.00	0.00	0.00	0.95	1910.00	16.89	0.01	0.00	0.00	0.00	0.00	0.00	0.00	
87.00	1607.00	749.00	0.00	1882.00	57261.00	1.00	28.05	-0.82	3782.00	57261.00	30.43	15.00	44.00	6.19	38.33	1.74	0.00	30.43	0.00	0.00	0.00	1.33	1882.00	16.64	0.03	0.00	0.00	0.00	0.00	0.00	0.00	
88.00	1083.00	161.00	0.00	1878.00	47738.00	1.00	38.20	-1.68	2322.00	47738.00	25.42	16.00	35.00	3.72	13.85	1.66	0.00	25.42	0.00	0.00	0.00	0.95	1878.00	16.61	0.00	0.00	0.00	0.00	0.00	0.00	0.00	
89.00	397.00	315.00	0.00	1800.00	41179.00	1.00	40.69	-2.02	2499.00	41179.00	22.88	15.00	31.00	3.33	11.10	1.23	0.00	22.88	0.00	0.00	0.00	0.93	1800.00	15.92	0.01	0.00	0.00	0.00	0.00	0.00	0.00	
90.00	720.00	206.00	0.00	1792.00	45680.00	1.00	37.01	-1.76	2332.00	45680.00	25.49	15.00	34.00	3.44	11.81	1.66	0.00	25.49	0.00	0.00	0.00	0.95	1792.00	15.85	0.00	0.00	0.00	0.00	0.00	0.00	0.00	
91.00	1120.00	118.00	0.00	1731.00	42391.00	1.00	37.11	-1.47	2332.00	42391.00	24.49	15.00	33.00	3.65	13.30	1.56	0.00	24.49	0.00	0.00	0.00	0.93	1731.00	15.31	0.00	0.00	0.00	0.00	0.00	0.00	0.00	
92.00	495.00	178.00	0.00	1727.00	44985.00	1.00	35.71	-1.92	2226.00	44985.00	26.05	16.00	36.00	2.83	8.03	1.49	0.00	26.05	0.00	0.00	0.00	0.95	1727.00	15.27	0.00	0.00	0.00	0.00	0.00	0.00	0.00	
93.00	421.00	250.00	0.00	1711.00	40077.00	1.00	36.02	-2.32	2256.00	40077.00	23.42	17.00	30.00	2.59	6.72	1.35	0.00	23.42	0.00	0.00	0.00	0.95	1711.00	15.13	0.00	0.00	0.00	0.00	0.00	0.00	0.00	
94.00	570.00	23.00	0.00	1709.00	41196.00	1.00	38.32	-1.94	2350.00	41196.00	24.11	12.00	34.00	3.15	9.92	1.56	0.00	24.11	0.00	0.00	0.00	0.92	1709.00	15.11	0.00	0.00	0.00	0.00	0.00	0.00	0.00	
95.00	482.00	243.00	0.00	1670.00	45549.00	1.00	32.20	-1.64	2301.00	45549.00	27.27	16.00	37.00	3.08	9.46	1.66	0.00	27.27	0.00	0.00	0.00	0.96	1670.00	14.77	0.00	0.00	0.00	0.00	0.00	0.00	0.00	
96.00	437.00	186.00	0.00	1658.00	42313.00	1.00	34.50	-2.21	2205.00	42313.00	25.52	16.00	34.00	2.79	7.78	1.49	0.00	25.52	0.00	0.00	0.00	0.96	1658.00	14.66	0.00	0.00	0.00	0.00	0.00	0.00	0.00	
97.00	1772.00	785.00	0.00	1652.00	59001.00	1.00	26.49	-0.36	2691.00	59001.00	35.71	17.00	49.00	6.29	39.59	2.59	0.00	35.71	0.00	0.00	0.00	1.17	1652.00	14.61	0.00	0.00	0.00	0.00	0.00	0.00	0.00	
98.00	1233.00	109.00	0.00	1626.00	44667.00	1.00	33.86	-1.43	2080.00	44667.00	27.47	16.00	36.00	3.69	13.65	1.82	0.00	27.47	0.00	0.00	0.00	0.93	1626.00	14.38	0.00	0.00	0.00	0.00	0.00	0.00	0.00	
99.00	792.00	1062.00	0.00	1621.00	41273.00	1.00	28.23	-1.59	2201.00	41273.00	25.46	12.00	41.00	3.44	11.81	1.45	0.00	25.46	0.00	0.00	0.00	1.10	1621.00	14.33	0.00	0.00	0.00	0.00	0.00	0.00	0.00	
100.00	594.00	231.00	0.00	1611.00	42437.00	1.00	30.87	-1.92	2408.00	42437.00	26.34	17.00	34.00	3.07	9.40	1.56	0.00	26.34	0.00	0.00	0.00	1.03	1611.00	14.24	0.02	0.00	0.00	0.00	0.00	0.00	0.00	
101.00	1282.00	307.00	0.00	1602.00	42801.00	1.00	35.01	-2.31	2754.00	42801.00	26.72	17.00	41.00	4.30	18.49	1.74	0.00	26.72	0.00	0.00	0.00	0.97	1602.00	14.17	0.02	0.00	0.00	0.00	0.00	0.00	0.00	
102.00	1368.00	203.00	0.00	1567.00	49112.00	1.00	30.44	-0.06	2016.00	49112.00	31.34	16.00	39.00	3.98	15.84	2.15	0.00	31.34	0.00	0.00	0.00	0.95	1567.00	13.86	0.00	0.00	0.00	0.00	0.00	0.00	0.00	
103.00	1129.00	478.00	0.00	1558.00	39029.00	1.00	32.40	-1.54	2301.00	39029.00	25.05	17.00	32.00	3.02	9.14	1.50	0.00	25.05	0.00	0.00	0.00	0.93	1558.00	13.78	0.01	0.00	0.00	0.00	0.00	0.00	0.00	
104.00	911.00	65.00	0.00	1514.00	39375.00	1.00	31.30	-0.33	1976.00	39375.00	26.01	14.00	31.00	3.53	12.47	1.51	0.00	26.01	0.00	0.00	0.00	0.94	1514.00	13.39	0.00	0.00	0.00	0.00	0.00	0.00	0.00	
105.00	1374.00	144.00	0.00	1498.00	44451.00	1.00	30.46	-0.06	2052.00	44451.00	29.67	15.00	37.00	3.78	14.31	1.97	0.00	29.67	0.00	0.00	0.00	0.93	1498.00	13.25	0.00	0.00	0.00	0.00	0.00	0.00	0.00	
106.00	1011.00	722.00	0.00	1497.00	37622.00	1.00	27.09	-2.32	2750.00	37622.00	25.13	14.00	33.00	3.23	10.44	1.42	0.00	25.13	0.00	0.00	0.00	1.17	1497.00	13.24	0.03	0.00	0.00	0.00	0.00	0.00	0.00	
107.00	1180.00	466.00	0.00	1433.00	39471.00	1.00	35.14	-1.53	2340.00	39471.00	27.54	17.00	36.00	4.08	16.67	1.68	0.00	27.54	0.00	0.00	0.00	0.89	1433.00	12.67	0.02	0.00	0.00	0.00	0.00	0.00	0.00	
108.00	1085.00	416.00	0.00	1410.00	34471.00	1.00	27.34	-1.96	2109.00	34471.00	24.45	15.00	34.00	2.87	8.25	1.92	0.00	24.45	0.00	0.00	0.00	1.01	1410.00	12.47	0.00	0.00	0.00	0.00	0.00	0.00	0.00	
109.00	654.00	299.00	0.00	1379.00	34952.00	1.00	31.75	-1.01	2340.00	34952.00	25.35	17.00	35.00	3.47	12.02	1.45	0.00	25.35	0.00	0.00	0.00	0.94	1379.00	12.19	0.02	0.00	0.00	0.00	0.00	0.00	0.00	
110.00	1532.00	640.00	0.00	1367.00	47522.00	1.00	27.08	-0.23	1952.00	47522.00	34.76	16.00	44.00	4.44	19.69	1.87	0.00	34.76	0.00	0.00	0.00	1.01	1367.00	12.09	0.02	0.00	0.00	0.00	0.00	0.00	0.00	
111.00	303.00	549.00	0.00	1337.00	32830.00	1.00	32.28	0.14	2200.00	32830.00	24.55	13.00	35.00	2.80	7.82	1.59	0.00	24.55	0.00	0.00	0.00	0.90	1337.00	11.82	0.02	0.00	0.00	0.00	0.00	0.00	0.00	
112.00	998.00	368.00	0.00	1323.00	38287.00	1.00	25.83	-1.08	2128.00	38287.00	28.94	15.00	39.00	4.55	20.67	1.99	0.00	28.94	0.00	0.00	0.00	1.06	1323.00	11.70	0.02	0.00	0.00	0.00	0.00	0.00	0.00	
113.00	1140.00	168.00	0.00	1266.00	35596.00	1.00	33.30	-1.11	1932.00	35596.00	28.12	17.00	35.00	3.16	9.98	1.84	0.00	28.12	0.00	0.00	0.00	0.86	1266.00	11.19	0.01	0.00	0.00	0.00	0.00	0.00	0.00	
114.00	643.00	461.00	0.00	1260.00	28079.00	1.00	26.85	-0.21	2090.00	28079.00	22.28	10.00	30.00	2.29	5.23	1.68	0.00	22.28	0.00	0.00	0.00	0.95	1260.00	11.14	0.00	0.00	0.00	0.00	0.00	0.00	0.00	
115.00	605.00	526.00	0.00	1208.00	31451.00	1.00	25.11	-1.93	1683.00	31451.00	26.04	17.00	34.00	2.63	6.94	1.78	0.00	26.04	0.00	0.00	0.00	0.99	1208.00	10.68	0.01	0.00	0.00	0.00	0.00	0.00	0.00	
116.00	772.00	227.00	0.00	1138.00	26137.00	1.00	30.61	0.24	1665.00	26137.00	22.97	14.00	32.00	3.05	9.32	1.51	0.00	22.97	0.00	0.00	0.00	0.85	1138.00	10.06	0.01	0.00	0.00	0.00	0.00	0.00	0.00	
117.00	1264.00	432.00	0.00	1089.00	33124.00	1.00	24.40	-0.78	1640.00	33124.00	30.42	15.00	40.00	3.86	14.93	1.95	0.00	30.42	0.00	0.00	0.00	0.99	1089.00	9.63	0.02	0.00	0.00	0.00	0.00	0.00	0.00	
118.00	620.00	35.00	0.00	975.00	25466.00	1.00	22.60	-2.34	1443.00	25466.00	26.12	17.00	36.00	4.02	16.13	2.12	0.00	26.12	0.00	0.00	0.00	0.97	975.00	8.62	0.00	0.00	0.00	0.00	0.00	0.00	0.00	
119.00	438.00	116.00	0.00	970.00	24056.00	1.00	22.55	0.77	1482.00	24056.00	24.80	16.00	35.00	3.91	15.32	2.06	0.00	24.80	0.00	0.00	0.00	0.97	970.00	8.58	0.00	0.00	0.00	0.00	0.00	0.00	0.00	
120.00	1200.00	732.00	0.00	946.00	31771.00	1.00	20.14	0.72	1755.00	31771.00	33.58	17.00	42.00	5.02	25.20	2.21	0.00	33.58	0.00	0.00	0.00	1.11	946.00	8.36	0.04	0.00	0.00	0.00	0.00	0.00	0.00	
121.00	408.00	366.00	0.00	907.00	21249.00	1.00	18.12	-2.05	1664.00	21249.00	23.43	17.00	31.00	2.23	4.99	1.80	0.00	23.43	0.00	0.00	0.00	1.12	907.00	8.02	0.00	0.00	0.00	0.00	0.00	0.00	0.00	
122.00	664.00	222.00	0.00	895.00	24767.00	1.00	23.66	0.35	1344.00	24767.00	27.67	16.00	35.00	2.94	8.66	1.96	0.00	27.67	0.00	0.00	0.00	0.91	895.00	7.91	0.02	0.00	0.00	0.00	0.00	0.00	0.00	
123.00	1788.00	352.00	0.00	879.00	26205.00	1.00	16.47	-1.07	2124.00	26205.00	29.81	17.00	39.00	4.58	20.96	2.95	0.00	29.81	0.00	0.00	0.00	1.28	879.00	7.77	0.00	0.00	0.00	0.00	0.00	0.00	0.00	
124.00	641.00	223.00	0.00	864.00	21681.00	1.00	23.26	0.36	1230.00	21681.00	25.09	16.00	35.00	3.32	11.04	1.73	0.00	25.09	0.00	0.00	0.00	0.88	864.00	7.64	0.03	0.00	0.00	0.00	0.00	0.00	0.00	
125.00	199.00	577.00	0.00	841.00	20206.00	1.00	16.08	0.77	2160.00	20206.00	24.03	16.00	30.00	2.63	6.91	2.12	0.00	24.03	0.00	0.00	0.00	1.29	841.00	7.44	0.00	0.00	0.00	0.00	0.00	0.00	0.00	
126.00	369.00	803.00	0.00	824.00	18828.00	1.00	19.72	-1.67	1150.00	18828.00	22.85	16.00	28.00	2.56	6.57	1.53	0.00	22.85	0.00	0.00	0.00	0.93	824.00	7.29	0.02	0.00	0.00	0.00	0.00	0.00	0.00	
127.00	1643.00	466.00	0.00	791.00	24681.00	1.00	17.26	-0.71	1806.00	24681.00	31.20	17.00	45.00	6.54	42.79	3.09	0.00	31.20	0.00	0.00	0.00	1.19	791.00	6.99	0.00	0.00	0.00	0.00	0.00	0.00	0.00	
128.00	743.00	151.00	0.00	757.00	19278.00	1.00	20.10	-2.14	1240.00	19278.00	25.47	17.00	33.00	2.84	8.04	2.10	0.00	25.47	0.00	0.00	0.00	0.90	757.00	6.69	0.01	0.00	0.00	0.00	0.00	0.00	0.00	
129.00	1303.00	321.00	0.00	716.00	23601.00	1.00	19.23	0.73	1258.00	23601.00	32.96	16.00	42.00	4.59	21.09	2.50	0.00	32.96	0.00	0.00	0.00	0.95	716.00	6.33	0.04	0.00	0.00	0.00	0.00	0.00	0.00	
130.00	543.00	259.00	0.00	704.00	17020.00	1.00	15.73	-1.84	1200.00	17020.00	24.18	17.00	31.00	2.56	6.58	2.14	0.00	24.18	0.00	0.00	0.00	1.00	704.00	6.22	0.00	0.00	0.00	0.00	0.00	0.00	0.00	
131.00	990.00	522.00	0.00	702.00	16909.00	1.00	19.56	-2.05	1134.00	16909.00	24.09	17.00	34.00	2.64	6.99	1.81	0.00	24.09	0.00	0.00	0.00	0.92	702.00	6.21	0.02	0.00	0.00	0.00	0.00	0.00	0.00	
132.00	1053.00	85.00	0.00	681.00	18873.00	1.00	24.02	-0.28	896.00	18873.00	27.71	14.00	34.00	2.86	8.18	1.84	0.00	27.71	0.00	0.00	0.00	0.79	681.00	6.02	0.02	0.00	0.00	0.00	0.00	0.00	0.00	
133.00	630.00	92.00	0.00	635.00	17538.00	1.00	14.70	-1.64	936.00	17538.00	27.62	13.00	37.00	4.08	16.63	3.04	0.00	27.62	0.00	0.00	0.00	0.96	635.00	5.61	0.00	0.00	0.00	0.00	0.00	0.00	0.00	
134.00	1032.00	87.00	0.00	630.00	15403.00	1.00	22.99	-0.03	884.00	15403.00	24.45	14.00	30.00	2.54	6.45	1.78	0.00	24.45	0.00	0.00	0.00	0.78	630.00	5.57	0.02	0.00	0.00	0.00	0.00	0.00	0.00	
135.00	674.00	285.00	0.00	626.00	17783.00	1.00	17.53	-0.85	1056.00	17783.00	28.41	14.00	35.00	3.24	10.52	1.90	0.00	28.41	0.00	0.00	0.00	0.93	626.00	5.54	0.04	0.00	0.00	0.00	0.00	0.00	0.00	
136.00	663.00	130.00	0.00	616.00	13960.00	1.00	16.14	0.09	792.00	13960.00	22.66	15.00	34.00	3.27	10.69	1.50	0.00	22.66	0.00	0.00	0.00	0.88	616.00	5.45	0.03	0.00	0.00	0.00	0.00	0.00	0.00	
137.00	1405.00	345.00	0.00	615.00	19049.00	1.00	19.23	-0.36	1026.00	19049.00	30.97	17.00	40.00	5.36	28.69	2.63	0.00	30.97	0.00	0.00	0.00	0.81	615.00	5.44	0.02	0.00	0.00	0.00	0.00	0.00	0.00	
138.00	679.00	128.00	0.00	598.00	14669.00	1.00	15.65	-0.04	738.00	14669.00	24.53	16.00	31.00	2.71	7.37	1.75	0.00	24.53	0.00	0.00	0.00	0.87	598.00	5.29	0.03	0.00	0.00	0.00	0.00	0.00	0.00	
139.00	719.00	723.00	0.00	572.00	13634.00	1.00	13.26	-0.84	1330.00	13634.00	23.84	13.00	30.00	2.84	8.04	1.41	0.00	23.84	0.00	0.00	0.00	1.14	572.00	5.06	0.06	0.00	0.00	0.00	0.00	0.00	0.00	
140.00	1099.00	373.00	0.00	563.00	13689.00	1.00	14.38	0.58	1120.00	13689.00	24.31	14.00	35.00	4.39	19.32	2.52	0.00	24.31	0.00	0.00	0.00	1.02	563.00	4.98	0.00	0.00	0.00	0.00	0.00	0.00	0.00	
141.00	584.00	213.00	0.00	543.00	14777.00	1.00	13.17	-1.94	990.00	14777.00	27.21	17.00	34.00	2.88	8.31	1.99	0.00	27.21	0.00	0.00	0.00	1.03	543.00	4.80	0.05	0.00	0.00	0.00	0.00	0.00	0.00	
142.00	415.00	673.00	0.00	528.00	12677.00	1.00	14.98	-0.85	1050.00	12677.00	24.01	17.00	35.00	2.79	7.79	1.70	0.00	24.01	0.00	0.00	0.00	1.00	528.00	4.67	0.05	0.00	0.00	0.00	0.00	0.00	0.00	
143.00	1655.00	828.00	0.00	525.00	12279.00	1.00	12.26	-0.61	1200.00	12279.00	23.39	17.00	28.00	2.04	4.16	1.64	0.00	23.39	0.00	0.00	0.00	1.11	525.00	4.64	0.06	0.00	0.00	0.00	0.00	0.00	0.00	
144.00	1564.00	864.00	0.00	520.00	13824.00	1.00	11.81	-0.64	1312.00	13824.00	26.58	16.00	38.00	3.77	14.23	2.17	0.00	26.58	0.00	0.00	0.00	1.15	520.00	4.60	0.06	0.00	0.00	0.00	0.00	0.00	0.00	
145.00	243.00	862.00	0.00	510.00	14910.00	1.00	15.25	0.53	962.00	14910.00	29.24	17.00	37.00	4.46	19.91	3.45	0.00	29.24	0.00	0.00	0.00	0.95	510.00	4.51	0.00	0.00	0.00	0.00	0.00	0.00	0.00	
146.00	1198.00	484.00	0.00	487.00	14461.00	1.00	17.14	-2.22	775.00	14461.00	29.69	17.00	36.00	4.36	18.97	2.16	0.00	29.69	0.00	0.00	0.00	0.80	487.00	4.31	0.05	0.00	0.00	0.00	0.00	0.00	0.00	
147.00	422.00	1069.00	0.00	486.00	13454.00	1.00	11.77	-1.56	585.00	13454.00	27.68	17.00	35.00	2.71	7.36	1.20	0.00	27.68	0.00	0.00	0.00	0.93	486.00	4.30	0.05	0.00	0.00	0.00	0.00	0.00	0.00	
148.00	1014.00	524.00	0.00	464.00	12433.00	1.00	17.75	-1.94	825.00	12433.00	26.80	15.00	34.00	2.75	7.56	2.21	0.00	26.80	0.00	0.00	0.00	0.75	464.00	4.10	0.04	0.00	0.00	0.00	0.00	0.00	0.00	
149.00	338.00	805.00	0.00	424.00	10375.00	1.00	14.47	-2.11	736.00	10375.00	24.47	16.00	30.00	2.62	6.86	2.06	0.00	24.47	0.00	0.00	0.00	0.86	424.00	3.75	0.03	0.00	0.00	0.00	0.00	0.00	0.00	
150.00	1215.00	363.00	0.00	404.00	9525.00	1.00	14.70	0.38	522.00	9525.00	23.58	14.00	31.00	3.49	12.18	2.18	0.00	23.58	0.00	0.00	0.00	0.76	404.00	3.57	0.01	0.00	0.00	0.00	0.00	0.00	0.00	
151.00	508.00	105.00	0.00	390.00	10641.00	1.00	16.20	-2.01	736.00	10641.00	27.28	16.00	35.00	3.83	14.69	2.93	0.00	27.28	0.00	0.00	0.00	0.74	390.00	3.45	0.02	0.00	0.00	0.00	0.00	0.00	0.00	
152.00	289.00	571.00	0.00	382.00	8664.00	1.00	13.11	-0.58	638.00	8664.00	22.68	14.00	28.00	2.04	4.18	1.65	0.00	22.68	0.00	0.00	0.00	0.82	382.00	3.38	0.05	0.00	0.00	0.00	0.00	0.00	0.00	
153.00	512.00	743.00	0.00	342.00	7773.00	1.00	14.86	-1.99	494.00	7773.00	22.73	16.00	30.00	3.14	9.83	2.00	0.00	22.73	0.00	0.00	0.00	0.70	342.00	3.02	0.03	0.00	0.00	0.00	0.00	0.00	0.00	
154.00	1164.00	345.00	0.00	337.00	8042.00	1.00	10.71	-0.96	690.00	8042.00	23.86	16.00	35.00	3.16	9.96	2.16	0.00	23.86	0.00	0.00	0.00	0.92	337.00	2.98	0.07	0.00	0.00	0.00	0.00	0.00	0.00	
155.00	1410.00	892.00	0.00	331.00	7348.00	1.00	15.16	-1.37	660.00	7348.00	22.20	12.00	38.00	4.98	24.80	4.13	0.00	22.20	0.00	0.00	0.00	0.79	331.00	2.93	0.00	0.00	0.00	0.00	0.00	0.00	0.00	
156.00	1236.00	423.00	0.00	294.00	6724.00	1.00	15.05	0.43	414.00	6724.00	22.87	17.00	30.00	2.52	6.35	2.16	0.00	22.87	0.00	0.00	0.00	0.65	294.00	2.60	0.05	0.00	0.00	0.00	0.00	0.00	0.00	
157.00	274.00	1071.00	0.00	287.00	7282.00	0.99	8.36	-1.60	351.00	7282.00	25.37	13.00	34.00	3.58	12.83	2.59	0.00	25.37	0.00	0.00	0.00	0.86	287.00	2.54	0.00	0.00	0.00	0.00	0.00	0.00	0.00	
158.00	858.00	478.00	0.00	283.00	8940.00	0.99	9.61	-0.42	561.00	8940.00	31.59	17.00	39.00	3.70	13.70	2.73	0.00	31.59	0.00	0.00	0.00	0.89	283.00	2.50	0.07	0.00	0.00	0.00	0.00	0.00	0.00	
159.00	1247.00	439.00	0.00	281.00	7702.00	1.00	10.73	-1.04	475.00	7702.00	27.41	17.00	35.00	3.08	9.49	2.25	0.00	27.41	0.00	0.00	0.00	0.80	281.00	2.48	0.07	0.00	0.00	0.00	0.00	0.00	0.00	
160.00	1393.00	325.00	0.00	278.00	8208.00	1.00	14.16	-1.24	408.00	8208.00	29.53	17.00	35.00	3.96	15.71	2.90	0.00	29.53	0.00	0.00	0.00	0.64	278.00	2.46	0.04	0.00	0.00	0.00	0.00	0.00	0.00	
161.00	492.00	118.00	0.00	271.00	6590.00	1.00	12.66	0.48	408.00	6590.00	24.32	15.00	31.00	3.14	9.83	2.42	0.00	24.32	0.00	0.00	0.00	0.67	271.00	2.40	0.03	0.00	0.00	0.00	0.00	0.00	0.00	
162.00	1158.00	183.00	0.00	253.00	7419.00	1.00	12.05	0.76	380.00	7419.00	29.32	17.00	33.00	3.18	10.10	2.34	0.00	29.32	0.00	0.00	0.00	0.67	253.00	2.24	0.06	0.00	0.00	0.00	0.00	0.00	0.00	
163.00	784.00	208.00	0.00	224.00	6014.00	1.00	11.59	-0.71	306.00	6014.00	26.85	15.00	35.00	2.82	7.95	2.16	0.00	26.85	0.00	0.00	0.00	0.63	224.00	1.98	0.06	0.00	0.00	0.00	0.00	0.00	0.00	
164.00	1093.00	238.00	0.00	215.00	5488.00	0.99	9.26	-2.31	400.00	5488.00	25.53	17.00	31.00	2.91	8.47	2.52	0.00	25.53	0.00	0.00	0.00	0.79	215.00	1.90	0.08	0.00	0.00	0.00	0.00	0.00	0.00	
165.00	1105.00	489.00	0.00	208.00	4748.00	1.00	10.11	-0.90	342.00	4748.00	22.83	17.00	30.00	2.55	6.48	2.12	0.00	22.83	0.00	0.00	0.00	0.71	208.00	1.84	0.07	0.00	0.00	0.00	0.00	0.00	0.00	
166.00	415.00	298.00	0.00	198.00	5225.00	0.99	8.76	-0.79	361.00	5225.00	26.39	17.00	32.00	3.24	10.48	2.36	0.00	26.39	0.00	0.00	0.00	0.76	198.00	1.75	0.08	0.00	0.00	0.00	0.00	0.00	0.00	
167.00	985.00	378.00	0.00	189.00	5169.00	0.99	7.07	-1.02	494.00	5169.00	27.35	17.00	33.00	3.69	13.64	3.04	0.00	27.35	0.00	0.00	0.00	0.91	189.00	1.67	0.10	0.00	0.00	0.00	0.00	0.00	0.00	
168.00	1459.00	450.00	0.00	172.00	5603.00	0.99	8.00	-2.35	323.00	5603.00	32.58	17.00	40.00	5.09	25.92	3.53	0.00	32.58	0.00	0.00	0.00	0.75	172.00	1.52	0.08	0.00	0.00	0.00	0.00	0.00	0.00	
169.00	1203.00	761.00	0.00	155.00	3369.00	0.99	8.02	-2.23	270.00	3369.00	21.74	17.00	30.00	2.58	6.66	2.57	0.00	21.74	0.00	0.00	0.00	0.69	155.00	1.37	0.00	0.00	0.00	0.00	0.00	0.00	0.00	
170.00	369.00	505.00	0.00	154.00	4094.00	0.98	5.64	0.73	460.00	4094.00	26.58	16.00	32.00	3.49	12.18	3.08	0.00	26.58	0.00	0.00	0.00	0.95	154.00	1.36	0.11	0.00	0.00	0.00	0.00	0.00	0.00	
171.00	632.00	521.00	0.00	151.00	3714.00	0.99	9.61	0.28	220.00	3714.00	24.60	17.00	30.00	2.87	8.23	2.32	0.00	24.60	0.00	0.00	0.00	0.59	151.00	1.34	0.06	0.00	0.00	0.00	0.00	0.00	0.00	
172.00	888.00	704.00	0.00	145.00	3291.00	0.99	9.22	-1.95	252.00	3291.00	22.70	13.00	33.00	4.27	18.21	4.07	0.00	22.70	0.00	0.00	0.00	0.66	145.00	1.28	0.00	0.00	0.00	0.00	0.00	0.00	0.00	
173.00	729.00	168.00	0.00	127.00	2873.00	0.99	9.91	-1.54	165.00	2873.00	22.62	17.00	29.00	2.43	5.89	2.34	0.00	22.62	0.00	0.00	0.00	0.52	127.00	1.12	0.07	0.00	0.00	0.00	0.00	0.00	0.00	
174.00	1732.00	764.00	0.00	117.00	2431.00	0.99	9.80	0.65	144.00	2431.00	20.78	15.00	27.00	2.64	6.95	2.57	0.00	20.78	0.00	0.00	0.00	0.48	117.00	1.03	0.00	0.00	0.00	0.00	0.00	0.00	0.00	
175.00	861.00	113.00	0.00	113.00	3083.00	0.99	6.47	0.73	240.00	3083.00	27.28	17.00	33.00	3.56	12.67	3.02	0.00	27.28	0.00	0.00	0.00	0.69	113.00	1.00	0.11	0.00	0.00	0.00	0.00	0.00	0.00	
176.00	615.00	467.00	0.00	93.00	2381.00	0.96	3.70	0.27	243.00	2381.00	25.60	17.00	36.00	4.70	22.11	6.98	0.00	25.60	0.00	0.00	0.00	0.87	93.00	0.82	0.00	0.00	0.00	0.00	0.00	0.00	0.00	
177.00	1246.00	386.00	0.00	88.00	1663.00	0.99	7.32	-2.30	121.00	1663.00	18.90	16.00	23.00	1.30	1.70	1.71	0.00	18.90	0.00	0.00	0.00	0.51	88.00	0.78	0.03	0.00	0.00	0.00	0.00	0.00	0.00	
178.00	1255.00	380.00	0.00	84.00	1567.00	0.99	6.93	0.55	117.00	1567.00	18.65	16.00	21.00	1.40	1.96	1.58	0.00	18.65	0.00	0.00	0.00	0.52	84.00	0.74	0.03	0.00	0.00	0.00	0.00	0.00	0.00	
179.00	1393.00	875.00	0.00	75.00	1637.00	0.99	7.97	0.28	90.00	1637.00	21.83	17.00	26.00	2.47	6.09	2.99	0.00	21.83	0.00	0.00	0.00	0.42	75.00	0.66	0.00	0.00	0.00	0.00	0.00	0.00	0.00	
180.00	1212.00	379.00	0.00	71.00	1546.00	0.99	7.12	-1.50	96.00	1546.00	21.77	17.00	27.00	2.50	6.23	2.18	0.00	21.77	0.00	0.00	0.00	0.46	71.00	0.63	0.07	0.00	0.00	0.00	0.00	0.00	0.00	
