ID	centroid_x	centroid_y	centroid_z	volume	integrated_intensity	eccentricity	elongation	orientation	bounding_box_volume	sum	mean	minimum	maximum	sigma	variance	surface_gradient	interior_gradient	surface_intensity	interior_intensity	intensity_ratio	convexity	radius_variation	surface_area	shape	shared_boundary	t_energy	t_entropy	inverse_diff_moment	inertia	cluster_shade	cluster_prominence	
1.00	717.00	661.00	0.00	33314.00	891754.00	1.00	185.56	0.78	87360.00	891754.00	26.77	0.00	41.00	4.31	18.54	1.47	0.00	26.77	0.00	0.00	0.00	2.45	33314.00	294.57	0.00	0.00	0.00	0.00	0.00	0.00	0.00	
2.00	894.00	693.00	0.00	16471.00	446840.00	1.00	111.03	-2.13	24420.00	446840.00	27.13	8.00	42.00	5.08	25.79	1.31	0.00	27.13	0.00	0.00	0.00	1.87	16471.00	145.64	0.00	0.00	0.00	0.00	0.00	0.00	0.00	
3.00	463.00	500.00	0.00	11364.00	284923.00	1.00	79.63	-1.82	24476.00	284923.00	25.07	7.00	39.00	3.51	12.35	1.51	0.00	25.07	0.00	0.00	0.00	2.04	11364.00	100.48	0.01	0.00	0.00	0.00	0.00	0.00	0.00	
4.00	943.00	226.00	0.00	11121.00	289403.00	1.00	80.98	-1.91	27219.00	289403.00	26.02	8.00	38.00	3.98	15.82	1.65	0.00	26.02	0.00	0.00	0.00	2.23	11121.00	98.33	0.00	0.00	0.00	0.00	0.00	0.00	0.00	
5.00	532.00	392.00	0.00	9236.00	237549.00	1.00	105.75	-0.07	16625.00	237549.00	25.72	8.00	35.00	3.79	14.40	1.64	0.00	25.72	0.00	0.00	0.00	1.52	9236.00	81.67	0.01	0.00	0.00	0.00	0.00	0.00	0.00	
6.00	997.00	975.00	0.00	9014.00	256397.00	1.00	64.34	-0.02	11781.00	256397.00	28.44	8.00	42.00	5.26	27.64	1.49	0.00	28.44	0.00	0.00	0.00	1.65	9014.00	79.70	0.00	0.00	0.00	0.00	0.00	0.00	0.00	
7.00	811.00	940.00	0.00	8902.00	235387.00	1.00	67.41	-1.76	13671.00	235387.00	26.44	9.00	39.00	4.46	19.93	1.59	0.00	26.44	0.00	0.00	0.00	1.63	8902.00	78.71	0.00	0.00	0.00	0.00	0.00	0.00	0.00	
8.00	1190.00	747.00	0.00	8015.00	227387.00	1.00	62.47	-0.16	12905.00	227387.00	28.37	5.00	47.00	5.39	29.04	1.72	0.00	28.37	0.00	0.00	0.00	1.63	8015.00	70.87	0.00	0.00	0.00	0.00	0.00	0.00	0.00	
9.00	921.00	850.00	0.00	7995.00	216288.00	1.00	63.47	0.50	13056.00	216288.00	27.05	9.00	39.00	4.58	20.98	1.49	0.00	27.05	0.00	0.00	0.00	1.64	7995.00	70.69	0.00	0.00	0.00	0.00	0.00	0.00	0.00	
10.00	542.00	243.00	0.00	7631.00	191987.00	1.00	87.33	-1.75	16799.00	191987.00	25.16	7.00	35.00	3.61	13.05	1.55	0.00	25.16	0.00	0.00	0.00	1.73	7631.00	67.47	0.00	0.00	0.00	0.00	0.00	0.00	0.00	
11.00	744.00	196.00	0.00	7595.00	188711.00	1.00	77.12	0.49	14541.00	188711.00	24.85	6.00	37.00	3.87	14.97	1.74	0.00	24.85	0.00	0.00	0.00	1.39	7595.00	67.16	0.00	0.00	0.00	0.00	0.00	0.00	0.00	
12.00	1201.00	565.00	0.00	7526.00	205051.00	1.00	51.38	-1.63	11661.00	205051.00	27.25	6.00	42.00	5.07	25.73	1.75	0.00	27.25	0.00	0.00	0.00	1.83	7526.00	66.55	0.01	0.00	0.00	0.00	0.00	0.00	0.00	
13.00	1059.00	739.00	0.00	7267.00	196098.00	1.00	59.98	-1.75	11205.00	196098.00	26.98	7.00	42.00	4.58	20.93	1.57	0.00	26.98	0.00	0.00	0.00	1.56	7267.00	64.26	0.00	0.00	0.00	0.00	0.00	0.00	0.00	
14.00	267.00	720.00	0.00	7265.00	189715.00	1.00	55.50	0.64	17292.00	189715.00	26.11	8.00	34.00	3.53	12.48	1.55	0.00	26.11	0.00	0.00	0.00	1.89	7265.00	64.24	0.00	0.00	0.00	0.00	0.00	0.00	0.00	
15.00	389.00	1023.00	0.00	6922.00	172068.00	1.00	66.24	-0.27	9944.00	172068.00	24.86	7.00	39.00	3.94	15.54	1.31	0.00	24.86	0.00	0.00	0.00	1.53	6922.00	61.21	0.00	0.00	0.00	0.00	0.00	0.00	0.00	
16.00	138.00	659.00	0.00	6413.00	149617.00	1.00	57.43	-1.40	9906.00	149617.00	23.33	9.00	31.00	2.65	7.02	1.28	0.00	23.33	0.00	0.00	0.00	1.50	6413.00	56.71	0.00	0.00	0.00	0.00	0.00	0.00	0.00	
17.00	666.00	380.00	0.00	5905.00	162816.00	1.00	44.27	-1.69	8680.00	162816.00	27.57	8.00	37.00	3.60	12.94	1.66	0.00	27.57	0.00	0.00	0.00	1.73	5905.00	52.21	0.00	0.00	0.00	0.00	0.00	0.00	0.00	
18.00	42.00	557.00	0.00	5826.00	137144.00	1.00	60.75	-0.56	9416.00	137144.00	23.54	6.00	37.00	2.84	8.04	1.36	0.00	23.54	0.00	0.00	0.00	1.42	5826.00	51.51	0.00	0.00	0.00	0.00	0.00	0.00	0.00	
19.00	993.00	303.00	0.00	5820.00	169191.00	1.00	55.22	-1.35	9120.00	169191.00	29.07	6.00	40.00	4.95	24.52	1.67	0.00	29.07	0.00	0.00	0.00	1.48	5820.00	51.46	0.00	0.00	0.00	0.00	0.00	0.00	0.00	
20.00	569.00	546.00	0.00	5496.00	133515.00	1.00	49.51	-1.83	9102.00	133515.00	24.29	9.00	33.00	3.31	10.97	1.49	0.00	24.29	0.00	0.00	0.00	1.54	5496.00	48.60	0.00	0.00	0.00	0.00	0.00	0.00	0.00	
21.00	886.00	170.00	0.00	4900.00	123922.00	1.00	38.65	-1.80	9135.00	123922.00	25.29	9.00	35.00	3.36	11.30	1.58	0.00	25.29	0.00	0.00	0.00	1.84	4900.00	43.33	0.00	0.00	0.00	0.00	0.00	0.00	0.00	
22.00	1613.00	348.00	0.00	4892.00	137656.00	1.00	42.80	-0.93	10323.00	137656.00	28.14	8.00	42.00	5.32	28.29	1.92	0.00	28.14	0.00	0.00	0.00	1.74	4892.00	43.26	0.00	0.00	0.00	0.00	0.00	0.00	0.00	
23.00	1355.00	322.00	0.00	4682.00	133134.00	1.00	46.03	-1.30	8400.00	133134.00	28.44	10.00	39.00	4.91	24.13	1.89	0.00	28.44	0.00	0.00	0.00	1.48	4682.00	41.40	0.00	0.00	0.00	0.00	0.00	0.00	0.00	
24.00	298.00	981.00	0.00	4581.00	121770.00	1.00	58.94	0.49	6351.00	121770.00	26.58	9.00	42.00	3.85	14.80	1.60	0.00	26.58	0.00	0.00	0.00	1.22	4581.00	40.51	0.00	0.00	0.00	0.00	0.00	0.00	0.00	
25.00	1468.00	862.00	0.00	4507.00	134912.00	1.00	60.90	-0.71	6160.00	134912.00	29.93	13.00	48.00	6.48	42.02	1.74	0.00	29.93	0.00	0.00	0.00	1.19	4507.00	39.85	0.00	0.00	0.00	0.00	0.00	0.00	0.00	
26.00	186.00	989.00	0.00	4477.00	128408.00	1.00	58.28	0.70	6150.00	128408.00	28.68	7.00	122.00	9.08	82.50	4.11	0.00	28.68	0.00	0.00	0.00	1.23	4477.00	39.59	0.00	0.00	0.00	0.00	0.00	0.00	0.00	
27.00	1570.00	835.00	0.00	4465.00	130353.00	1.00	59.15	-0.81	6320.00	130353.00	29.19	13.00	46.00	6.13	37.61	1.74	0.00	29.19	0.00	0.00	0.00	1.19	4465.00	39.48	0.00	0.00	0.00	0.00	0.00	0.00	0.00	
28.00	714.00	884.00	0.00	4350.00	118875.00	1.00	61.91	0.48	5694.00	118875.00	27.33	15.00	40.00	4.84	23.39	1.49	0.00	27.33	0.00	0.00	0.00	1.16	4350.00	38.46	0.00	0.00	0.00	0.00	0.00	0.00	0.00	
29.00	116.00	1037.00	0.00	4316.00	106201.00	1.00	56.37	0.55	5840.00	106201.00	24.61	9.00	34.00	2.92	8.54	1.27	0.00	24.61	0.00	0.00	0.00	1.21	4316.00	38.16	0.00	0.00	0.00	0.00	0.00	0.00	0.00	
30.00	1697.00	917.00	0.00	4236.00	135796.00	1.00	57.25	-0.48	5544.00	135796.00	32.06	13.00	48.00	7.00	49.05	1.85	0.00	32.06	0.00	0.00	0.00	1.18	4236.00	37.46	0.00	0.00	0.00	0.00	0.00	0.00	0.00	
31.00	962.00	395.00	0.00	3957.00	109993.00	1.00	45.69	-1.84	7038.00	109993.00	27.80	14.00	39.00	4.40	19.38	1.68	0.00	27.80	0.00	0.00	0.00	1.30	3957.00	34.99	0.01	0.00	0.00	0.00	0.00	0.00	0.00	
32.00	326.00	847.00	0.00	3939.00	103559.00	1.00	52.66	-2.25	5624.00	103559.00	26.29	9.00	39.00	3.79	14.36	1.39	0.00	26.29	0.00	0.00	0.00	1.20	3939.00	34.83	0.00	0.00	0.00	0.00	0.00	0.00	0.00	
33.00	1598.00	742.00	0.00	3915.00	113416.00	1.00	53.93	-0.87	5400.00	113416.00	28.97	14.00	46.00	6.14	37.65	1.78	0.00	28.97	0.00	0.00	0.00	1.18	3915.00	34.62	0.00	0.00	0.00	0.00	0.00	0.00	0.00	
34.00	1117.00	825.00	0.00	3866.00	111843.00	1.00	58.31	-0.20	4757.00	111843.00	28.93	13.00	41.00	5.72	32.74	1.69	0.00	28.93	0.00	0.00	0.00	1.13	3866.00	34.18	0.00	0.00	0.00	0.00	0.00	0.00	0.00	
35.00	580.00	1049.00	0.00	3801.00	105659.00	1.00	53.37	-1.74	5002.00	105659.00	27.80	15.00	39.00	4.63	21.44	1.38	0.00	27.80	0.00	0.00	0.00	1.20	3801.00	33.61	0.00	0.00	0.00	0.00	0.00	0.00	0.00	
36.00	980.00	118.00	0.00	3792.00	99869.00	1.00	48.09	-0.19	5915.00	99869.00	26.34	12.00	37.00	3.72	13.86	1.83	0.00	26.34	0.00	0.00	0.00	1.30	3792.00	33.53	0.00	0.00	0.00	0.00	0.00	0.00	0.00	
37.00	1473.00	763.00	0.00	3747.00	111594.00	1.00	51.92	-1.04	5304.00	111594.00	29.78	15.00	46.00	5.93	35.20	1.86	0.00	29.78	0.00	0.00	0.00	1.17	3747.00	33.13	0.00	0.00	0.00	0.00	0.00	0.00	0.00	
38.00	476.00	327.00	0.00	3744.00	93488.00	1.00	47.79	0.49	5372.00	93488.00	24.97	13.00	33.00	3.42	11.68	1.55	0.00	24.97	0.00	0.00	0.00	1.25	3744.00	33.11	0.00	0.00	0.00	0.00	0.00	0.00	0.00	
39.00	1735.00	702.00	0.00	3736.00	112379.00	1.00	52.08	-0.71	5254.00	112379.00	30.08	13.00	45.00	6.19	38.37	1.86	0.00	30.08	0.00	0.00	0.00	1.17	3736.00	33.03	0.00	0.00	0.00	0.00	0.00	0.00	0.00	
40.00	802.00	304.00	0.00	3714.00	93450.00	1.00	47.05	0.77	6391.00	93450.00	25.16	11.00	34.00	3.82	14.58	1.56	0.00	25.16	0.00	0.00	0.00	1.29	3714.00	32.84	0.01	0.00	0.00	0.00	0.00	0.00	0.00	
41.00	750.00	453.00	0.00	3693.00	103189.00	1.00	38.60	-2.02	7314.00	103189.00	27.94	9.00	38.00	3.69	13.61	1.72	0.00	27.94	0.00	0.00	0.00	1.62	3693.00	32.65	0.01	0.00	0.00	0.00	0.00	0.00	0.00	
42.00	1701.00	824.00	0.00	3639.00	115957.00	1.00	52.19	-0.42	5082.00	115957.00	31.87	11.00	48.00	6.60	43.55	2.02	0.00	31.87	0.00	0.00	0.00	1.14	3639.00	32.18	0.00	0.00	0.00	0.00	0.00	0.00	0.00	
43.00	1384.00	774.00	0.00	3621.00	108046.00	1.00	59.00	-1.14	5402.00	108046.00	29.84	15.00	42.00	5.58	31.17	1.67	0.00	29.84	0.00	0.00	0.00	1.11	3621.00	32.02	0.01	0.00	0.00	0.00	0.00	0.00	0.00	
44.00	482.00	1003.00	0.00	3608.00	91112.00	1.00	46.98	0.53	6192.00	91112.00	25.25	15.00	34.00	3.59	12.91	1.32	0.00	25.25	0.00	0.00	0.00	1.28	3608.00	31.90	0.01	0.00	0.00	0.00	0.00	0.00	0.00	
45.00	1517.00	649.00	0.00	3530.00	102753.00	1.00	52.85	-0.91	4828.00	102753.00	29.11	11.00	43.00	5.58	31.09	1.84	0.00	29.11	0.00	0.00	0.00	1.13	3530.00	31.21	0.00	0.00	0.00	0.00	0.00	0.00	0.00	
46.00	847.00	819.00	0.00	3489.00	81080.00	1.00	53.56	-1.98	5040.00	81080.00	23.24	10.00	35.00	3.01	9.08	1.39	0.00	23.24	0.00	0.00	0.00	1.13	3489.00	30.85	0.01	0.00	0.00	0.00	0.00	0.00	0.00	
47.00	1645.00	565.00	0.00	3368.00	95295.00	1.00	49.42	-1.00	4473.00	95295.00	28.29	15.00	40.00	5.60	31.35	1.66	0.00	28.29	0.00	0.00	0.00	1.14	3368.00	29.78	0.00	0.00	0.00	0.00	0.00	0.00	0.00	
48.00	1127.00	662.00	0.00	3358.00	93506.00	1.00	54.00	-0.99	4485.00	93506.00	27.85	14.00	39.00	4.30	18.47	1.66	0.00	27.85	0.00	0.00	0.00	1.09	3358.00	29.69	0.00	0.00	0.00	0.00	0.00	0.00	0.00	
49.00	238.00	636.00	0.00	3177.00	74996.00	1.00	47.87	-2.23	4347.00	74996.00	23.61	13.00	33.00	2.93	8.59	1.35	0.00	23.61	0.00	0.00	0.00	1.13	3177.00	28.09	0.00	0.00	0.00	0.00	0.00	0.00	0.00	
50.00	847.00	555.00	0.00	3150.00	85452.00	1.00	53.15	-2.30	4160.00	85452.00	27.13	15.00	39.00	4.12	16.95	1.72	0.00	27.13	0.00	0.00	0.00	1.07	3150.00	27.85	0.00	0.00	0.00	0.00	0.00	0.00	0.00	
51.00	415.00	576.00	0.00	3063.00	82339.00	1.00	47.33	-2.19	4140.00	82339.00	26.88	14.00	35.00	3.18	10.14	1.65	0.00	26.88	0.00	0.00	0.00	1.11	3063.00	27.08	0.00	0.00	0.00	0.00	0.00	0.00	0.00	
52.00	404.00	661.00	0.00	3015.00	77088.00	1.00	45.54	-2.33	4225.00	77088.00	25.57	15.00	34.00	2.96	8.76	1.51	0.00	25.57	0.00	0.00	0.00	1.14	3015.00	26.66	0.00	0.00	0.00	0.00	0.00	0.00	0.00	
53.00	1640.00	469.00	0.00	2992.00	83808.00	1.00	48.68	-1.11	4148.00	83808.00	28.01	15.00	44.00	6.16	37.98	1.82	0.00	28.01	0.00	0.00	0.00	1.07	2992.00	26.46	0.00	0.00	0.00	0.00	0.00	0.00	0.00	
54.00	298.00	542.00	0.00	2913.00	75567.00	1.00	46.52	-2.22	4092.00	75567.00	25.94	14.00	34.00	2.86	8.19	1.46	0.00	25.94	0.00	0.00	0.00	1.09	2913.00	25.76	0.00	0.00	0.00	0.00	0.00	0.00	0.00	
55.00	1125.00	489.00	0.00	2870.00	74326.00	1.00	49.95	-1.34	3591.00	74326.00	25.90	15.00	38.00	4.54	20.59	1.75	0.00	25.90	0.00	0.00	0.00	1.05	2870.00	25.38	0.00	0.00	0.00	0.00	0.00	0.00	0.00	
56.00	1548.00	485.00	0.00	2860.00	84008.00	1.00	46.81	-0.88	3712.00	84008.00	29.37	9.00	41.00	5.43	29.49	1.78	0.00	29.37	0.00	0.00	0.00	1.08	2860.00	25.29	0.00	0.00	0.00	0.00	0.00	0.00	0.00	
57.00	55.00	783.00	0.00	2851.00	67614.00	1.00	41.24	0.71	4692.00	67614.00	23.72	12.00	30.00	2.30	5.30	1.34	0.00	23.72	0.00	0.00	0.00	1.19	2851.00	25.21	0.00	0.00	0.00	0.00	0.00	0.00	0.00	
58.00	1634.00	634.00	0.00	2781.00	88449.00	1.00	45.09	-0.05	3657.00	88449.00	31.80	10.00	45.00	6.09	37.06	2.01	0.00	31.80	0.00	0.00	0.00	1.06	2781.00	24.59	0.00	0.00	0.00	0.00	0.00	0.00	0.00	
59.00	642.00	100.00	0.00	2755.00	65876.00	1.00	36.76	-1.42	4606.00	65876.00	23.91	7.00	35.00	3.84	14.77	1.79	0.00	23.91	0.00	0.00	0.00	1.21	2755.00	24.36	0.00	0.00	0.00	0.00	0.00	0.00	0.00	
60.00	1251.00	422.00	0.00	2516.00	70727.00	1.00	43.94	-1.22	3224.00	70727.00	28.11	15.00	38.00	4.20	17.60	1.82	0.00	28.11	0.00	0.00	0.00	1.04	2516.00	22.25	0.00	0.00	0.00	0.00	0.00	0.00	0.00	
61.00	192.00	584.00	0.00	2476.00	56017.00	1.00	41.74	0.64	3360.00	56017.00	22.62	12.00	29.00	2.40	5.74	1.33	0.00	22.62	0.00	0.00	0.00	1.06	2476.00	21.89	0.00	0.00	0.00	0.00	0.00	0.00	0.00	
62.00	920.00	584.00	0.00	2378.00	65114.00	1.00	40.41	-0.95	3648.00	65114.00	27.38	13.00	41.00	4.44	19.71	1.53	0.00	27.38	0.00	0.00	0.00	1.09	2378.00	21.03	0.01	0.00	0.00	0.00	0.00	0.00	0.00	
63.00	1466.00	361.00	0.00	2342.00	66822.00	1.00	43.06	-1.31	3264.00	66822.00	28.53	14.00	41.00	5.20	27.07	1.84	0.00	28.53	0.00	0.00	0.00	1.00	2342.00	20.71	0.01	0.00	0.00	0.00	0.00	0.00	0.00	
64.00	1102.00	342.00	0.00	2338.00	58766.00	1.00	45.23	-1.81	3477.00	58766.00	25.14	15.00	36.00	4.03	16.24	1.81	0.00	25.14	0.00	0.00	0.00	1.00	2338.00	20.67	0.01	0.00	0.00	0.00	0.00	0.00	0.00	
65.00	1084.00	422.00	0.00	2307.00	61613.00	1.00	44.39	-1.37	3074.00	61613.00	26.71	15.00	38.00	4.18	17.44	1.70	0.00	26.71	0.00	0.00	0.00	1.01	2307.00	20.40	0.01	0.00	0.00	0.00	0.00	0.00	0.00	
66.00	1237.00	311.00	0.00	2223.00	62223.00	1.00	42.59	-1.32	2891.00	62223.00	27.99	15.00	38.00	4.14	17.13	1.73	0.00	27.99	0.00	0.00	0.00	1.00	2223.00	19.66	0.01	0.00	0.00	0.00	0.00	0.00	0.00	
67.00	1157.00	405.00	0.00	2201.00	62045.00	1.00	39.00	-1.23	2880.00	62045.00	28.19	15.00	41.00	4.29	18.41	2.01	0.00	28.19	0.00	0.00	0.00	1.02	2201.00	19.46	0.00	0.00	0.00	0.00	0.00	0.00	0.00	
68.00	641.00	454.00	0.00	2157.00	49256.00	1.00	44.11	-2.11	2550.00	49256.00	22.84	13.00	30.00	2.37	5.59	1.43	0.00	22.84	0.00	0.00	0.00	1.01	2157.00	19.07	0.01	0.00	0.00	0.00	0.00	0.00	0.00	
69.00	71.00	466.00	0.00	2139.00	50474.00	1.00	38.67	-2.21	3192.00	50474.00	23.60	14.00	33.00	2.28	5.21	1.34	0.00	23.60	0.00	0.00	0.00	1.04	2139.00	18.91	0.01	0.00	0.00	0.00	0.00	0.00	0.00	
70.00	818.00	481.00	0.00	2090.00	52586.00	1.00	41.12	-0.72	3304.00	52586.00	25.16	14.00	39.00	3.67	13.44	1.53	0.00	25.16	0.00	0.00	0.00	1.02	2090.00	18.48	0.01	0.00	0.00	0.00	0.00	0.00	0.00	
71.00	1470.00	129.00	0.00	2084.00	56221.00	1.00	40.59	-1.40	2530.00	56221.00	26.98	12.00	37.00	4.79	22.98	2.05	0.00	26.98	0.00	0.00	0.00	0.98	2084.00	18.43	0.00	0.00	0.00	0.00	0.00	0.00	0.00	
72.00	1191.00	472.00	0.00	2082.00	52841.00	1.00	37.54	-0.82	3355.00	52841.00	25.38	12.00	36.00	3.97	15.79	1.73	0.00	25.38	0.00	0.00	0.00	1.08	2082.00	18.41	0.01	0.00	0.00	0.00	0.00	0.00	0.00	
73.00	1030.00	822.00	0.00	2076.00	60364.00	1.00	33.58	-0.69	3762.00	60364.00	29.08	13.00	42.00	5.12	26.26	1.79	0.00	29.08	0.00	0.00	0.00	1.20	2076.00	18.36	0.02	0.00	0.00	0.00	0.00	0.00	0.00	
74.00	1137.00	14.00	0.00	2061.00	52268.00	1.00	25.69	-1.34	3330.00	52268.00	25.36	10.00	35.00	3.48	12.12	1.70	0.00	25.36	0.00	0.00	0.00	1.37	2061.00	18.22	0.00	0.00	0.00	0.00	0.00	0.00	0.00	
75.00	777.00	533.00	0.00	2059.00	48006.00	1.00	36.76	-1.80	2772.00	48006.00	23.32	12.00	34.00	2.92	8.53	1.50	0.00	23.32	0.00	0.00	0.00	1.02	2059.00	18.21	0.00	0.00	0.00	0.00	0.00	0.00	0.00	
76.00	1007.00	842.00	0.00	2053.00	52019.00	1.00	33.51	-0.70	3953.00	52019.00	25.34	15.00	38.00	4.20	17.67	1.58	0.00	25.34	0.00	0.00	0.00	1.22	2053.00	18.15	0.02	0.00	0.00	0.00	0.00	0.00	0.00	
77.00	656.00	280.00	0.00	2041.00	58978.00	1.00	42.03	-1.69	2900.00	58978.00	28.90	14.00	38.00	3.55	12.57	1.84	0.00	28.90	0.00	0.00	0.00	0.98	2041.00	18.05	0.01	0.00	0.00	0.00	0.00	0.00	0.00	
78.00	1447.00	630.00	0.00	2014.00	53986.00	1.00	40.44	0.38	3127.00	53986.00	26.81	15.00	36.00	3.18	10.11	1.68	0.00	26.81	0.00	0.00	0.00	1.01	2014.00	17.81	0.02	0.00	0.00	0.00	0.00	0.00	0.00	
79.00	716.00	292.00	0.00	1961.00	52135.00	1.00	36.39	-2.09	2592.00	52135.00	26.59	12.00	34.00	3.83	14.67	1.87	0.00	26.59	0.00	0.00	0.00	1.02	1961.00	17.34	0.00	0.00	0.00	0.00	0.00	0.00	0.00	
80.00	580.00	147.00	0.00	1945.00	45791.00	1.00	38.50	-1.78	2679.00	45791.00	23.54	15.00	31.00	3.04	9.22	1.59	0.00	23.54	0.00	0.00	0.00	0.97	1945.00	17.20	0.00	0.00	0.00	0.00	0.00	0.00	0.00	
81.00	392.00	372.00	0.00	1931.00	45060.00	1.00	38.88	0.68	2650.00	45060.00	23.34	14.00	31.00	3.09	9.53	1.47	0.00	23.34	0.00	0.00	0.00	1.03	1931.00	17.07	0.01	0.00	0.00	0.00	0.00	0.00	0.00	
82.00	1294.00	575.00	0.00	1926.00	57628.00	1.00	35.22	0.41	3150.00	57628.00	29.92	15.00	40.00	4.24	17.95	1.93	0.00	29.92	0.00	0.00	0.00	1.07	1926.00	17.03	0.02	0.00	0.00	0.00	0.00	0.00	0.00	
83.00	787.00	98.00	0.00	1911.00	48656.00	1.00	38.92	-1.49	2530.00	48656.00	25.46	9.00	34.00	3.30	10.90	1.72	0.00	25.46	0.00	0.00	0.00	0.95	1911.00	16.90	0.00	0.00	0.00	0.00	0.00	0.00	0.00	
84.00	568.00	617.00	0.00	1911.00	47029.00	1.00	32.56	-1.87	3128.00	47029.00	24.61	14.00	32.00	2.92	8.53	1.45	0.00	24.61	0.00	0.00	0.00	1.14	1911.00	16.90	0.02	0.00	0.00	0.00	0.00	0.00	0.00	
85.00	1347.00	265.00	0.00	1907.00	50439.00	1.00	34.44	-1.47	2400.00	50439.00	26.45	13.00	38.00	4.75	22.58	1.88	0.00	26.45	0.00	0.00	0.00	0.99	1907.00	16.86	0.00	0.00	0.00	0.00	0.00	0.00	0.00	
86.00	263.00	199.00	0.00	1888.00	47556.00	1.00	37.00	-2.16	2544.00	47556.00	25.19	13.00	35.00	3.55	12.60	1.67	0.00	25.19	0.00	0.00	0.00	0.99	1888.00	16.69	0.00	0.00	0.00	0.00	0.00	0.00	0.00	
87.00	560.00	96.00	0.00	1858.00	49062.00	1.00	36.11	-1.62	2296.00	49062.00	26.41	11.00	34.00	3.39	11.48	1.78	0.00	26.41	0.00	0.00	0.00	0.96	1858.00	16.43	0.00	0.00	0.00	0.00	0.00	0.00	0.00	
88.00	1072.00	554.00	0.00	1825.00	49293.00	1.00	33.83	0.20	2752.00	49293.00	27.01	15.00	35.00	3.94	15.52	1.58	0.00	27.01	0.00	0.00	0.00	1.07	1825.00	16.14	0.02	0.00	0.00	0.00	0.00	0.00	0.00	
89.00	494.00	173.00	0.00	1778.00	41797.00	1.00	35.98	-2.03	2430.00	41797.00	23.51	13.00	33.00	2.83	8.00	1.45	0.00	23.51	0.00	0.00	0.00	0.96	1778.00	15.72	0.01	0.00	0.00	0.00	0.00	0.00	0.00	
90.00	1121.00	115.00	0.00	1767.00	41538.00	1.00	37.05	-1.82	2322.00	41538.00	23.51	15.00	34.00	3.19	10.20	1.55	0.00	23.51	0.00	0.00	0.00	0.94	1767.00	15.62	0.00	0.00	0.00	0.00	0.00	0.00	0.00	
91.00	1271.00	471.00	0.00	1736.00	44248.00	1.00	31.11	-1.53	2294.00	44248.00	25.49	13.00	34.00	3.92	15.39	1.55	0.00	25.49	0.00	0.00	0.00	1.02	1736.00	15.35	0.02	0.00	0.00	0.00	0.00	0.00	0.00	
92.00	1322.00	412.00	0.00	1648.00	44216.00	1.00	29.42	-0.91	2900.00	44216.00	26.83	12.00	39.00	4.79	22.93	1.71	0.00	26.83	0.00	0.00	0.00	1.14	1648.00	14.57	0.02	0.00	0.00	0.00	0.00	0.00	0.00	
93.00	637.00	581.00	0.00	1639.00	37158.00	1.00	30.06	-0.16	2268.00	37158.00	22.67	12.00	31.00	2.43	5.89	1.44	0.00	22.67	0.00	0.00	0.00	1.04	1639.00	14.49	0.02	0.00	0.00	0.00	0.00	0.00	0.00	
94.00	497.00	105.00	0.00	1591.00	39480.00	1.00	33.11	-1.99	2142.00	39480.00	24.81	14.00	35.00	3.42	11.69	1.72	0.00	24.81	0.00	0.00	0.00	0.95	1591.00	14.07	0.00	0.00	0.00	0.00	0.00	0.00	0.00	
95.00	847.00	102.00	0.00	1583.00	37245.00	1.00	33.97	-1.68	2080.00	37245.00	23.53	14.00	31.00	3.38	11.40	1.65	0.00	23.53	0.00	0.00	0.00	0.92	1583.00	14.00	0.00	0.00	0.00	0.00	0.00	0.00	0.00	
96.00	432.00	182.00	0.00	1531.00	38113.00	1.00	30.82	-2.10	2091.00	38113.00	24.89	15.00	33.00	2.95	8.73	1.81	0.00	24.89	0.00	0.00	0.00	0.99	1531.00	13.54	0.00	0.00	0.00	0.00	0.00	0.00	0.00	
97.00	663.00	575.00	0.00	1425.00	36186.00	1.00	27.24	-0.17	2142.00	36186.00	25.39	15.00	36.00	3.11	9.65	1.57	0.00	25.39	0.00	0.00	0.00	1.05	1425.00	12.60	0.02	0.00	0.00	0.00	0.00	0.00	0.00	
98.00	1034.00	70.00	0.00	1400.00	35981.00	1.00	29.51	-1.53	1836.00	35981.00	25.70	15.00	34.00	3.52	12.39	1.95	0.00	25.70	0.00	0.00	0.00	0.91	1400.00	12.38	0.00	0.00	0.00	0.00	0.00	0.00	0.00	
99.00	694.00	455.00	0.00	1345.00	36804.00	1.00	28.21	-2.33	2256.00	36804.00	27.36	15.00	34.00	3.47	12.04	1.74	0.00	27.36	0.00	0.00	0.00	1.03	1345.00	11.89	0.03	0.00	0.00	0.00	0.00	0.00	0.00	
100.00	573.00	34.00	0.00	1336.00	32098.00	1.00	30.09	-1.98	1786.00	32098.00	24.03	15.00	35.00	3.39	11.48	1.72	0.00	24.03	0.00	0.00	0.00	0.91	1336.00	11.81	0.00	0.00	0.00	0.00	0.00	0.00	0.00	
101.00	791.00	1064.00	0.00	1317.00	32929.00	1.00	24.76	-1.57	1848.00	32929.00	25.00	11.00	39.00	4.22	17.84	1.61	0.00	25.00	0.00	0.00	0.00	1.06	1317.00	11.65	0.00	0.00	0.00	0.00	0.00	0.00	0.00	
102.00	575.00	643.00	0.00	1309.00	29858.00	1.00	24.73	-1.88	2074.00	29858.00	22.81	14.00	33.00	2.70	7.30	1.47	0.00	22.81	0.00	0.00	0.00	1.05	1309.00	11.57	0.03	0.00	0.00	0.00	0.00	0.00	0.00	
103.00	424.00	432.00	0.00	1307.00	30520.00	1.00	24.08	-1.80	1952.00	30520.00	23.35	15.00	31.00	2.74	7.49	1.48	0.00	23.35	0.00	0.00	0.00	1.07	1307.00	11.56	0.02	0.00	0.00	0.00	0.00	0.00	0.00	
104.00	633.00	217.00	0.00	1300.00	32178.00	1.00	30.46	0.45	1710.00	32178.00	24.75	15.00	35.00	3.70	13.70	1.74	0.00	24.75	0.00	0.00	0.00	0.96	1300.00	11.49	0.02	0.00	0.00	0.00	0.00	0.00	0.00	
105.00	872.00	334.00	0.00	1283.00	34472.00	1.00	24.95	-0.73	2350.00	34472.00	26.87	15.00	38.00	3.43	11.80	1.60	0.00	26.87	0.00	0.00	0.00	1.12	1283.00	11.34	0.03	0.00	0.00	0.00	0.00	0.00	0.00	
106.00	1045.00	548.00	0.00	1270.00	28507.00	1.00	25.42	0.23	1947.00	28507.00	22.45	13.00	30.00	2.36	5.58	1.56	0.00	22.45	0.00	0.00	0.00	1.01	1270.00	11.23	0.03	0.00	0.00	0.00	0.00	0.00	0.00	
107.00	1771.00	780.00	0.00	1243.00	43891.00	1.00	22.72	-0.53	2242.00	43891.00	35.31	15.00	48.00	6.78	45.97	2.81	0.00	35.31	0.00	0.00	0.00	1.17	1243.00	10.99	0.01	0.00	0.00	0.00	0.00	0.00	0.00	
108.00	892.00	322.00	0.00	1223.00	36900.00	1.00	24.13	-0.72	2350.00	36900.00	30.17	11.00	41.00	3.89	15.11	1.96	0.00	30.17	0.00	0.00	0.00	1.13	1223.00	10.81	0.03	0.00	0.00	0.00	0.00	0.00	0.00	
109.00	893.00	11.00	0.00	1183.00	29738.00	1.00	24.25	-1.48	1458.00	29738.00	25.14	9.00	31.00	2.96	8.77	1.45	0.00	25.14	0.00	0.00	0.00	0.96	1183.00	10.46	0.00	0.00	0.00	0.00	0.00	0.00	0.00	
110.00	185.00	1065.00	0.00	1147.00	26271.00	1.00	22.27	-1.57	1638.00	26271.00	22.90	15.00	31.00	2.98	8.88	1.48	0.00	22.90	0.00	0.00	0.00	1.04	1147.00	10.14	0.00	0.00	0.00	0.00	0.00	0.00	0.00	
111.00	548.00	741.00	0.00	1141.00	26307.00	1.00	27.70	-0.66	1716.00	26307.00	23.06	15.00	29.00	2.38	5.68	1.41	0.00	23.06	0.00	0.00	0.00	0.92	1141.00	10.09	0.03	0.00	0.00	0.00	0.00	0.00	0.00	
112.00	1338.00	395.00	0.00	1115.00	34028.00	1.00	21.79	-0.89	2332.00	34028.00	30.52	15.00	39.00	4.22	17.80	2.06	0.00	30.52	0.00	0.00	0.00	1.20	1115.00	9.86	0.04	0.00	0.00	0.00	0.00	0.00	0.00	
113.00	412.00	230.00	0.00	1112.00	28049.00	1.00	31.60	-1.50	1716.00	28049.00	25.22	15.00	32.00	2.99	8.95	1.83	0.00	25.22	0.00	0.00	0.00	0.85	1112.00	9.83	0.02	0.00	0.00	0.00	0.00	0.00	0.00	
114.00	430.00	98.00	0.00	1097.00	28670.00	1.00	23.11	-1.88	1590.00	28670.00	26.13	14.00	36.00	4.07	16.58	2.23	0.00	26.13	0.00	0.00	0.00	0.97	1097.00	9.70	0.00	0.00	0.00	0.00	0.00	0.00	0.00	
115.00	728.00	54.00	0.00	1091.00	27822.00	1.00	24.99	-2.31	1804.00	27822.00	25.50	15.00	34.00	3.78	14.30	1.94	0.00	25.50	0.00	0.00	0.00	0.99	1091.00	9.65	0.03	0.00	0.00	0.00	0.00	0.00	0.00	
116.00	508.00	1019.00	0.00	1079.00	32560.00	1.00	19.48	0.55	2145.00	32560.00	30.18	9.00	36.00	4.19	17.53	1.97	0.00	30.18	0.00	0.00	0.00	1.20	1079.00	9.54	0.04	0.00	0.00	0.00	0.00	0.00	0.00	
117.00	1421.00	615.00	0.00	1056.00	24862.00	1.00	24.91	0.47	1645.00	24862.00	23.54	14.00	30.00	2.54	6.45	1.40	0.00	23.54	0.00	0.00	0.00	0.95	1056.00	9.34	0.03	0.00	0.00	0.00	0.00	0.00	0.00	
118.00	427.00	411.00	0.00	1001.00	26148.00	1.00	19.93	-1.74	1485.00	26148.00	26.12	15.00	34.00	2.85	8.14	1.70	0.00	26.12	0.00	0.00	0.00	1.02	1001.00	8.85	0.03	0.00	0.00	0.00	0.00	0.00	0.00	
119.00	701.00	1065.00	0.00	974.00	21892.00	1.00	21.75	-1.52	1326.00	21892.00	22.48	14.00	33.00	3.68	13.55	1.63	0.00	22.48	0.00	0.00	0.00	0.95	974.00	8.61	0.00	0.00	0.00	0.00	0.00	0.00	0.00	
120.00	593.00	332.00	0.00	959.00	20316.00	1.00	27.01	-0.36	1073.00	20316.00	21.18	9.00	30.00	2.65	7.04	1.29	0.00	21.18	0.00	0.00	0.00	0.88	959.00	8.48	0.03	0.00	0.00	0.00	0.00	0.00	0.00	
121.00	1093.00	161.00	0.00	952.00	23895.00	1.00	26.31	0.12	1376.00	23895.00	25.10	15.00	31.00	2.53	6.39	1.69	0.00	25.10	0.00	0.00	0.00	0.90	952.00	8.42	0.02	0.00	0.00	0.00	0.00	0.00	0.00	
122.00	1070.00	158.00	0.00	849.00	19311.00	1.00	23.93	0.14	1176.00	19311.00	22.75	14.00	30.00	2.24	5.04	1.60	0.00	22.75	0.00	0.00	0.00	0.85	849.00	7.51	0.03	0.00	0.00	0.00	0.00	0.00	0.00	
123.00	618.00	330.00	0.00	795.00	18515.00	1.00	22.29	0.31	950.00	18515.00	23.29	14.00	30.00	2.27	5.13	1.13	0.00	23.29	0.00	0.00	0.00	0.87	795.00	7.03	0.04	0.00	0.00	0.00	0.00	0.00	0.00	
124.00	7.00	685.00	0.00	781.00	18337.00	1.00	17.18	0.08	1113.00	18337.00	23.48	14.00	28.00	2.11	4.45	1.39	0.00	23.48	0.00	0.00	0.00	0.98	781.00	6.91	0.00	0.00	0.00	0.00	0.00	0.00	0.00	
125.00	695.00	7.00	0.00	747.00	17004.00	1.00	16.91	-1.69	950.00	17004.00	22.76	12.00	29.00	2.54	6.45	1.47	0.00	22.76	0.00	0.00	0.00	0.95	747.00	6.61	0.00	0.00	0.00	0.00	0.00	0.00	0.00	
126.00	627.00	33.00	0.00	707.00	16431.00	1.00	25.94	-0.81	1225.00	16431.00	23.24	15.00	31.00	2.75	7.55	2.04	0.00	23.24	0.00	0.00	0.00	0.79	707.00	6.25	0.03	0.00	0.00	0.00	0.00	0.00	0.00	
127.00	999.00	368.00	0.00	707.00	20775.00	1.00	16.95	-1.04	1290.00	20775.00	29.38	15.00	38.00	3.69	13.61	2.15	0.00	29.38	0.00	0.00	0.00	1.03	707.00	6.25	0.04	0.00	0.00	0.00	0.00	0.00	0.00	
128.00	364.00	501.00	0.00	673.00	17169.00	1.00	15.35	0.67	1353.00	17169.00	25.51	15.00	35.00	3.15	9.92	2.04	0.00	25.51	0.00	0.00	0.00	1.09	673.00	5.95	0.05	0.00	0.00	0.00	0.00	0.00	0.00	
129.00	1286.00	496.00	0.00	665.00	19054.00	1.00	20.75	-2.03	891.00	19054.00	28.65	15.00	38.00	4.89	23.94	2.10	0.00	28.65	0.00	0.00	0.00	0.81	665.00	5.88	0.04	0.00	0.00	0.00	0.00	0.00	0.00	
130.00	746.00	62.00	0.00	589.00	14186.00	1.00	15.94	0.76	1120.00	14186.00	24.08	12.00	31.00	2.79	7.77	1.72	0.00	24.08	0.00	0.00	0.00	0.99	589.00	5.21	0.04	0.00	0.00	0.00	0.00	0.00	0.00	
131.00	939.00	567.00	0.00	583.00	17289.00	1.00	14.94	-0.87	1054.00	17289.00	29.66	15.00	38.00	4.05	16.38	1.96	0.00	29.66	0.00	0.00	0.00	1.01	583.00	5.16	0.05	0.00	0.00	0.00	0.00	0.00	0.00	
132.00	842.00	469.00	0.00	575.00	17086.00	1.00	15.84	-0.58	999.00	17086.00	29.71	15.00	39.00	4.25	18.05	2.34	0.00	29.71	0.00	0.00	0.00	0.94	575.00	5.08	0.05	0.00	0.00	0.00	0.00	0.00	0.00	
133.00	656.00	214.00	0.00	566.00	15666.00	1.00	16.32	0.20	860.00	15666.00	27.68	14.00	36.00	3.66	13.39	2.27	0.00	27.68	0.00	0.00	0.00	0.86	566.00	5.00	0.04	0.00	0.00	0.00	0.00	0.00	0.00	
134.00	643.00	19.00	0.00	563.00	15457.00	1.00	20.66	-1.00	780.00	15457.00	27.45	14.00	35.00	3.76	14.17	2.23	0.00	27.45	0.00	0.00	0.00	0.76	563.00	4.98	0.03	0.00	0.00	0.00	0.00	0.00	0.00	
135.00	1212.00	460.00	0.00	530.00	14124.00	1.00	13.96	-0.71	986.00	14124.00	26.65	13.00	34.00	3.62	13.09	2.01	0.00	26.65	0.00	0.00	0.00	0.98	530.00	4.69	0.05	0.00	0.00	0.00	0.00	0.00	0.00	
136.00	601.00	307.00	0.00	512.00	12624.00	1.00	15.90	-1.85	722.00	12624.00	24.66	13.00	31.00	2.63	6.94	1.90	0.00	24.66	0.00	0.00	0.00	0.85	512.00	4.53	0.05	0.00	0.00	0.00	0.00	0.00	0.00	
137.00	1258.00	496.00	0.00	465.00	10293.00	1.00	15.22	-0.96	744.00	10293.00	22.14	13.00	30.00	2.78	7.71	1.72	0.00	22.14	0.00	0.00	0.00	0.88	465.00	4.11	0.05	0.00	0.00	0.00	0.00	0.00	0.00	
138.00	394.00	245.00	0.00	445.00	9830.00	1.00	17.00	-0.65	667.00	9830.00	22.09	14.00	29.00	2.43	5.90	1.84	0.00	22.09	0.00	0.00	0.00	0.76	445.00	3.93	0.04	0.00	0.00	0.00	0.00	0.00	0.00	
139.00	611.00	461.00	0.00	422.00	9230.00	1.00	13.42	0.28	756.00	9230.00	21.87	10.00	30.00	3.27	10.70	2.55	0.00	21.87	0.00	0.00	0.00	0.93	422.00	3.73	0.04	0.00	0.00	0.00	0.00	0.00	0.00	
140.00	418.00	373.00	0.00	397.00	8603.00	1.00	12.55	0.33	684.00	8603.00	21.67	15.00	26.00	2.29	5.26	1.71	0.00	21.67	0.00	0.00	0.00	0.84	397.00	3.51	0.05	0.00	0.00	0.00	0.00	0.00	0.00	
141.00	838.00	789.00	0.00	385.00	8457.00	1.00	10.61	-1.87	663.00	8457.00	21.97	15.00	28.00	2.59	6.69	1.99	0.00	21.97	0.00	0.00	0.00	0.92	385.00	3.40	0.06	0.00	0.00	0.00	0.00	0.00	0.00	
142.00	1360.00	749.00	0.00	344.00	8714.00	1.00	12.45	-2.29	600.00	8714.00	25.33	15.00	31.00	3.07	9.42	1.95	0.00	25.33	0.00	0.00	0.00	0.84	344.00	3.04	0.06	0.00	0.00	0.00	0.00	0.00	0.00	
143.00	1403.00	889.00	0.00	325.00	6300.00	1.00	19.48	-1.31	770.00	6300.00	19.38	10.00	31.00	4.08	16.63	3.83	0.00	19.38	0.00	0.00	0.00	0.87	325.00	2.87	0.00	0.00	0.00	0.00	0.00	0.00	0.00	
144.00	1772.00	807.00	0.00	314.00	11531.00	1.00	11.83	-0.59	621.00	11531.00	36.72	15.00	44.00	7.41	54.90	4.21	0.00	36.72	0.00	0.00	0.00	0.80	314.00	2.78	0.05	0.00	0.00	0.00	0.00	0.00	0.00	
145.00	630.00	271.00	0.00	281.00	7263.00	1.00	10.41	0.43	522.00	7263.00	25.85	13.00	37.00	4.53	20.52	2.89	0.00	25.85	0.00	0.00	0.00	0.80	281.00	2.48	0.06	0.00	0.00	0.00	0.00	0.00	0.00	
146.00	751.00	307.00	0.00	264.00	5768.00	1.00	15.33	-0.25	323.00	5768.00	21.85	13.00	33.00	3.79	14.36	2.82	0.00	21.85	0.00	0.00	0.00	0.62	264.00	2.33	0.00	0.00	0.00	0.00	0.00	0.00	0.00	
147.00	835.00	275.00	0.00	236.00	6630.00	0.99	8.95	-0.81	462.00	6630.00	28.09	16.00	34.00	3.44	11.86	2.68	0.00	28.09	0.00	0.00	0.00	0.85	236.00	2.09	0.08	0.00	0.00	0.00	0.00	0.00	0.00	
148.00	217.00	880.00	0.00	219.00	6135.00	1.00	11.93	-0.94	396.00	6135.00	28.01	15.00	35.00	3.84	14.73	2.79	0.00	28.01	0.00	0.00	0.00	0.65	219.00	1.94	0.08	0.00	0.00	0.00	0.00	0.00	0.00	
149.00	622.00	307.00	0.00	179.00	4268.00	1.00	11.28	-1.11	255.00	4268.00	23.84	13.00	28.00	2.88	8.29	2.05	0.00	23.84	0.00	0.00	0.00	0.62	179.00	1.58	0.08	0.00	0.00	0.00	0.00	0.00	0.00	
150.00	208.00	886.00	0.00	170.00	4631.00	1.00	10.06	-1.10	304.00	4631.00	27.24	15.00	34.00	4.82	23.20	3.25	0.00	27.24	0.00	0.00	0.00	0.63	170.00	1.50	0.06	0.00	0.00	0.00	0.00	0.00	0.00	
151.00	467.00	229.00	0.00	168.00	4224.00	0.99	7.32	-2.35	361.00	4224.00	25.14	15.00	34.00	3.34	11.18	2.83	0.00	25.14	0.00	0.00	0.00	0.82	168.00	1.49	0.09	0.00	0.00	0.00	0.00	0.00	0.00	
152.00	1441.00	345.00	0.00	165.00	4148.00	0.99	7.22	-2.36	342.00	4148.00	25.14	16.00	32.00	3.48	12.11	2.95	0.00	25.14	0.00	0.00	0.00	0.80	165.00	1.46	0.09	0.00	0.00	0.00	0.00	0.00	0.00	
153.00	628.00	525.00	0.00	155.00	3266.00	0.99	8.43	-0.39	231.00	3266.00	21.07	15.00	26.00	2.19	4.78	2.22	0.00	21.07	0.00	0.00	0.00	0.65	155.00	1.37	0.09	0.00	0.00	0.00	0.00	0.00	0.00	
154.00	231.00	877.00	0.00	150.00	4081.00	0.99	8.59	-1.71	231.00	4081.00	27.21	15.00	35.00	5.43	29.51	4.58	0.00	27.21	0.00	0.00	0.00	0.62	150.00	1.33	0.05	0.00	0.00	0.00	0.00	0.00	0.00	
155.00	275.00	1073.00	0.00	144.00	3096.00	0.98	4.64	-1.59	160.00	3096.00	21.50	13.00	29.00	2.75	7.54	2.95	0.00	21.50	0.00	0.00	0.00	0.84	144.00	1.27	0.00	0.00	0.00	0.00	0.00	0.00	0.00	
156.00	1056.00	418.00	0.00	127.00	2770.00	0.98	5.49	0.14	208.00	2770.00	21.81	14.00	27.00	2.74	7.49	2.80	0.00	21.81	0.00	0.00	0.00	0.72	127.00	1.12	0.09	0.00	0.00	0.00	0.00	0.00	0.00	
157.00	95.00	446.00	0.00	122.00	2889.00	0.99	8.03	-0.95	182.00	2889.00	23.68	16.00	28.00	2.72	7.41	2.13	0.00	23.68	0.00	0.00	0.00	0.60	122.00	1.08	0.09	0.00	0.00	0.00	0.00	0.00	0.00	
158.00	513.00	185.00	0.00	117.00	2732.00	0.98	5.17	0.77	324.00	2732.00	23.35	15.00	28.00	2.88	8.28	2.84	0.00	23.35	0.00	0.00	0.00	0.87	117.00	1.03	0.12	0.00	0.00	0.00	0.00	0.00	0.00	
159.00	815.00	188.00	0.00	116.00	2496.00	0.98	5.78	0.24	184.00	2496.00	21.52	15.00	28.00	2.74	7.50	2.79	0.00	21.52	0.00	0.00	0.00	0.67	116.00	1.03	0.09	0.00	0.00	0.00	0.00	0.00	0.00	
161.00	1263.00	322.00	0.00	98.00	3034.00	0.99	7.18	0.33	144.00	3034.00	30.96	15.00	36.00	6.03	36.35	4.33	0.00	30.96	0.00	0.00	0.00	0.56	98.00	0.87	0.10	0.00	0.00	0.00	0.00	0.00	0.00	
162.00	686.00	105.00	0.00	94.00	2148.00	0.98	5.40	0.27	152.00	2148.00	22.85	15.00	28.00	3.07	9.42	3.04	0.00	22.85	0.00	0.00	0.00	0.66	94.00	0.83	0.10	0.00	0.00	0.00	0.00	0.00	0.00	
163.00	1075.00	334.00	0.00	90.00	2211.00	0.97	4.21	0.39	220.00	2211.00	24.57	15.00	32.00	3.77	14.25	4.03	0.00	24.57	0.00	0.00	0.00	0.80	90.00	0.80	0.13	0.00	0.00	0.00	0.00	0.00	0.00	
164.00	1397.00	868.00	0.00	81.00	1687.00	0.99	8.20	-1.16	90.00	1687.00	20.83	15.00	26.00	2.69	7.22	2.89	0.00	20.83	0.00	0.00	0.00	0.45	81.00	0.72	0.00	0.00	0.00	0.00	0.00	0.00	0.00	
165.00	1730.00	766.00	0.00	71.00	1390.00	0.99	6.38	-0.94	110.00	1390.00	19.58	13.00	26.00	2.73	7.45	2.53	0.00	19.58	0.00	0.00	0.00	0.51	71.00	0.63	0.00	0.00	0.00	0.00	0.00	0.00	0.00	
