ID	centroid_x	centroid_y	centroid_z	volume	integrated_intensity	eccentricity	elongation	orientation	bounding_box_volume	sum	mean	minimum	maximum	sigma	variance	surface_gradient	interior_gradient	surface_intensity	interior_intensity	intensity_ratio	convexity	radius_variation	surface_area	shape	shared_boundary	t_energy	t_entropy	inverse_diff_moment	inertia	cluster_shade	cluster_prominence	
1.00	791.00	625.00	0.00	30874.00	3593445.00	1.00	146.72	-2.35	66555.00	3593445.00	116.39	32.00	255.00	33.36	1113.07	7.56	0.00	116.39	0.00	0.00	0.00	2.37	30874.00	272.99	0.00	0.00	0.00	0.00	0.00	0.00	0.00	
2.00	861.00	225.00	0.00	23465.00	2432130.00	1.00	112.77	-1.75	62832.00	2432130.00	103.65	35.00	255.00	33.04	1091.68	6.86	0.00	103.65	0.00	0.00	0.00	2.85	23465.00	207.48	0.00	0.00	0.00	0.00	0.00	0.00	0.00	
3.00	906.00	704.00	0.00	20976.00	2413931.00	1.00	129.90	-2.24	48972.00	2413931.00	115.08	32.00	255.00	35.16	1236.28	8.22	0.00	115.08	0.00	0.00	0.00	2.17	20976.00	185.47	0.01	0.00	0.00	0.00	0.00	0.00	0.00	
4.00	903.00	410.00	0.00	19944.00	2091153.00	1.00	112.30	-1.03	51543.00	2091153.00	104.85	36.00	255.00	34.08	1161.66	7.22	0.00	104.85	0.00	0.00	0.00	2.46	19944.00	176.35	0.00	0.00	0.00	0.00	0.00	0.00	0.00	
5.00	647.00	409.00	0.00	17843.00	1864243.00	1.00	149.05	-0.95	37036.00	1864243.00	104.48	35.00	255.00	28.99	840.36	7.06	0.00	104.48	0.00	0.00	0.00	1.86	17843.00	157.77	0.00	0.00	0.00	0.00	0.00	0.00	0.00	
6.00	950.00	836.00	0.00	12466.00	1515333.00	1.00	84.09	-1.91	22196.00	1515333.00	121.56	36.00	255.00	36.11	1304.16	9.36	0.00	121.56	0.00	0.00	0.00	1.91	12466.00	110.23	0.00	0.00	0.00	0.00	0.00	0.00	0.00	
7.00	369.00	991.00	0.00	12145.00	1184627.00	1.00	75.82	-0.72	24600.00	1184627.00	97.54	37.00	255.00	28.83	831.43	6.43	0.00	97.54	0.00	0.00	0.00	2.18	12145.00	107.39	0.00	0.00	0.00	0.00	0.00	0.00	0.00	
8.00	633.00	725.00	0.00	12026.00	1293511.00	1.00	102.33	-1.66	21120.00	1293511.00	107.56	33.00	255.00	31.73	1006.90	7.04	0.00	107.56	0.00	0.00	0.00	1.69	12026.00	106.34	0.00	0.00	0.00	0.00	0.00	0.00	0.00	
9.00	163.00	630.00	0.00	11525.00	1070874.00	1.00	84.95	-2.33	27216.00	1070874.00	92.92	33.00	255.00	26.54	704.34	6.19	0.00	92.92	0.00	0.00	0.00	1.88	11525.00	101.91	0.00	0.00	0.00	0.00	0.00	0.00	0.00	
10.00	503.00	500.00	0.00	10636.00	1011729.00	1.00	60.44	-1.72	20340.00	1011729.00	95.12	33.00	255.00	36.67	1344.76	6.71	0.00	95.12	0.00	0.00	0.00	2.12	10636.00	94.05	0.01	0.00	0.00	0.00	0.00	0.00	0.00	
11.00	1226.00	559.00	0.00	9461.00	966451.00	1.00	62.81	-1.52	15106.00	966451.00	102.15	36.00	255.00	35.50	1259.97	7.38	0.00	102.15	0.00	0.00	0.00	1.87	9461.00	83.66	0.00	0.00	0.00	0.00	0.00	0.00	0.00	
12.00	813.00	953.00	0.00	9260.00	1033242.00	1.00	69.69	-1.50	12012.00	1033242.00	111.58	36.00	255.00	30.82	949.67	8.51	0.00	111.58	0.00	0.00	0.00	1.64	9260.00	81.88	0.00	0.00	0.00	0.00	0.00	0.00	0.00	
13.00	1323.00	465.00	0.00	8885.00	900906.00	1.00	95.07	0.73	17423.00	900906.00	101.40	35.00	255.00	31.19	972.65	7.43	0.00	101.40	0.00	0.00	0.00	1.57	8885.00	78.56	0.00	0.00	0.00	0.00	0.00	0.00	0.00	
14.00	281.00	464.00	0.00	8832.00	853398.00	1.00	79.23	-2.09	17262.00	853398.00	96.63	34.00	255.00	25.35	642.44	6.31	0.00	96.63	0.00	0.00	0.00	1.75	8832.00	78.09	0.00	0.00	0.00	0.00	0.00	0.00	0.00	
15.00	52.00	555.00	0.00	8778.00	678627.00	1.00	67.50	0.32	19176.00	678627.00	77.31	32.00	255.00	31.86	1015.28	5.42	0.00	77.31	0.00	0.00	0.00	2.20	8778.00	77.62	0.00	0.00	0.00	0.00	0.00	0.00	0.00	
16.00	1190.00	717.00	0.00	7769.00	867060.00	1.00	63.60	-0.23	11266.00	867060.00	111.61	33.00	255.00	31.38	984.89	8.08	0.00	111.61	0.00	0.00	0.00	1.57	7769.00	68.70	0.00	0.00	0.00	0.00	0.00	0.00	0.00	
17.00	1624.00	594.00	0.00	7047.00	697429.00	1.00	63.99	0.23	10980.00	697429.00	98.97	33.00	255.00	29.19	852.17	6.67	0.00	98.97	0.00	0.00	0.00	1.50	7047.00	62.31	0.00	0.00	0.00	0.00	0.00	0.00	0.00	
18.00	282.00	725.00	0.00	6666.00	639658.00	1.00	50.45	0.50	13200.00	639658.00	95.96	37.00	240.00	26.99	728.56	6.58	0.00	95.96	0.00	0.00	0.00	1.81	6666.00	58.94	0.00	0.00	0.00	0.00	0.00	0.00	0.00	
19.00	490.00	365.00	0.00	6293.00	592001.00	1.00	59.66	-0.57	14144.00	592001.00	94.07	33.00	255.00	32.34	1045.75	6.44	0.00	94.07	0.00	0.00	0.00	1.67	6293.00	55.64	0.01	0.00	0.00	0.00	0.00	0.00	0.00	
20.00	810.00	462.00	0.00	6125.00	663731.00	1.00	58.03	-1.18	10788.00	663731.00	108.36	37.00	255.00	31.07	965.42	8.27	0.00	108.36	0.00	0.00	0.00	1.51	6125.00	54.16	0.00	0.00	0.00	0.00	0.00	0.00	0.00	
21.00	994.00	967.00	0.00	6125.00	702555.00	1.00	62.99	-0.32	10738.00	702555.00	114.70	39.00	255.00	35.28	1244.51	9.25	0.00	114.70	0.00	0.00	0.00	1.41	6125.00	54.16	0.01	0.00	0.00	0.00	0.00	0.00	0.00	
22.00	629.00	552.00	0.00	5798.00	629847.00	1.00	60.56	-0.56	9078.00	629847.00	108.63	34.00	255.00	29.82	889.28	7.33	0.00	108.63	0.00	0.00	0.00	1.37	5798.00	51.27	0.00	0.00	0.00	0.00	0.00	0.00	0.00	
23.00	961.00	126.00	0.00	5733.00	576762.00	1.00	72.46	0.51	10812.00	576762.00	100.60	36.00	255.00	29.85	890.96	7.43	0.00	100.60	0.00	0.00	0.00	1.50	5733.00	50.69	0.00	0.00	0.00	0.00	0.00	0.00	0.00	
24.00	1061.00	709.00	0.00	5711.00	617994.00	1.00	58.80	-1.79	8532.00	617994.00	108.21	33.00	255.00	31.09	966.59	8.07	0.00	108.21	0.00	0.00	0.00	1.50	5711.00	50.50	0.01	0.00	0.00	0.00	0.00	0.00	0.00	
25.00	1451.00	404.00	0.00	5423.00	528476.00	1.00	55.91	0.24	8284.00	528476.00	97.45	33.00	255.00	28.32	802.24	7.32	0.00	97.45	0.00	0.00	0.00	1.42	5423.00	47.95	0.00	0.00	0.00	0.00	0.00	0.00	0.00	
26.00	1591.00	357.00	0.00	5226.00	499050.00	1.00	49.97	-0.66	9118.00	499050.00	95.49	39.00	246.00	25.99	675.54	6.63	0.00	95.49	0.00	0.00	0.00	1.56	5226.00	46.21	0.00	0.00	0.00	0.00	0.00	0.00	0.00	
27.00	401.00	341.00	0.00	5094.00	492819.00	1.00	54.42	0.04	6592.00	492819.00	96.74	34.00	255.00	29.14	849.19	6.93	0.00	96.74	0.00	0.00	0.00	1.38	5094.00	45.04	0.00	0.00	0.00	0.00	0.00	0.00	0.00	
28.00	575.00	1013.00	0.00	4913.00	500778.00	1.00	62.45	0.53	6873.00	500778.00	101.93	39.00	255.00	31.40	986.25	6.41	0.00	101.93	0.00	0.00	0.00	1.21	4913.00	43.44	0.00	0.00	0.00	0.00	0.00	0.00	0.00	
29.00	1459.00	853.00	0.00	4738.00	480749.00	1.00	62.19	-0.95	6560.00	480749.00	101.47	40.00	229.00	26.48	701.07	6.73	0.00	101.47	0.00	0.00	0.00	1.20	4738.00	41.89	0.00	0.00	0.00	0.00	0.00	0.00	0.00	
30.00	1177.00	440.00	0.00	4705.00	343341.00	1.00	47.31	-0.55	9078.00	343341.00	72.97	34.00	246.00	32.19	1035.97	5.07	0.00	72.97	0.00	0.00	0.00	1.60	4705.00	41.60	0.00	0.00	0.00	0.00	0.00	0.00	0.00	
31.00	1677.00	911.00	0.00	4607.00	446543.00	1.00	59.79	-0.76	6084.00	446543.00	96.93	40.00	255.00	27.82	773.77	6.09	0.00	96.93	0.00	0.00	0.00	1.21	4607.00	40.74	0.00	0.00	0.00	0.00	0.00	0.00	0.00	
32.00	1036.00	546.00	0.00	4576.00	538409.00	1.00	54.89	-1.49	7200.00	538409.00	117.66	34.00	255.00	31.77	1009.47	8.88	0.00	117.66	0.00	0.00	0.00	1.26	4576.00	40.46	0.01	0.00	0.00	0.00	0.00	0.00	0.00	
33.00	716.00	879.00	0.00	4410.00	489235.00	1.00	62.02	0.49	5850.00	489235.00	110.94	38.00	255.00	32.33	1045.26	9.36	0.00	110.94	0.00	0.00	0.00	1.17	4410.00	38.99	0.00	0.00	0.00	0.00	0.00	0.00	0.00	
34.00	1230.00	229.00	0.00	4377.00	423838.00	1.00	45.24	-0.53	8670.00	423838.00	96.83	37.00	241.00	29.48	869.20	7.58	0.00	96.83	0.00	0.00	0.00	1.51	4377.00	38.70	0.00	0.00	0.00	0.00	0.00	0.00	0.00	
35.00	1692.00	815.00	0.00	4226.00	396385.00	1.00	57.11	-0.78	5548.00	396385.00	93.80	40.00	227.00	25.43	646.54	6.56	0.00	93.80	0.00	0.00	0.00	1.18	4226.00	37.37	0.00	0.00	0.00	0.00	0.00	0.00	0.00	
36.00	1087.00	805.00	0.00	4161.00	477347.00	1.00	61.96	-0.75	5256.00	477347.00	114.72	39.00	253.00	33.13	1097.28	9.41	0.00	114.72	0.00	0.00	0.00	1.15	4161.00	36.79	0.00	0.00	0.00	0.00	0.00	0.00	0.00	
37.00	330.00	330.00	0.00	4137.00	394231.00	1.00	49.94	0.09	5251.00	394231.00	95.29	36.00	233.00	26.53	703.69	6.80	0.00	95.29	0.00	0.00	0.00	1.28	4137.00	36.58	0.00	0.00	0.00	0.00	0.00	0.00	0.00	
38.00	1138.00	244.00	0.00	4129.00	393499.00	1.00	38.92	-1.58	5336.00	393499.00	95.30	39.00	255.00	27.05	731.68	7.18	0.00	95.30	0.00	0.00	0.00	1.43	4129.00	36.51	0.00	0.00	0.00	0.00	0.00	0.00	0.00	
39.00	1734.00	688.00	0.00	4120.00	413743.00	1.00	55.26	-1.02	5616.00	413743.00	100.42	39.00	255.00	33.42	1116.58	6.94	0.00	100.42	0.00	0.00	0.00	1.18	4120.00	36.43	0.00	0.00	0.00	0.00	0.00	0.00	0.00	
40.00	843.00	302.00	0.00	4092.00	364803.00	1.00	54.19	-1.11	7560.00	364803.00	89.15	37.00	248.00	29.90	894.16	6.35	0.00	89.15	0.00	0.00	0.00	1.35	4092.00	36.18	0.01	0.00	0.00	0.00	0.00	0.00	0.00	
41.00	1568.00	836.00	0.00	4080.00	392324.00	1.00	60.94	-0.89	6006.00	392324.00	96.16	38.00	250.00	27.33	746.87	6.60	0.00	96.16	0.00	0.00	0.00	1.13	4080.00	36.08	0.01	0.00	0.00	0.00	0.00	0.00	0.00	
42.00	1475.00	765.00	0.00	3969.00	396240.00	1.00	55.90	-0.81	5700.00	396240.00	99.83	40.00	255.00	31.34	981.95	6.90	0.00	99.83	0.00	0.00	0.00	1.16	3969.00	35.09	0.00	0.00	0.00	0.00	0.00	0.00	0.00	
43.00	171.00	875.00	0.00	3795.00	345837.00	1.00	52.28	0.77	5183.00	345837.00	91.13	39.00	254.00	29.08	845.48	6.21	0.00	91.13	0.00	0.00	0.00	1.18	3795.00	33.56	0.00	0.00	0.00	0.00	0.00	0.00	0.00	
44.00	1133.00	136.00	0.00	3761.00	364880.00	1.00	43.91	-0.58	6794.00	364880.00	97.02	36.00	246.00	28.09	789.27	8.00	0.00	97.02	0.00	0.00	0.00	1.41	3761.00	33.26	0.00	0.00	0.00	0.00	0.00	0.00	0.00	
45.00	58.00	773.00	0.00	3681.00	329863.00	1.00	51.79	-2.24	5180.00	329863.00	89.61	39.00	252.00	28.21	795.53	6.11	0.00	89.61	0.00	0.00	0.00	1.16	3681.00	32.55	0.00	0.00	0.00	0.00	0.00	0.00	0.00	
46.00	821.00	107.00	0.00	3660.00	369273.00	1.00	40.45	-1.44	5096.00	369273.00	100.89	35.00	248.00	28.98	840.07	7.63	0.00	100.89	0.00	0.00	0.00	1.32	3660.00	32.36	0.00	0.00	0.00	0.00	0.00	0.00	0.00	
47.00	1008.00	317.00	0.00	3654.00	378469.00	1.00	45.88	-1.78	5700.00	378469.00	103.58	36.00	241.00	32.94	1084.76	6.38	0.00	103.58	0.00	0.00	0.00	1.31	3654.00	32.31	0.02	0.00	0.00	0.00	0.00	0.00	0.00	
48.00	702.00	537.00	0.00	3654.00	384710.00	1.00	58.63	-1.07	4692.00	384710.00	105.28	35.00	230.00	30.84	951.31	7.34	0.00	105.28	0.00	0.00	0.00	1.14	3654.00	32.31	0.01	0.00	0.00	0.00	0.00	0.00	0.00	
50.00	518.00	323.00	0.00	3592.00	297617.00	1.00	43.53	-0.76	6560.00	297617.00	82.86	36.00	250.00	34.03	1157.97	5.46	0.00	82.86	0.00	0.00	0.00	1.45	3592.00	31.76	0.01	0.00	0.00	0.00	0.00	0.00	0.00	
51.00	1114.00	639.00	0.00	3475.00	374797.00	1.00	55.61	-0.93	4624.00	374797.00	107.86	39.00	239.00	30.48	928.89	9.20	0.00	107.86	0.00	0.00	0.00	1.10	3475.00	30.73	0.00	0.00	0.00	0.00	0.00	0.00	0.00	
52.00	417.00	670.00	0.00	3452.00	347454.00	1.00	51.43	-2.16	4760.00	347454.00	100.65	40.00	238.00	25.73	661.84	6.46	0.00	100.65	0.00	0.00	0.00	1.12	3452.00	30.52	0.00	0.00	0.00	0.00	0.00	0.00	0.00	
53.00	497.00	1013.00	0.00	3452.00	350999.00	1.00	46.95	0.05	4760.00	350999.00	101.68	39.00	246.00	27.43	752.60	6.30	0.00	101.68	0.00	0.00	0.00	1.21	3452.00	30.52	0.01	0.00	0.00	0.00	0.00	0.00	0.00	
54.00	1482.00	504.00	0.00	3279.00	225890.00	1.00	52.01	-1.23	4402.00	225890.00	68.89	39.00	166.00	12.24	149.88	3.49	0.00	68.89	0.00	0.00	0.00	1.09	3279.00	28.99	0.00	0.00	0.00	0.00	0.00	0.00	0.00	
55.00	1376.00	763.00	0.00	3260.00	344165.00	1.00	52.75	0.78	4900.00	344165.00	105.57	39.00	255.00	32.42	1050.80	7.59	0.00	105.57	0.00	0.00	0.00	1.09	3260.00	28.83	0.01	0.00	0.00	0.00	0.00	0.00	0.00	
56.00	263.00	628.00	0.00	3256.00	325341.00	1.00	50.76	-2.30	4420.00	325341.00	99.92	40.00	255.00	31.32	981.12	7.40	0.00	99.92	0.00	0.00	0.00	1.10	3256.00	28.79	0.00	0.00	0.00	0.00	0.00	0.00	0.00	
57.00	1513.00	653.00	0.00	3204.00	309004.00	1.00	48.33	-0.68	4824.00	309004.00	96.44	38.00	237.00	28.71	824.44	6.60	0.00	96.44	0.00	0.00	0.00	1.14	3204.00	28.33	0.01	0.00	0.00	0.00	0.00	0.00	0.00	
58.00	424.00	583.00	0.00	3162.00	277346.00	1.00	50.34	-1.90	4410.00	277346.00	87.71	40.00	230.00	22.94	526.44	5.55	0.00	87.71	0.00	0.00	0.00	1.10	3162.00	27.96	0.01	0.00	0.00	0.00	0.00	0.00	0.00	
59.00	1356.00	547.00	0.00	3092.00	327978.00	1.00	48.03	-1.09	4080.00	327978.00	106.07	39.00	255.00	32.26	1040.51	7.79	0.00	106.07	0.00	0.00	0.00	1.10	3092.00	27.34	0.00	0.00	0.00	0.00	0.00	0.00	0.00	
60.00	960.00	903.00	0.00	3076.00	352508.00	1.00	44.89	-2.32	4970.00	352508.00	114.60	39.00	255.00	32.10	1030.53	8.24	0.00	114.60	0.00	0.00	0.00	1.21	3076.00	27.20	0.01	0.00	0.00	0.00	0.00	0.00	0.00	
61.00	1615.00	742.00	0.00	3023.00	287200.00	1.00	48.48	-1.28	4392.00	287200.00	95.00	39.00	242.00	28.90	835.01	6.53	0.00	95.00	0.00	0.00	0.00	1.11	3023.00	26.73	0.01	0.00	0.00	0.00	0.00	0.00	0.00	
62.00	1542.00	473.00	0.00	2812.00	272654.00	1.00	44.67	-1.08	3819.00	272654.00	96.96	40.00	255.00	28.99	840.48	7.15	0.00	96.96	0.00	0.00	0.00	1.09	2812.00	24.86	0.00	0.00	0.00	0.00	0.00	0.00	0.00	
63.00	539.00	559.00	0.00	2768.00	269982.00	1.00	46.27	-2.31	3658.00	269982.00	97.54	37.00	250.00	32.29	1042.94	7.37	0.00	97.54	0.00	0.00	0.00	1.07	2768.00	24.48	0.00	0.00	0.00	0.00	0.00	0.00	0.00	
64.00	1254.00	426.00	0.00	2745.00	278935.00	1.00	47.60	-1.01	3720.00	278935.00	101.62	39.00	235.00	30.37	922.52	8.03	0.00	101.62	0.00	0.00	0.00	1.05	2745.00	24.27	0.00	0.00	0.00	0.00	0.00	0.00	0.00	
65.00	588.00	616.00	0.00	2742.00	272299.00	1.00	43.51	-1.95	4200.00	272299.00	99.31	40.00	251.00	26.71	713.37	7.79	0.00	99.31	0.00	0.00	0.00	1.13	2742.00	24.25	0.01	0.00	0.00	0.00	0.00	0.00	0.00	
66.00	1117.00	489.00	0.00	2695.00	287056.00	1.00	46.82	-1.05	3654.00	287056.00	106.51	39.00	255.00	32.57	1060.89	8.31	0.00	106.51	0.00	0.00	0.00	1.04	2695.00	23.83	0.01	0.00	0.00	0.00	0.00	0.00	0.00	
67.00	417.00	423.00	0.00	2556.00	258681.00	1.00	42.54	-2.00	3456.00	258681.00	101.21	39.00	247.00	28.96	838.94	6.95	0.00	101.21	0.00	0.00	0.00	1.06	2556.00	22.60	0.00	0.00	0.00	0.00	0.00	0.00	0.00	
68.00	1351.00	345.00	0.00	2546.00	249838.00	1.00	44.63	-1.13	3640.00	249838.00	98.13	37.00	255.00	32.33	1045.20	7.35	0.00	98.13	0.00	0.00	0.00	1.03	2546.00	22.51	0.00	0.00	0.00	0.00	0.00	0.00	0.00	
69.00	964.00	299.00	0.00	2541.00	280527.00	1.00	34.55	0.71	4968.00	280527.00	110.40	40.00	175.00	20.87	435.42	6.03	0.00	110.40	0.00	0.00	0.00	1.39	2541.00	22.47	0.02	0.00	0.00	0.00	0.00	0.00	0.00	
70.00	327.00	852.00	0.00	2462.00	156654.00	1.00	34.35	-2.29	4556.00	156654.00	63.63	39.00	146.00	15.57	242.42	3.33	0.00	63.63	0.00	0.00	0.00	1.32	2462.00	21.77	0.02	0.00	0.00	0.00	0.00	0.00	0.00	
71.00	1635.00	459.00	0.00	2415.00	163667.00	1.00	43.74	-1.50	3402.00	163667.00	67.77	35.00	217.00	21.95	481.83	5.44	0.00	67.77	0.00	0.00	0.00	1.05	2415.00	21.35	0.01	0.00	0.00	0.00	0.00	0.00	0.00	
72.00	1261.00	319.00	0.00	2398.00	231600.00	1.00	42.52	-1.40	3315.00	231600.00	96.58	40.00	231.00	29.51	871.04	7.34	0.00	96.58	0.00	0.00	0.00	1.01	2398.00	21.20	0.00	0.00	0.00	0.00	0.00	0.00	0.00	
73.00	378.00	518.00	0.00	2377.00	236537.00	1.00	40.83	0.24	3200.00	236537.00	99.51	40.00	255.00	26.82	719.17	6.08	0.00	99.51	0.00	0.00	0.00	1.09	2377.00	21.02	0.01	0.00	0.00	0.00	0.00	0.00	0.00	
74.00	1178.00	330.00	0.00	2354.00	238236.00	1.00	44.29	-1.36	2958.00	238236.00	101.20	37.00	248.00	32.61	1063.61	8.17	0.00	101.20	0.00	0.00	0.00	1.00	2354.00	20.81	0.00	0.00	0.00	0.00	0.00	0.00	0.00	
75.00	501.00	444.00	0.00	2281.00	130650.00	1.00	38.46	-2.00	3087.00	130650.00	57.28	38.00	90.00	5.29	27.95	2.27	0.00	57.28	0.00	0.00	0.00	1.06	2281.00	20.17	0.01	0.00	0.00	0.00	0.00	0.00	0.00	
76.00	1410.00	328.00	0.00	2169.00	180958.00	1.00	40.94	-0.86	2862.00	180958.00	83.43	28.00	240.00	32.14	1032.89	7.30	0.00	83.43	0.00	0.00	0.00	1.02	2169.00	19.18	0.00	0.00	0.00	0.00	0.00	0.00	0.00	
77.00	18.00	690.00	0.00	2093.00	170108.00	1.00	37.78	0.29	3036.00	170108.00	81.27	37.00	255.00	23.35	545.16	6.22	0.00	81.27	0.00	0.00	0.00	1.08	2093.00	18.51	0.00	0.00	0.00	0.00	0.00	0.00	0.00	
78.00	859.00	811.00	0.00	2058.00	231317.00	1.00	33.40	-2.29	3596.00	231317.00	112.40	40.00	255.00	37.81	1429.54	9.55	0.00	112.40	0.00	0.00	0.00	1.19	2058.00	18.20	0.02	0.00	0.00	0.00	0.00	0.00	0.00	
79.00	710.00	1060.00	0.00	2058.00	190050.00	1.00	32.99	-1.62	2850.00	190050.00	92.35	40.00	255.00	32.19	1036.37	7.55	0.00	92.35	0.00	0.00	0.00	1.13	2058.00	18.20	0.00	0.00	0.00	0.00	0.00	0.00	0.00	
80.00	1086.00	337.00	0.00	1999.00	204062.00	1.00	39.10	-1.19	2760.00	204062.00	102.08	40.00	255.00	31.86	1015.16	7.90	0.00	102.08	0.00	0.00	0.00	0.99	1999.00	17.68	0.01	0.00	0.00	0.00	0.00	0.00	0.00	
81.00	754.00	141.00	0.00	1962.00	187115.00	1.00	39.00	-1.64	2726.00	187115.00	95.37	39.00	224.00	27.91	778.75	7.88	0.00	95.37	0.00	0.00	0.00	0.95	1962.00	17.35	0.00	0.00	0.00	0.00	0.00	0.00	0.00	
82.00	801.00	1060.00	0.00	1961.00	211945.00	1.00	32.68	-1.58	2627.00	211945.00	108.08	40.00	255.00	32.80	1075.83	8.61	0.00	108.08	0.00	0.00	0.00	1.10	1961.00	17.34	0.00	0.00	0.00	0.00	0.00	0.00	0.00	
83.00	651.00	293.00	0.00	1930.00	189116.00	1.00	37.45	-1.29	2806.00	189116.00	97.99	39.00	193.00	22.58	509.75	6.73	0.00	97.99	0.00	0.00	0.00	0.97	1930.00	17.07	0.01	0.00	0.00	0.00	0.00	0.00	0.00	
84.00	427.00	242.00	0.00	1919.00	191243.00	1.00	39.73	-1.18	2950.00	191243.00	99.66	39.00	255.00	38.59	1489.38	9.80	0.00	99.66	0.00	0.00	0.00	0.96	1919.00	16.97	0.01	0.00	0.00	0.00	0.00	0.00	0.00	
85.00	1313.00	274.00	0.00	1903.00	189849.00	1.00	35.12	-1.20	2655.00	189849.00	99.76	39.00	255.00	32.04	1026.36	7.97	0.00	99.76	0.00	0.00	0.00	1.03	1903.00	16.83	0.01	0.00	0.00	0.00	0.00	0.00	0.00	
86.00	1076.00	168.00	0.00	1857.00	153934.00	1.00	38.42	-1.34	2430.00	153934.00	82.89	36.00	229.00	27.14	736.41	6.90	0.00	82.89	0.00	0.00	0.00	0.95	1857.00	16.42	0.00	0.00	0.00	0.00	0.00	0.00	0.00	
87.00	646.00	220.00	0.00	1784.00	166229.00	1.00	37.18	-2.29	2397.00	166229.00	93.18	36.00	249.00	27.54	758.54	6.43	0.00	93.18	0.00	0.00	0.00	1.01	1784.00	15.77	0.01	0.00	0.00	0.00	0.00	0.00	0.00	
88.00	349.00	406.00	0.00	1750.00	162653.00	1.00	38.03	-0.98	2700.00	162653.00	92.94	40.00	187.00	22.49	505.97	6.86	0.00	92.94	0.00	0.00	0.00	0.95	1750.00	15.47	0.02	0.00	0.00	0.00	0.00	0.00	0.00	
89.00	702.00	320.00	0.00	1632.00	73934.00	1.00	34.33	-1.20	2420.00	73934.00	45.30	35.00	56.00	3.78	14.29	1.35	0.00	45.30	0.00	0.00	0.00	0.97	1632.00	14.43	0.02	0.00	0.00	0.00	0.00	0.00	0.00	
90.00	1147.00	40.00	0.00	1565.00	144539.00	1.00	34.20	-1.45	2184.00	144539.00	92.36	40.00	219.00	28.65	820.62	8.01	0.00	92.36	0.00	0.00	0.00	0.91	1565.00	13.84	0.00	0.00	0.00	0.00	0.00	0.00	0.00	
91.00	1031.00	74.00	0.00	1480.00	143448.00	1.00	32.85	-1.19	2120.00	143448.00	96.92	40.00	208.00	27.98	783.07	7.54	0.00	96.92	0.00	0.00	0.00	0.92	1480.00	13.09	0.01	0.00	0.00	0.00	0.00	0.00	0.00	
92.00	1008.00	371.00	0.00	1477.00	154574.00	1.00	29.83	-0.85	2397.00	154574.00	104.65	40.00	242.00	26.01	676.59	7.15	0.00	104.65	0.00	0.00	0.00	1.03	1477.00	13.06	0.03	0.00	0.00	0.00	0.00	0.00	0.00	
93.00	464.00	1019.00	0.00	1423.00	137711.00	1.00	23.29	-0.02	1971.00	137711.00	96.78	40.00	144.00	19.39	376.15	6.12	0.00	96.78	0.00	0.00	0.00	1.12	1423.00	12.58	0.03	0.00	0.00	0.00	0.00	0.00	0.00	
94.00	1771.00	775.00	0.00	1373.00	106670.00	1.00	25.28	-0.62	2420.00	106670.00	77.69	38.00	143.00	21.73	472.33	5.12	0.00	77.69	0.00	0.00	0.00	1.13	1373.00	12.14	0.02	0.00	0.00	0.00	0.00	0.00	0.00	
95.00	992.00	523.00	0.00	1316.00	141225.00	1.00	26.20	0.76	2448.00	141225.00	107.31	40.00	178.00	23.91	571.48	7.82	0.00	107.31	0.00	0.00	0.00	1.12	1316.00	11.64	0.03	0.00	0.00	0.00	0.00	0.00	0.00	
96.00	735.00	60.00	0.00	1283.00	121080.00	1.00	28.54	-2.22	2288.00	121080.00	94.37	39.00	192.00	26.26	689.43	6.84	0.00	94.37	0.00	0.00	0.00	0.97	1283.00	11.34	0.02	0.00	0.00	0.00	0.00	0.00	0.00	
97.00	1088.00	429.00	0.00	1181.00	128005.00	1.00	26.60	0.76	1927.00	128005.00	108.39	39.00	246.00	37.73	1423.24	8.08	0.00	108.39	0.00	0.00	0.00	0.97	1181.00	10.44	0.03	0.00	0.00	0.00	0.00	0.00	0.00	
98.00	194.00	1064.00	0.00	1116.00	96880.00	1.00	26.14	-1.59	1770.00	96880.00	86.81	40.00	156.00	18.33	336.01	5.07	0.00	86.81	0.00	0.00	0.00	1.00	1116.00	9.87	0.02	0.00	0.00	0.00	0.00	0.00	0.00	
99.00	1069.00	410.00	0.00	1062.00	97516.00	1.00	25.25	-1.93	1536.00	97516.00	91.82	40.00	178.00	22.08	487.44	6.35	0.00	91.82	0.00	0.00	0.00	0.90	1062.00	9.39	0.04	0.00	0.00	0.00	0.00	0.00	0.00	
100.00	1761.00	795.00	0.00	1059.00	87324.00	1.00	19.75	-0.86	2668.00	87324.00	82.46	37.00	255.00	37.74	1424.53	10.57	0.00	82.46	0.00	0.00	0.00	1.29	1059.00	9.36	0.03	0.00	0.00	0.00	0.00	0.00	0.00	
101.00	1092.00	10.00	0.00	1051.00	98922.00	1.00	22.94	-1.54	1300.00	98922.00	94.12	40.00	212.00	28.73	825.51	7.82	0.00	94.12	0.00	0.00	0.00	0.95	1051.00	9.29	0.00	0.00	0.00	0.00	0.00	0.00	0.00	
102.00	541.00	1066.00	0.00	1042.00	101908.00	1.00	19.33	-1.57	1495.00	101908.00	97.80	38.00	191.00	26.86	721.37	7.46	0.00	97.80	0.00	0.00	0.00	1.07	1042.00	9.21	0.00	0.00	0.00	0.00	0.00	0.00	0.00	
103.00	704.00	11.00	0.00	1021.00	86710.00	1.00	26.07	-1.53	1440.00	86710.00	84.93	35.00	255.00	37.46	1403.02	10.50	0.00	84.93	0.00	0.00	0.00	0.95	1021.00	9.03	0.00	0.00	0.00	0.00	0.00	0.00	0.00	
104.00	313.00	833.00	0.00	986.00	51988.00	1.00	16.85	-2.27	2484.00	51988.00	52.73	40.00	69.00	4.72	22.24	2.13	0.00	52.73	0.00	0.00	0.00	1.34	986.00	8.72	0.04	0.00	0.00	0.00	0.00	0.00	0.00	
105.00	658.00	28.00	0.00	957.00	85543.00	1.00	23.46	-1.06	1564.00	85543.00	89.39	40.00	152.00	18.53	343.29	6.73	0.00	89.39	0.00	0.00	0.00	0.93	957.00	8.46	0.03	0.00	0.00	0.00	0.00	0.00	0.00	
106.00	1400.00	786.00	0.00	784.00	78160.00	1.00	18.35	0.78	1369.00	78160.00	99.69	40.00	154.00	24.16	583.89	7.97	0.00	99.69	0.00	0.00	0.00	1.02	784.00	6.93	0.04	0.00	0.00	0.00	0.00	0.00	0.00	
107.00	642.00	39.00	0.00	631.00	61222.00	1.00	15.38	-0.89	1404.00	61222.00	97.02	40.00	255.00	39.69	1575.67	13.13	0.00	97.02	0.00	0.00	0.00	1.05	631.00	5.58	0.04	0.00	0.00	0.00	0.00	0.00	0.00	
109.00	596.00	642.00	0.00	596.00	54181.00	1.00	14.17	-1.89	1034.00	54181.00	90.91	39.00	150.00	21.49	461.68	8.51	0.00	90.91	0.00	0.00	0.00	0.99	596.00	5.27	0.05	0.00	0.00	0.00	0.00	0.00	0.00	
110.00	1599.00	713.00	0.00	566.00	40114.00	1.00	15.22	-1.82	880.00	40114.00	70.87	40.00	93.00	10.94	119.61	4.36	0.00	70.87	0.00	0.00	0.00	0.88	566.00	5.00	0.04	0.00	0.00	0.00	0.00	0.00	0.00	
111.00	754.00	70.00	0.00	545.00	55346.00	1.00	14.30	0.77	1122.00	55346.00	101.55	39.00	255.00	40.53	1642.45	11.41	0.00	101.55	0.00	0.00	0.00	1.01	545.00	4.82	0.05	0.00	0.00	0.00	0.00	0.00	0.00	
112.00	1594.00	863.00	0.00	394.00	35146.00	1.00	11.48	-2.34	870.00	35146.00	89.20	40.00	127.00	20.43	417.20	8.17	0.00	89.20	0.00	0.00	0.00	1.01	394.00	3.48	0.06	0.00	0.00	0.00	0.00	0.00	0.00	
113.00	1057.00	433.00	0.00	375.00	32158.00	1.00	13.47	-0.69	594.00	32158.00	85.75	37.00	147.00	19.86	394.46	7.50	0.00	85.75	0.00	0.00	0.00	0.82	375.00	3.32	0.06	0.00	0.00	0.00	0.00	0.00	0.00	
114.00	1540.00	644.00	0.00	332.00	29985.00	0.99	9.46	-0.50	814.00	29985.00	90.32	40.00	139.00	26.06	679.12	10.26	0.00	90.32	0.00	0.00	0.00	1.02	332.00	2.94	0.07	0.00	0.00	0.00	0.00	0.00	0.00	
115.00	957.00	343.00	0.00	307.00	29906.00	0.99	9.85	-1.36	532.00	29906.00	97.41	40.00	148.00	29.36	862.11	11.95	0.00	97.41	0.00	0.00	0.00	0.84	307.00	2.71	0.07	0.00	0.00	0.00	0.00	0.00	0.00	
116.00	410.00	258.00	0.00	297.00	18053.00	0.99	9.93	-0.92	621.00	18053.00	60.78	40.00	122.00	17.28	298.65	6.16	0.00	60.78	0.00	0.00	0.00	0.93	297.00	2.63	0.07	0.00	0.00	0.00	0.00	0.00	0.00	
117.00	166.00	1063.00	0.00	291.00	22722.00	1.00	10.09	-2.31	624.00	22722.00	78.08	40.00	99.00	13.33	177.70	6.45	0.00	78.08	0.00	0.00	0.00	0.92	291.00	2.57	0.06	0.00	0.00	0.00	0.00	0.00	0.00	
119.00	1109.00	326.00	0.00	260.00	21245.00	0.99	9.39	-0.71	572.00	21245.00	81.71	40.00	104.00	16.71	279.26	7.91	0.00	81.71	0.00	0.00	0.00	0.91	260.00	2.30	0.08	0.00	0.00	0.00	0.00	0.00	0.00	
120.00	673.00	280.00	0.00	254.00	21783.00	1.00	10.09	-0.83	462.00	21783.00	85.76	40.00	108.00	18.65	347.84	7.64	0.00	85.76	0.00	0.00	0.00	0.80	254.00	2.25	0.07	0.00	0.00	0.00	0.00	0.00	0.00	
121.00	1650.00	483.00	0.00	254.00	10871.00	1.00	10.41	-1.65	390.00	10871.00	42.80	37.00	48.00	2.47	6.11	1.60	0.00	42.80	0.00	0.00	0.00	0.72	254.00	2.25	0.06	0.00	0.00	0.00	0.00	0.00	0.00	
122.00	671.00	219.00	0.00	250.00	20793.00	0.99	9.05	0.26	408.00	20793.00	83.17	39.00	128.00	23.11	534.13	10.05	0.00	83.17	0.00	0.00	0.00	0.82	250.00	2.21	0.07	0.00	0.00	0.00	0.00	0.00	0.00	
123.00	412.00	612.00	0.00	205.00	14651.00	0.99	7.07	-1.45	288.00	14651.00	71.47	40.00	90.00	13.73	188.61	7.96	0.00	71.47	0.00	0.00	0.00	0.82	205.00	1.81	0.08	0.00	0.00	0.00	0.00	0.00	0.00	
125.00	1051.00	65.00	0.00	185.00	12956.00	0.99	7.74	-0.73	399.00	12956.00	70.03	40.00	90.00	12.02	144.46	6.79	0.00	70.03	0.00	0.00	0.00	0.81	185.00	1.64	0.08	0.00	0.00	0.00	0.00	0.00	0.00	
126.00	1323.00	257.00	0.00	184.00	14393.00	0.99	7.93	-1.20	312.00	14393.00	78.22	39.00	103.00	15.83	250.67	8.21	0.00	78.22	0.00	0.00	0.00	0.75	184.00	1.63	0.09	0.00	0.00	0.00	0.00	0.00	0.00	
127.00	1094.00	504.00	0.00	172.00	14337.00	0.99	6.30	-0.71	506.00	14337.00	83.35	40.00	156.00	25.34	642.07	12.84	0.00	83.35	0.00	0.00	0.00	0.95	172.00	1.52	0.10	0.00	0.00	0.00	0.00	0.00	0.00	
129.00	276.00	1073.00	0.00	98.00	4943.00	0.95	3.28	-1.56	128.00	4943.00	50.44	37.00	61.00	6.05	36.60	6.25	0.00	50.44	0.00	0.00	0.00	0.86	98.00	0.87	0.00	0.00	0.00	0.00	0.00	0.00	0.00	
