ID	centroid_x	centroid_y	centroid_z	volume	integrated_intensity	eccentricity	elongation	orientation	bounding_box_volume	sum	mean	minimum	maximum	sigma	variance	surface_gradient	interior_gradient	surface_intensity	interior_intensity	intensity_ratio	convexity	radius_variation	surface_area	shape	shared_boundary	t_energy	t_entropy	inverse_diff_moment	inertia	cluster_shade	cluster_prominence	
1.00	795.00	646.00	0.00	25461.00	699336.00	1.00	118.69	-2.19	61438.00	699336.00	27.47	8.00	42.00	4.92	24.19	1.50	0.00	27.47	0.00	0.00	0.00	2.57	25461.00	225.13	0.00	0.00	0.00	0.00	0.00	0.00	0.00	
2.00	939.00	227.00	0.00	11702.00	307899.00	1.00	77.20	-1.91	27264.00	307899.00	26.31	9.00	37.00	3.81	14.50	1.58	0.00	26.31	0.00	0.00	0.00	2.16	11702.00	103.47	0.00	0.00	0.00	0.00	0.00	0.00	0.00	
3.00	887.00	835.00	0.00	10745.00	274515.00	1.00	98.28	-1.32	17589.00	274515.00	25.55	12.00	41.00	4.61	21.29	1.35	0.00	25.55	0.00	0.00	0.00	1.58	10745.00	95.01	0.00	0.00	0.00	0.00	0.00	0.00	0.00	
4.00	535.00	485.00	0.00	10472.00	273851.00	1.00	85.60	0.08	21539.00	273851.00	26.15	8.00	35.00	3.25	10.56	1.44	0.00	26.15	0.00	0.00	0.00	1.92	10472.00	92.60	0.00	0.00	0.00	0.00	0.00	0.00	0.00	
5.00	1012.00	1006.00	0.00	9268.00	259483.00	1.00	67.06	0.56	17160.00	259483.00	28.00	11.00	44.00	5.04	25.42	1.53	0.00	28.00	0.00	0.00	0.00	1.80	9268.00	81.95	0.00	0.00	0.00	0.00	0.00	0.00	0.00	
6.00	1011.00	311.00	0.00	8788.00	238632.00	1.00	69.30	-1.25	19662.00	238632.00	27.15	5.00	42.00	4.23	17.87	1.63	0.00	27.15	0.00	0.00	0.00	1.89	8788.00	77.71	0.00	0.00	0.00	0.00	0.00	0.00	0.00	
7.00	158.00	1009.00	0.00	8638.00	591498.00	1.00	57.18	-2.32	17544.00	591498.00	68.48	13.00	255.00	43.44	1886.81	5.25	0.00	68.48	0.00	0.00	0.00	2.03	8638.00	76.38	0.00	0.00	0.00	0.00	0.00	0.00	0.00	
8.00	1196.00	749.00	0.00	7848.00	228953.00	1.00	60.55	-0.38	13426.00	228953.00	29.17	10.00	46.00	5.35	28.62	1.60	0.00	29.17	0.00	0.00	0.00	1.68	7848.00	69.39	0.00	0.00	0.00	0.00	0.00	0.00	0.00	
9.00	710.00	457.00	0.00	7709.00	206950.00	1.00	51.12	-1.62	11560.00	206950.00	26.85	10.00	40.00	4.35	18.93	1.45	0.00	26.85	0.00	0.00	0.00	1.85	7709.00	68.16	0.00	0.00	0.00	0.00	0.00	0.00	0.00	
10.00	539.00	246.00	0.00	7449.00	187718.00	1.00	88.29	-1.87	16986.00	187718.00	25.20	9.00	36.00	3.64	13.22	1.58	0.00	25.20	0.00	0.00	0.00	1.70	7449.00	65.87	0.00	0.00	0.00	0.00	0.00	0.00	0.00	
11.00	1049.00	739.00	0.00	6957.00	229432.00	1.00	61.54	-1.65	9576.00	229432.00	32.98	1.00	121.00	10.38	107.78	3.59	0.00	32.98	0.00	0.00	0.00	1.49	6957.00	61.52	0.00	0.00	0.00	0.00	0.00	0.00	0.00	
12.00	472.00	775.00	0.00	6524.00	163691.00	1.00	54.66	-1.80	9906.00	163691.00	25.09	10.00	35.00	3.16	10.00	1.29	0.00	25.09	0.00	0.00	0.00	1.59	6524.00	57.69	0.00	0.00	0.00	0.00	0.00	0.00	0.00	
13.00	582.00	716.00	0.00	6461.00	173283.00	1.00	54.69	0.72	13340.00	173283.00	26.82	10.00	37.00	3.91	15.31	1.40	0.00	26.82	0.00	0.00	0.00	1.73	6461.00	57.13	0.00	0.00	0.00	0.00	0.00	0.00	0.00	
14.00	944.00	692.00	0.00	6038.00	175190.00	1.00	64.11	-0.00	10922.00	175190.00	29.01	9.00	39.00	3.88	15.06	1.50	0.00	29.01	0.00	0.00	0.00	1.45	6038.00	53.39	0.01	0.00	0.00	0.00	0.00	0.00	0.00	
15.00	1183.00	560.00	0.00	5780.00	163793.00	1.00	54.21	-1.94	9396.00	163793.00	28.34	9.00	45.00	5.43	29.45	1.70	0.00	28.34	0.00	0.00	0.00	1.49	5780.00	51.11	0.00	0.00	0.00	0.00	0.00	0.00	0.00	
16.00	1511.00	498.00	0.00	5674.00	163317.00	1.00	55.19	-1.85	8970.00	163317.00	28.78	9.00	43.00	5.51	30.36	1.74	0.00	28.78	0.00	0.00	0.00	1.45	5674.00	50.17	0.00	0.00	0.00	0.00	0.00	0.00	0.00	
17.00	58.00	569.00	0.00	5656.00	131146.00	1.00	58.79	-0.86	10080.00	131146.00	23.19	6.00	31.00	2.76	7.60	1.42	0.00	23.19	0.00	0.00	0.00	1.44	5656.00	50.01	0.00	0.00	0.00	0.00	0.00	0.00	0.00	
18.00	744.00	218.00	0.00	5322.00	136554.00	1.00	62.90	-1.43	8927.00	136554.00	25.66	9.00	37.00	3.83	14.63	1.57	0.00	25.66	0.00	0.00	0.00	1.32	5322.00	47.06	0.00	0.00	0.00	0.00	0.00	0.00	0.00	
19.00	378.00	1031.00	0.00	5267.00	136787.00	1.00	58.39	-0.05	7154.00	136787.00	25.97	15.00	37.00	3.29	10.80	1.31	0.00	25.97	0.00	0.00	0.00	1.40	5267.00	46.57	0.00	0.00	0.00	0.00	0.00	0.00	0.00	
20.00	752.00	561.00	0.00	5126.00	119860.00	1.00	45.68	-2.33	10504.00	119860.00	23.38	7.00	38.00	3.38	11.43	1.52	0.00	23.38	0.00	0.00	0.00	1.71	5126.00	45.33	0.00	0.00	0.00	0.00	0.00	0.00	0.00	
21.00	1686.00	931.00	0.00	5007.00	150775.00	1.00	64.72	-0.85	6561.00	150775.00	30.11	13.00	50.00	6.67	44.46	1.72	0.00	30.11	0.00	0.00	0.00	1.22	5007.00	44.27	0.00	0.00	0.00	0.00	0.00	0.00	0.00	
22.00	1452.00	393.00	0.00	4989.00	145006.00	1.00	56.63	0.42	8330.00	145006.00	29.07	7.00	41.00	5.21	27.12	1.88	0.00	29.07	0.00	0.00	0.00	1.37	4989.00	44.11	0.00	0.00	0.00	0.00	0.00	0.00	0.00	
23.00	923.00	152.00	0.00	4901.00	129520.00	1.00	38.52	-1.75	9240.00	129520.00	26.43	9.00	35.00	3.73	13.90	1.85	0.00	26.43	0.00	0.00	0.00	1.83	4901.00	43.34	0.00	0.00	0.00	0.00	0.00	0.00	0.00	
24.00	860.00	955.00	0.00	4606.00	128295.00	1.00	63.74	0.26	5688.00	128295.00	27.85	16.00	40.00	3.91	15.28	1.44	0.00	27.85	0.00	0.00	0.00	1.18	4606.00	40.73	0.00	0.00	0.00	0.00	0.00	0.00	0.00	
25.00	484.00	1006.00	0.00	4381.00	114478.00	1.00	57.23	0.61	6384.00	114478.00	26.13	15.00	37.00	3.54	12.54	1.32	0.00	26.13	0.00	0.00	0.00	1.20	4381.00	38.74	0.01	0.00	0.00	0.00	0.00	0.00	0.00	
26.00	1577.00	839.00	0.00	4354.00	127138.00	1.00	57.63	-0.77	6450.00	127138.00	29.20	10.00	43.00	5.85	34.24	1.77	0.00	29.20	0.00	0.00	0.00	1.21	4354.00	38.50	0.00	0.00	0.00	0.00	0.00	0.00	0.00	
27.00	1027.00	836.00	0.00	4290.00	120916.00	1.00	62.34	-0.19	5472.00	120916.00	28.19	12.00	42.00	4.90	24.03	1.58	0.00	28.19	0.00	0.00	0.00	1.16	4290.00	37.93	0.00	0.00	0.00	0.00	0.00	0.00	0.00	
28.00	1475.00	857.00	0.00	4262.00	130969.00	1.00	58.40	-0.59	5840.00	130969.00	30.73	16.00	45.00	6.27	39.31	1.76	0.00	30.73	0.00	0.00	0.00	1.18	4262.00	37.69	0.00	0.00	0.00	0.00	0.00	0.00	0.00	
29.00	712.00	878.00	0.00	4200.00	118297.00	1.00	60.55	0.55	5472.00	118297.00	28.17	13.00	43.00	4.20	17.62	1.48	0.00	28.17	0.00	0.00	0.00	1.16	4200.00	37.14	0.00	0.00	0.00	0.00	0.00	0.00	0.00	
30.00	454.00	510.00	0.00	4121.00	106189.00	1.00	49.93	-0.74	7098.00	106189.00	25.77	14.00	35.00	3.28	10.73	1.24	0.00	25.77	0.00	0.00	0.00	1.35	4121.00	36.44	0.01	0.00	0.00	0.00	0.00	0.00	0.00	
31.00	1747.00	711.00	0.00	3992.00	123073.00	1.00	59.72	-0.30	4968.00	123073.00	30.83	13.00	45.00	6.70	44.86	1.79	0.00	30.83	0.00	0.00	0.00	1.14	3992.00	35.30	0.00	0.00	0.00	0.00	0.00	0.00	0.00	
32.00	514.00	376.00	0.00	3917.00	96345.00	1.00	43.62	0.75	9025.00	96345.00	24.60	9.00	34.00	3.40	11.54	1.47	0.00	24.60	0.00	0.00	0.00	1.56	3917.00	34.63	0.01	0.00	0.00	0.00	0.00	0.00	0.00	
33.00	649.00	746.00	0.00	3856.00	100526.00	1.00	55.58	-2.14	5396.00	100526.00	26.07	11.00	37.00	3.64	13.24	1.33	0.00	26.07	0.00	0.00	0.00	1.18	3856.00	34.10	0.01	0.00	0.00	0.00	0.00	0.00	0.00	
34.00	1595.00	752.00	0.00	3853.00	107877.00	1.00	54.35	-0.82	5256.00	107877.00	28.00	16.00	42.00	5.83	33.95	1.65	0.00	28.00	0.00	0.00	0.00	1.16	3853.00	34.07	0.00	0.00	0.00	0.00	0.00	0.00	0.00	
35.00	417.00	569.00	0.00	3818.00	98195.00	1.00	44.72	-2.30	7216.00	98195.00	25.72	6.00	37.00	3.23	10.46	1.51	0.00	25.72	0.00	0.00	0.00	1.49	3818.00	33.76	0.01	0.00	0.00	0.00	0.00	0.00	0.00	
36.00	817.00	302.00	0.00	3812.00	97841.00	1.00	40.33	-2.03	6901.00	97841.00	25.67	12.00	35.00	3.17	10.05	1.63	0.00	25.67	0.00	0.00	0.00	1.51	3812.00	33.71	0.00	0.00	0.00	0.00	0.00	0.00	0.00	
37.00	1477.00	777.00	0.00	3775.00	113955.00	1.00	54.77	-0.62	5180.00	113955.00	30.19	16.00	45.00	5.64	31.78	1.69	0.00	30.19	0.00	0.00	0.00	1.14	3775.00	33.38	0.00	0.00	0.00	0.00	0.00	0.00	0.00	
38.00	644.00	366.00	0.00	3762.00	107236.00	1.00	41.79	-1.81	7215.00	107236.00	28.51	10.00	35.00	3.69	13.62	1.63	0.00	28.51	0.00	0.00	0.00	1.45	3762.00	33.26	0.01	0.00	0.00	0.00	0.00	0.00	0.00	
39.00	1106.00	823.00	0.00	3707.00	105401.00	1.00	55.13	-0.73	5040.00	105401.00	28.43	10.00	45.00	5.17	26.69	1.47	0.00	28.43	0.00	0.00	0.00	1.13	3707.00	32.78	0.00	0.00	0.00	0.00	0.00	0.00	0.00	
40.00	824.00	377.00	0.00	3665.00	92901.00	1.00	43.82	-1.22	7521.00	92901.00	25.35	9.00	33.00	3.26	10.62	1.58	0.00	25.35	0.00	0.00	0.00	1.36	3665.00	32.41	0.01	0.00	0.00	0.00	0.00	0.00	0.00	
41.00	332.00	834.00	0.00	3607.00	95914.00	1.00	50.83	0.62	4964.00	95914.00	26.59	13.00	36.00	3.06	9.36	1.33	0.00	26.59	0.00	0.00	0.00	1.16	3607.00	31.89	0.00	0.00	0.00	0.00	0.00	0.00	0.00	
42.00	1702.00	817.00	0.00	3514.00	111222.00	1.00	47.20	-0.71	5396.00	111222.00	31.65	14.00	46.00	6.81	46.37	1.93	0.00	31.65	0.00	0.00	0.00	1.22	3514.00	31.07	0.01	0.00	0.00	0.00	0.00	0.00	0.00	
43.00	286.00	685.00	0.00	3404.00	91779.00	1.00	44.11	-1.94	6944.00	91779.00	26.96	13.00	36.00	3.61	13.04	1.58	0.00	26.96	0.00	0.00	0.00	1.43	3404.00	30.10	0.00	0.00	0.00	0.00	0.00	0.00	0.00	
44.00	246.00	634.00	0.00	3319.00	81893.00	1.00	48.27	0.59	4958.00	81893.00	24.67	10.00	35.00	2.91	8.49	1.52	0.00	24.67	0.00	0.00	0.00	1.16	3319.00	29.35	0.00	0.00	0.00	0.00	0.00	0.00	0.00	
45.00	1130.00	661.00	0.00	3276.00	86665.00	1.00	53.37	-0.81	4355.00	86665.00	26.45	16.00	41.00	4.49	20.13	1.73	0.00	26.45	0.00	0.00	0.00	1.09	3276.00	28.97	0.00	0.00	0.00	0.00	0.00	0.00	0.00	
46.00	584.00	319.00	0.00	3227.00	78475.00	1.00	43.85	-1.97	6045.00	78475.00	24.32	11.00	34.00	3.26	10.66	1.50	0.00	24.32	0.00	0.00	0.00	1.33	3227.00	28.53	0.01	0.00	0.00	0.00	0.00	0.00	0.00	
47.00	410.00	664.00	0.00	3152.00	80667.00	1.00	51.02	0.27	4080.00	80667.00	25.59	14.00	33.00	2.68	7.18	1.39	0.00	25.59	0.00	0.00	0.00	1.08	3152.00	27.87	0.00	0.00	0.00	0.00	0.00	0.00	0.00	
48.00	68.00	785.00	0.00	3115.00	75498.00	1.00	46.05	0.62	4416.00	75498.00	24.24	12.00	31.00	2.37	5.62	1.39	0.00	24.24	0.00	0.00	0.00	1.14	3115.00	27.54	0.00	0.00	0.00	0.00	0.00	0.00	0.00	
49.00	233.00	744.00	0.00	3097.00	78407.00	1.00	47.07	0.46	4209.00	78407.00	25.32	13.00	34.00	2.52	6.37	1.43	0.00	25.32	0.00	0.00	0.00	1.11	3097.00	27.38	0.00	0.00	0.00	0.00	0.00	0.00	0.00	
50.00	107.00	653.00	0.00	2997.00	71196.00	1.00	45.91	-2.20	4221.00	71196.00	23.76	15.00	31.00	2.05	4.19	1.21	0.00	23.76	0.00	0.00	0.00	1.11	2997.00	26.50	0.00	0.00	0.00	0.00	0.00	0.00	0.00	
51.00	765.00	939.00	0.00	2910.00	73994.00	1.00	42.43	0.73	5032.00	73994.00	25.43	15.00	39.00	3.80	14.42	1.33	0.00	25.43	0.00	0.00	0.00	1.21	2910.00	25.73	0.02	0.00	0.00	0.00	0.00	0.00	0.00	
52.00	699.00	530.00	0.00	2900.00	73576.00	1.00	49.27	-2.22	3844.00	73576.00	25.37	16.00	37.00	3.79	14.38	1.57	0.00	25.37	0.00	0.00	0.00	1.06	2900.00	25.64	0.00	0.00	0.00	0.00	0.00	0.00	0.00	
53.00	1257.00	425.00	0.00	2842.00	81888.00	1.00	49.50	-1.02	3840.00	81888.00	28.81	11.00	38.00	4.55	20.69	1.83	0.00	28.81	0.00	0.00	0.00	1.05	2842.00	25.13	0.00	0.00	0.00	0.00	0.00	0.00	0.00	
54.00	591.00	102.00	0.00	2758.00	69246.00	1.00	30.48	-1.62	3708.00	69246.00	25.11	12.00	38.00	3.66	13.38	1.80	0.00	25.11	0.00	0.00	0.00	1.34	2758.00	24.39	0.00	0.00	0.00	0.00	0.00	0.00	0.00	
55.00	1131.00	484.00	0.00	2693.00	68919.00	1.00	47.68	-1.39	3584.00	68919.00	25.59	15.00	36.00	4.30	18.49	1.59	0.00	25.59	0.00	0.00	0.00	1.04	2693.00	23.81	0.00	0.00	0.00	0.00	0.00	0.00	0.00	
56.00	1359.00	489.00	0.00	2670.00	76366.00	1.00	46.29	-1.75	4118.00	76366.00	28.60	15.00	42.00	5.16	26.67	1.61	0.00	28.60	0.00	0.00	0.00	1.03	2670.00	23.61	0.01	0.00	0.00	0.00	0.00	0.00	0.00	
57.00	603.00	530.00	0.00	2652.00	67575.00	1.00	45.70	-2.02	3591.00	67575.00	25.48	16.00	35.00	3.08	9.50	1.51	0.00	25.48	0.00	0.00	0.00	1.04	2652.00	23.45	0.00	0.00	0.00	0.00	0.00	0.00	0.00	
58.00	316.00	968.00	0.00	2651.00	99343.00	1.00	36.97	0.07	3612.00	99343.00	37.47	16.00	50.00	5.96	35.56	1.95	0.00	37.47	0.00	0.00	0.00	1.20	2651.00	23.44	0.01	0.00	0.00	0.00	0.00	0.00	0.00	
59.00	831.00	487.00	0.00	2617.00	70795.00	1.00	48.20	-0.95	3538.00	70795.00	27.05	15.00	37.00	4.16	17.28	1.55	0.00	27.05	0.00	0.00	0.00	1.02	2617.00	23.14	0.01	0.00	0.00	0.00	0.00	0.00	0.00	
60.00	997.00	540.00	0.00	2605.00	71410.00	1.00	46.73	-2.28	3969.00	71410.00	27.41	16.00	35.00	3.95	15.62	1.52	0.00	27.41	0.00	0.00	0.00	1.03	2605.00	23.03	0.01	0.00	0.00	0.00	0.00	0.00	0.00	
61.00	1272.00	569.00	0.00	2599.00	69331.00	1.00	48.22	-2.24	4030.00	69331.00	26.68	16.00	36.00	3.68	13.57	1.53	0.00	26.68	0.00	0.00	0.00	1.02	2599.00	22.98	0.01	0.00	0.00	0.00	0.00	0.00	0.00	
62.00	194.00	573.00	0.00	2582.00	59241.00	1.00	42.66	0.74	3480.00	59241.00	22.94	16.00	29.00	2.01	4.03	1.28	0.00	22.94	0.00	0.00	0.00	1.08	2582.00	22.83	0.00	0.00	0.00	0.00	0.00	0.00	0.00	
63.00	903.00	751.00	0.00	2555.00	59528.00	1.00	41.34	-0.63	4148.00	59528.00	23.30	16.00	31.00	2.98	8.90	1.23	0.00	23.30	0.00	0.00	0.00	1.12	2555.00	22.59	0.01	0.00	0.00	0.00	0.00	0.00	0.00	
64.00	1150.00	403.00	0.00	2538.00	72845.00	1.00	44.74	-1.20	3528.00	72845.00	28.70	16.00	40.00	4.06	16.45	1.71	0.00	28.70	0.00	0.00	0.00	1.03	2538.00	22.44	0.00	0.00	0.00	0.00	0.00	0.00	0.00	
65.00	839.00	733.00	0.00	2504.00	65510.00	1.00	40.37	-2.34	4225.00	65510.00	26.16	16.00	38.00	4.04	16.33	1.52	0.00	26.16	0.00	0.00	0.00	1.14	2504.00	22.14	0.02	0.00	0.00	0.00	0.00	0.00	0.00	
66.00	1374.00	765.00	0.00	2479.00	67392.00	1.00	41.82	-2.34	4489.00	67392.00	27.19	16.00	39.00	4.39	19.26	1.55	0.00	27.19	0.00	0.00	0.00	1.13	2479.00	21.92	0.02	0.00	0.00	0.00	0.00	0.00	0.00	
67.00	1267.00	496.00	0.00	2448.00	64439.00	1.00	42.72	-1.01	3245.00	64439.00	26.32	14.00	37.00	4.52	20.46	1.76	0.00	26.32	0.00	0.00	0.00	1.05	2448.00	21.65	0.00	0.00	0.00	0.00	0.00	0.00	0.00	
68.00	801.00	102.00	0.00	2431.00	60720.00	1.00	37.69	-1.74	3634.00	60720.00	24.98	11.00	35.00	3.37	11.37	1.59	0.00	24.98	0.00	0.00	0.00	1.20	2431.00	21.50	0.01	0.00	0.00	0.00	0.00	0.00	0.00	
69.00	1650.00	376.00	0.00	2431.00	73377.00	1.00	43.94	-0.45	3172.00	73377.00	30.18	10.00	41.00	5.73	32.79	1.94	0.00	30.18	0.00	0.00	0.00	1.03	2431.00	21.50	0.00	0.00	0.00	0.00	0.00	0.00	0.00	
70.00	1595.00	321.00	0.00	2410.00	65621.00	1.00	40.77	-1.06	3213.00	65621.00	27.23	14.00	39.00	4.81	23.14	1.91	0.00	27.23	0.00	0.00	0.00	1.06	2410.00	21.31	0.00	0.00	0.00	0.00	0.00	0.00	0.00	
71.00	1101.00	243.00	0.00	2373.00	63258.00	1.00	45.48	-1.94	3245.00	63258.00	26.66	16.00	38.00	3.80	14.46	1.69	0.00	26.66	0.00	0.00	0.00	1.00	2373.00	20.98	0.00	0.00	0.00	0.00	0.00	0.00	0.00	
72.00	942.00	394.00	0.00	2359.00	61600.00	1.00	41.93	-1.85	3200.00	61600.00	26.11	10.00	38.00	3.91	15.27	1.82	0.00	26.11	0.00	0.00	0.00	1.03	2359.00	20.86	0.00	0.00	0.00	0.00	0.00	0.00	0.00	
73.00	884.00	328.00	0.00	2352.00	65449.00	1.00	42.92	-1.49	3224.00	65449.00	27.83	16.00	35.00	3.80	14.40	1.81	0.00	27.83	0.00	0.00	0.00	1.01	2352.00	20.80	0.00	0.00	0.00	0.00	0.00	0.00	0.00	
74.00	717.00	375.00	0.00	2341.00	61433.00	1.00	44.12	-1.63	3111.00	61433.00	26.24	10.00	35.00	3.56	12.68	1.68	0.00	26.24	0.00	0.00	0.00	1.01	2341.00	20.70	0.00	0.00	0.00	0.00	0.00	0.00	0.00	
75.00	432.00	423.00	0.00	2336.00	54380.00	1.00	41.04	-1.98	3100.00	54380.00	23.28	12.00	32.00	2.82	7.95	1.50	0.00	23.28	0.00	0.00	0.00	1.03	2336.00	20.66	0.00	0.00	0.00	0.00	0.00	0.00	0.00	
76.00	1139.00	19.00	0.00	2302.00	59343.00	1.00	29.51	-1.22	3784.00	59343.00	25.78	10.00	37.00	3.58	12.78	1.58	0.00	25.78	0.00	0.00	0.00	1.36	2302.00	20.35	0.00	0.00	0.00	0.00	0.00	0.00	0.00	
77.00	377.00	522.00	0.00	2220.00	56211.00	1.00	36.11	-2.32	3840.00	56211.00	25.32	15.00	31.00	2.91	8.45	1.21	0.00	25.32	0.00	0.00	0.00	1.16	2220.00	19.63	0.02	0.00	0.00	0.00	0.00	0.00	0.00	
78.00	325.00	348.00	0.00	2189.00	56079.00	1.00	39.20	-2.01	2867.00	56079.00	25.62	15.00	37.00	2.90	8.44	1.54	0.00	25.62	0.00	0.00	0.00	1.03	2189.00	19.36	0.00	0.00	0.00	0.00	0.00	0.00	0.00	
79.00	996.00	374.00	0.00	2169.00	59434.00	1.00	41.62	-1.31	2891.00	59434.00	27.40	12.00	39.00	4.28	18.33	1.72	0.00	27.40	0.00	0.00	0.00	0.99	2169.00	19.18	0.00	0.00	0.00	0.00	0.00	0.00	0.00	
80.00	1080.00	414.00	0.00	2164.00	53953.00	1.00	40.94	-1.79	2842.00	53953.00	24.93	16.00	35.00	3.32	11.02	1.54	0.00	24.93	0.00	0.00	0.00	1.00	2164.00	19.13	0.00	0.00	0.00	0.00	0.00	0.00	0.00	
81.00	17.00	686.00	0.00	2124.00	52226.00	1.00	37.74	0.20	2860.00	52226.00	24.59	14.00	33.00	2.11	4.47	1.11	0.00	24.59	0.00	0.00	0.00	1.09	2124.00	18.78	0.00	0.00	0.00	0.00	0.00	0.00	0.00	
82.00	1172.00	318.00	0.00	2114.00	56925.00	1.00	40.11	-1.29	2940.00	56925.00	26.93	15.00	37.00	4.27	18.25	1.83	0.00	26.93	0.00	0.00	0.00	0.98	2114.00	18.69	0.01	0.00	0.00	0.00	0.00	0.00	0.00	
83.00	395.00	310.00	0.00	2103.00	48125.00	1.00	40.62	-2.21	2700.00	48125.00	22.88	15.00	34.00	3.29	10.82	1.47	0.00	22.88	0.00	0.00	0.00	0.99	2103.00	18.60	0.00	0.00	0.00	0.00	0.00	0.00	0.00	
84.00	1057.00	543.00	0.00	2097.00	54516.00	1.00	40.20	0.30	2850.00	54516.00	26.00	15.00	34.00	3.48	12.08	1.49	0.00	26.00	0.00	0.00	0.00	1.02	2097.00	18.54	0.01	0.00	0.00	0.00	0.00	0.00	0.00	
85.00	727.00	294.00	0.00	2035.00	52386.00	1.00	40.79	0.73	2652.00	52386.00	25.74	16.00	33.00	3.71	13.78	1.73	0.00	25.74	0.00	0.00	0.00	0.98	2035.00	17.99	0.00	0.00	0.00	0.00	0.00	0.00	0.00	
86.00	76.00	464.00	0.00	1999.00	50239.00	1.00	35.61	-1.86	2904.00	50239.00	25.13	14.00	31.00	2.42	5.88	1.36	0.00	25.13	0.00	0.00	0.00	1.02	1999.00	17.68	0.01	0.00	0.00	0.00	0.00	0.00	0.00	
87.00	199.00	1062.00	0.00	1947.00	58334.00	1.00	30.03	-1.54	2890.00	58334.00	29.96	13.00	41.00	5.01	25.12	1.89	0.00	29.96	0.00	0.00	0.00	1.20	1947.00	17.22	0.00	0.00	0.00	0.00	0.00	0.00	0.00	
88.00	1188.00	459.00	0.00	1941.00	56871.00	1.00	34.78	-1.00	2688.00	56871.00	29.30	16.00	38.00	4.02	16.18	1.81	0.00	29.30	0.00	0.00	0.00	1.05	1941.00	17.16	0.00	0.00	0.00	0.00	0.00	0.00	0.00	
89.00	635.00	605.00	0.00	1859.00	43582.00	1.00	34.95	-0.14	2501.00	43582.00	23.44	14.00	31.00	3.82	14.57	1.35	0.00	23.44	0.00	0.00	0.00	1.01	1859.00	16.44	0.01	0.00	0.00	0.00	0.00	0.00	0.00	
90.00	397.00	373.00	0.00	1833.00	40423.00	1.00	35.66	0.72	2496.00	40423.00	22.05	15.00	30.00	2.68	7.19	1.42	0.00	22.05	0.00	0.00	0.00	1.00	1833.00	16.21	0.00	0.00	0.00	0.00	0.00	0.00	0.00	
91.00	468.00	342.00	0.00	1817.00	47610.00	1.00	34.52	-2.26	2444.00	47610.00	26.20	16.00	35.00	3.22	10.34	1.70	0.00	26.20	0.00	0.00	0.00	1.02	1817.00	16.07	0.00	0.00	0.00	0.00	0.00	0.00	0.00	
92.00	286.00	976.00	0.00	1815.00	51786.00	1.00	27.76	0.03	2480.00	51786.00	28.53	16.00	42.00	4.88	23.85	2.00	0.00	28.53	0.00	0.00	0.00	1.16	1815.00	16.05	0.02	0.00	0.00	0.00	0.00	0.00	0.00	
93.00	551.00	1062.00	0.00	1787.00	49514.00	1.00	30.05	-1.59	2550.00	49514.00	27.71	16.00	41.00	3.91	15.32	1.61	0.00	27.71	0.00	0.00	0.00	1.13	1787.00	15.80	0.00	0.00	0.00	0.00	0.00	0.00	0.00	
94.00	569.00	634.00	0.00	1772.00	46143.00	1.00	29.75	-2.21	3355.00	46143.00	26.04	15.00	34.00	3.33	11.12	1.56	0.00	26.04	0.00	0.00	0.00	1.21	1772.00	15.67	0.02	0.00	0.00	0.00	0.00	0.00	0.00	
95.00	583.00	155.00	0.00	1762.00	42324.00	1.00	39.96	-1.36	2544.00	42324.00	24.02	12.00	31.00	2.51	6.28	1.49	0.00	24.02	0.00	0.00	0.00	0.93	1762.00	15.58	0.01	0.00	0.00	0.00	0.00	0.00	0.00	
96.00	431.00	182.00	0.00	1676.00	39776.00	1.00	34.47	-2.10	2244.00	39776.00	23.73	15.00	32.00	3.26	10.62	1.46	0.00	23.73	0.00	0.00	0.00	0.96	1676.00	14.82	0.00	0.00	0.00	0.00	0.00	0.00	0.00	
97.00	211.00	201.00	0.00	1675.00	42214.00	1.00	31.33	-1.93	2280.00	42214.00	25.20	14.00	34.00	2.74	7.48	1.68	0.00	25.20	0.00	0.00	0.00	1.01	1675.00	14.81	0.00	0.00	0.00	0.00	0.00	0.00	0.00	
98.00	1772.00	783.00	0.00	1659.00	59380.00	1.00	26.55	-0.36	2691.00	59380.00	35.79	16.00	48.00	6.88	47.40	2.79	0.00	35.79	0.00	0.00	0.00	1.17	1659.00	14.67	0.00	0.00	0.00	0.00	0.00	0.00	0.00	
99.00	727.00	58.00	0.00	1633.00	40680.00	1.00	34.29	-2.17	2156.00	40680.00	24.91	15.00	37.00	3.51	12.33	1.89	0.00	24.91	0.00	0.00	0.00	0.95	1633.00	14.44	0.00	0.00	0.00	0.00	0.00	0.00	0.00	
100.00	633.00	201.00	0.00	1610.00	44022.00	1.00	35.17	-1.70	2091.00	44022.00	27.34	16.00	35.00	3.06	9.38	1.68	0.00	27.34	0.00	0.00	0.00	0.93	1610.00	14.24	0.01	0.00	0.00	0.00	0.00	0.00	0.00	
101.00	792.00	1062.00	0.00	1603.00	39807.00	1.00	27.99	-1.59	2170.00	39807.00	24.83	11.00	38.00	3.52	12.41	1.51	0.00	24.83	0.00	0.00	0.00	1.10	1603.00	14.17	0.00	0.00	0.00	0.00	0.00	0.00	0.00	
102.00	829.00	203.00	0.00	1584.00	36297.00	1.00	31.79	-2.08	2226.00	36297.00	22.91	12.00	34.00	3.16	9.98	1.53	0.00	22.91	0.00	0.00	0.00	0.98	1584.00	14.01	0.00	0.00	0.00	0.00	0.00	0.00	0.00	
103.00	1028.00	73.00	0.00	1572.00	39489.00	1.00	32.66	-1.86	2106.00	39489.00	25.12	13.00	34.00	3.14	9.84	1.72	0.00	25.12	0.00	0.00	0.00	0.95	1572.00	13.90	0.00	0.00	0.00	0.00	0.00	0.00	0.00	
104.00	407.00	234.00	0.00	1534.00	38438.00	1.00	31.04	-2.18	2064.00	38438.00	25.06	13.00	34.00	3.47	12.01	1.80	0.00	25.06	0.00	0.00	0.00	1.00	1534.00	13.56	0.00	0.00	0.00	0.00	0.00	0.00	0.00	
105.00	1397.00	787.00	0.00	1471.00	49407.00	1.00	28.60	0.78	2352.00	49407.00	33.59	16.00	42.00	5.16	26.59	1.93	0.00	33.59	0.00	0.00	0.00	1.08	1471.00	13.01	0.03	0.00	0.00	0.00	0.00	0.00	0.00	
106.00	419.00	96.00	0.00	1469.00	37657.00	1.00	30.18	-1.85	1872.00	37657.00	25.63	12.00	34.00	3.55	12.57	1.82	0.00	25.63	0.00	0.00	0.00	0.95	1469.00	12.99	0.00	0.00	0.00	0.00	0.00	0.00	0.00	
107.00	1400.00	332.00	0.00	1466.00	46328.00	1.00	35.47	-0.38	2112.00	46328.00	31.60	12.00	41.00	5.23	27.34	2.22	0.00	31.60	0.00	0.00	0.00	0.93	1466.00	12.96	0.01	0.00	0.00	0.00	0.00	0.00	0.00	
108.00	743.00	158.00	0.00	1459.00	35212.00	1.00	32.35	-1.72	1950.00	35212.00	24.13	15.00	34.00	3.47	12.02	1.50	0.00	24.13	0.00	0.00	0.00	0.93	1459.00	12.90	0.01	0.00	0.00	0.00	0.00	0.00	0.00	
109.00	907.00	45.00	0.00	1456.00	38663.00	1.00	31.53	-1.44	1887.00	38663.00	26.55	15.00	34.00	3.02	9.09	1.72	0.00	26.55	0.00	0.00	0.00	0.91	1456.00	12.87	0.00	0.00	0.00	0.00	0.00	0.00	0.00	
110.00	1328.00	405.00	0.00	1365.00	37160.00	1.00	25.50	-0.83	2700.00	37160.00	27.22	15.00	39.00	4.84	23.44	1.73	0.00	27.22	0.00	0.00	0.00	1.17	1365.00	12.07	0.03	0.00	0.00	0.00	0.00	0.00	0.00	
111.00	784.00	963.00	0.00	1343.00	38667.00	1.00	23.49	0.75	2700.00	38667.00	28.79	16.00	37.00	4.22	17.82	1.66	0.00	28.79	0.00	0.00	0.00	1.27	1343.00	11.88	0.03	0.00	0.00	0.00	0.00	0.00	0.00	
112.00	631.00	20.00	0.00	1326.00	33176.00	1.00	28.99	0.76	1936.00	33176.00	25.02	10.00	40.00	3.84	14.74	1.91	0.00	25.02	0.00	0.00	0.00	0.97	1326.00	11.72	0.00	0.00	0.00	0.00	0.00	0.00	0.00	
113.00	249.00	299.00	0.00	1227.00	29943.00	1.00	35.77	0.44	2499.00	29943.00	24.40	10.00	34.00	4.25	18.07	2.54	0.00	24.40	0.00	0.00	0.00	1.05	1227.00	10.85	0.00	0.00	0.00	0.00	0.00	0.00	0.00	
114.00	558.00	613.00	0.00	1197.00	31538.00	1.00	22.36	-2.20	2322.00	31538.00	26.35	15.00	33.00	2.98	8.87	1.63	0.00	26.35	0.00	0.00	0.00	1.19	1197.00	10.58	0.03	0.00	0.00	0.00	0.00	0.00	0.00	
115.00	669.00	270.00	0.00	1172.00	34709.00	1.00	27.32	-0.51	1794.00	34709.00	29.62	16.00	35.00	3.03	9.20	1.66	0.00	29.62	0.00	0.00	0.00	0.97	1172.00	10.36	0.02	0.00	0.00	0.00	0.00	0.00	0.00	
116.00	487.00	169.00	0.00	1170.00	30543.00	1.00	32.60	-2.35	1444.00	30543.00	26.11	16.00	34.00	3.38	11.40	1.56	0.00	26.11	0.00	0.00	0.00	0.88	1170.00	10.35	0.01	0.00	0.00	0.00	0.00	0.00	0.00	
117.00	892.00	653.00	0.00	1134.00	25982.00	1.00	18.13	-1.86	2556.00	25982.00	22.91	10.00	35.00	3.15	9.94	1.94	0.00	22.91	0.00	0.00	0.00	1.37	1134.00	10.03	0.02	0.00	0.00	0.00	0.00	0.00	0.00	
118.00	630.00	1066.00	0.00	1124.00	27939.00	1.00	19.93	-1.59	1541.00	27939.00	24.86	16.00	34.00	3.18	10.12	1.50	0.00	24.86	0.00	0.00	0.00	1.09	1124.00	9.94	0.00	0.00	0.00	0.00	0.00	0.00	0.00	
119.00	1345.00	392.00	0.00	1113.00	34510.00	1.00	21.39	-0.82	2295.00	34510.00	31.01	14.00	39.00	4.23	17.87	2.06	0.00	31.01	0.00	0.00	0.00	1.20	1113.00	9.84	0.04	0.00	0.00	0.00	0.00	0.00	0.00	
120.00	334.00	297.00	0.00	1080.00	27556.00	1.00	22.18	-2.28	1800.00	27556.00	25.51	16.00	34.00	3.66	13.43	2.19	0.00	25.51	0.00	0.00	0.00	1.08	1080.00	9.55	0.00	0.00	0.00	0.00	0.00	0.00	0.00	
121.00	560.00	12.00	0.00	1076.00	25684.00	1.00	24.68	-1.83	1392.00	25684.00	23.87	15.00	31.00	2.51	6.32	1.45	0.00	23.87	0.00	0.00	0.00	0.92	1076.00	9.51	0.00	0.00	0.00	0.00	0.00	0.00	0.00	
122.00	327.00	411.00	0.00	1072.00	24807.00	1.00	30.64	-0.63	1800.00	24807.00	23.14	16.00	33.00	2.71	7.33	1.53	0.00	23.14	0.00	0.00	0.00	0.87	1072.00	9.48	0.02	0.00	0.00	0.00	0.00	0.00	0.00	
123.00	644.00	274.00	0.00	1037.00	26969.00	1.00	25.02	-0.49	1702.00	26969.00	26.01	16.00	35.00	3.10	9.60	1.73	0.00	26.01	0.00	0.00	0.00	0.96	1037.00	9.17	0.03	0.00	0.00	0.00	0.00	0.00	0.00	
124.00	851.00	106.00	0.00	1035.00	24761.00	1.00	27.00	-2.33	1640.00	24761.00	23.92	16.00	33.00	2.89	8.37	1.57	0.00	23.92	0.00	0.00	0.00	0.88	1035.00	9.15	0.02	0.00	0.00	0.00	0.00	0.00	0.00	
125.00	662.00	116.00	0.00	1021.00	23359.00	1.00	26.48	-0.62	1763.00	23359.00	22.88	16.00	33.00	2.90	8.41	1.52	0.00	22.88	0.00	0.00	0.00	0.93	1021.00	9.03	0.03	0.00	0.00	0.00	0.00	0.00	0.00	
126.00	588.00	388.00	0.00	977.00	25696.00	1.00	23.79	-0.86	1722.00	25696.00	26.30	15.00	34.00	2.81	7.90	1.60	0.00	26.30	0.00	0.00	0.00	0.98	977.00	8.64	0.03	0.00	0.00	0.00	0.00	0.00	0.00	
127.00	704.00	26.00	0.00	938.00	23296.00	1.00	21.51	-1.80	1269.00	23296.00	24.84	16.00	35.00	3.82	14.62	2.11	0.00	24.84	0.00	0.00	0.00	0.90	938.00	8.29	0.00	0.00	0.00	0.00	0.00	0.00	0.00	
128.00	1767.00	356.00	0.00	899.00	26683.00	1.00	17.41	-1.09	1768.00	26683.00	29.68	16.00	40.00	4.95	24.48	3.09	0.00	29.68	0.00	0.00	0.00	1.18	899.00	7.95	0.00	0.00	0.00	0.00	0.00	0.00	0.00	
129.00	956.00	76.00	0.00	885.00	22171.00	1.00	24.24	-2.09	1419.00	22171.00	25.05	16.00	34.00	3.15	9.94	1.58	0.00	25.05	0.00	0.00	0.00	0.87	885.00	7.83	0.02	0.00	0.00	0.00	0.00	0.00	0.00	
130.00	663.00	612.00	0.00	837.00	19283.00	1.00	21.49	0.22	1100.00	19283.00	23.04	15.00	33.00	4.24	17.99	1.35	0.00	23.04	0.00	0.00	0.00	0.89	837.00	7.40	0.03	0.00	0.00	0.00	0.00	0.00	0.00	
131.00	681.00	106.00	0.00	796.00	20967.00	1.00	21.91	-0.64	1216.00	20967.00	26.34	15.00	34.00	2.74	7.50	1.65	0.00	26.34	0.00	0.00	0.00	0.88	796.00	7.04	0.03	0.00	0.00	0.00	0.00	0.00	0.00	
132.00	358.00	507.00	0.00	764.00	20091.00	1.00	15.87	0.76	1764.00	20091.00	26.30	16.00	33.00	2.88	8.27	1.80	0.00	26.30	0.00	0.00	0.00	1.20	764.00	6.76	0.05	0.00	0.00	0.00	0.00	0.00	0.00	
133.00	1083.00	552.00	0.00	741.00	22038.00	1.00	18.16	0.30	1175.00	22038.00	29.74	16.00	37.00	4.15	17.25	2.11	0.00	29.74	0.00	0.00	0.00	0.94	741.00	6.55	0.04	0.00	0.00	0.00	0.00	0.00	0.00	
134.00	344.00	394.00	0.00	710.00	17600.00	1.00	23.40	-0.82	992.00	17600.00	24.79	14.00	33.00	2.40	5.75	1.69	0.00	24.79	0.00	0.00	0.00	0.79	710.00	6.28	0.03	0.00	0.00	0.00	0.00	0.00	0.00	
135.00	492.00	116.00	0.00	597.00	13907.00	1.00	19.59	0.10	792.00	13907.00	23.29	16.00	34.00	3.67	13.47	1.62	0.00	23.29	0.00	0.00	0.00	0.80	597.00	5.28	0.03	0.00	0.00	0.00	0.00	0.00	0.00	
136.00	1640.00	460.00	0.00	569.00	17017.00	1.00	13.83	-1.06	1104.00	17017.00	29.91	16.00	45.00	5.29	27.99	2.97	0.00	29.91	0.00	0.00	0.00	1.05	569.00	5.03	0.02	0.00	0.00	0.00	0.00	0.00	0.00	
137.00	515.00	107.00	0.00	562.00	14470.00	1.00	19.28	-0.88	841.00	14470.00	25.75	16.00	34.00	3.04	9.22	2.08	0.00	25.75	0.00	0.00	0.00	0.79	562.00	4.97	0.04	0.00	0.00	0.00	0.00	0.00	0.00	
138.00	1096.00	354.00	0.00	562.00	16080.00	1.00	14.74	0.74	1155.00	16080.00	28.61	16.00	35.00	3.65	13.35	2.01	0.00	28.61	0.00	0.00	0.00	1.03	562.00	4.97	0.05	0.00	0.00	0.00	0.00	0.00	0.00	
139.00	866.00	401.00	0.00	534.00	15364.00	1.00	13.58	-2.34	1260.00	15364.00	28.77	16.00	34.00	3.29	10.81	2.39	0.00	28.77	0.00	0.00	0.00	1.08	534.00	4.72	0.05	0.00	0.00	0.00	0.00	0.00	0.00	
140.00	1295.00	588.00	0.00	511.00	16011.00	1.00	14.53	0.75	896.00	16011.00	31.33	14.00	37.00	4.67	21.78	2.48	0.00	31.33	0.00	0.00	0.00	0.95	511.00	4.52	0.05	0.00	0.00	0.00	0.00	0.00	0.00	
142.00	511.00	168.00	0.00	469.00	11617.00	1.00	17.01	0.03	660.00	11617.00	24.77	16.00	34.00	3.35	11.25	1.95	0.00	24.77	0.00	0.00	0.00	0.76	469.00	4.15	0.03	0.00	0.00	0.00	0.00	0.00	0.00	
143.00	1684.00	839.00	0.00	462.00	12924.00	1.00	11.06	-0.78	1089.00	12924.00	27.97	16.00	41.00	4.79	22.97	2.32	0.00	27.97	0.00	0.00	0.00	1.11	462.00	4.09	0.06	0.00	0.00	0.00	0.00	0.00	0.00	
144.00	975.00	84.00	0.00	437.00	11674.00	1.00	15.55	-2.21	728.00	11674.00	26.71	16.00	34.00	2.92	8.53	2.09	0.00	26.71	0.00	0.00	0.00	0.79	437.00	3.86	0.04	0.00	0.00	0.00	0.00	0.00	0.00	
145.00	253.00	864.00	0.00	413.00	11839.00	1.00	12.87	0.21	646.00	11839.00	28.67	16.00	36.00	4.87	23.70	3.79	0.00	28.67	0.00	0.00	0.00	0.87	413.00	3.65	0.00	0.00	0.00	0.00	0.00	0.00	0.00	
146.00	1402.00	889.00	0.00	410.00	8666.00	1.00	16.51	-1.14	1008.00	8666.00	21.14	12.00	32.00	4.17	17.43	3.80	0.00	21.14	0.00	0.00	0.00	1.04	410.00	3.63	0.00	0.00	0.00	0.00	0.00	0.00	0.00	
147.00	1335.00	472.00	0.00	360.00	9163.00	1.00	11.12	-2.33	841.00	9163.00	25.45	16.00	30.00	2.66	7.08	2.14	0.00	25.45	0.00	0.00	0.00	1.00	360.00	3.18	0.07	0.00	0.00	0.00	0.00	0.00	0.00	
148.00	979.00	519.00	0.00	351.00	8442.00	1.00	10.49	-2.28	780.00	8442.00	24.05	16.00	33.00	2.91	8.48	2.13	0.00	24.05	0.00	0.00	0.00	0.99	351.00	3.10	0.07	0.00	0.00	0.00	0.00	0.00	0.00	
149.00	462.00	237.00	0.00	302.00	7754.00	1.00	10.25	-2.35	625.00	7754.00	25.68	16.00	33.00	3.06	9.38	2.27	0.00	25.68	0.00	0.00	0.00	0.91	302.00	2.67	0.07	0.00	0.00	0.00	0.00	0.00	0.00	
150.00	1655.00	480.00	0.00	297.00	10380.00	1.00	14.42	-0.74	462.00	10380.00	34.95	12.00	45.00	7.22	52.08	4.29	0.00	34.95	0.00	0.00	0.00	0.72	297.00	2.63	0.03	0.00	0.00	0.00	0.00	0.00	0.00	
151.00	506.00	1030.00	0.00	288.00	8161.00	0.99	8.09	0.71	870.00	8161.00	28.34	16.00	36.00	4.16	17.33	2.97	0.00	28.34	0.00	0.00	0.00	1.09	288.00	2.55	0.09	0.00	0.00	0.00	0.00	0.00	0.00	
152.00	1381.00	314.00	0.00	259.00	7453.00	1.00	13.46	0.77	361.00	7453.00	28.78	16.00	35.00	4.02	16.14	2.84	0.00	28.78	0.00	0.00	0.00	0.64	259.00	2.29	0.06	0.00	0.00	0.00	0.00	0.00	0.00	
153.00	781.00	380.00	0.00	249.00	5535.00	0.99	8.24	-0.79	625.00	5535.00	22.23	14.00	27.00	2.71	7.35	1.48	0.00	22.23	0.00	0.00	0.00	0.97	249.00	2.20	0.14	0.00	0.00	0.00	0.00	0.00	0.00	
154.00	508.00	122.00	0.00	244.00	5309.00	1.00	14.51	0.02	340.00	5309.00	21.76	16.00	25.00	1.76	3.11	1.06	0.00	21.76	0.00	0.00	0.00	0.62	244.00	2.16	0.09	0.00	0.00	0.00	0.00	0.00	0.00	
155.00	104.00	450.00	0.00	223.00	5170.00	1.00	10.28	-0.84	360.00	5170.00	23.18	14.00	27.00	2.01	4.04	1.84	0.00	23.18	0.00	0.00	0.00	0.71	223.00	1.97	0.07	0.00	0.00	0.00	0.00	0.00	0.00	
156.00	274.00	1072.00	0.00	221.00	5304.00	0.99	6.87	-1.59	238.00	5304.00	24.00	14.00	32.00	3.95	15.60	2.56	0.00	24.00	0.00	0.00	0.00	0.83	221.00	1.95	0.00	0.00	0.00	0.00	0.00	0.00	0.00	
157.00	566.00	172.00	0.00	213.00	4466.00	0.99	9.71	-0.88	357.00	4466.00	20.97	16.00	27.00	1.68	2.83	1.53	0.00	20.97	0.00	0.00	0.00	0.75	213.00	1.88	0.08	0.00	0.00	0.00	0.00	0.00	0.00	
158.00	273.00	322.00	0.00	198.00	3846.00	1.00	10.34	-1.99	345.00	3846.00	19.42	11.00	26.00	3.06	9.39	2.22	0.00	19.42	0.00	0.00	0.00	0.71	198.00	1.75	0.03	0.00	0.00	0.00	0.00	0.00	0.00	
159.00	853.00	471.00	0.00	181.00	5433.00	0.99	6.66	-0.69	456.00	5433.00	30.02	16.00	39.00	4.09	16.74	3.66	0.00	30.02	0.00	0.00	0.00	0.92	181.00	1.60	0.09	0.00	0.00	0.00	0.00	0.00	0.00	
160.00	751.00	139.00	0.00	175.00	4898.00	0.99	6.52	-1.42	270.00	4898.00	27.99	16.00	35.00	4.98	24.82	3.76	0.00	27.99	0.00	0.00	0.00	0.78	175.00	1.55	0.08	0.00	0.00	0.00	0.00	0.00	0.00	
161.00	659.00	589.00	0.00	168.00	4613.00	1.00	10.04	-1.34	247.00	4613.00	27.46	17.00	33.00	2.69	7.23	1.80	0.00	27.46	0.00	0.00	0.00	0.58	168.00	1.49	0.08	0.00	0.00	0.00	0.00	0.00	0.00	
162.00	660.00	199.00	0.00	134.00	3803.00	0.99	6.96	0.05	184.00	3803.00	28.38	16.00	35.00	4.86	23.58	4.14	0.00	28.38	0.00	0.00	0.00	0.65	134.00	1.18	0.07	0.00	0.00	0.00	0.00	0.00	0.00	
163.00	771.00	307.00	0.00	122.00	2934.00	0.99	6.88	0.73	224.00	2934.00	24.05	16.00	29.00	3.10	9.63	2.91	0.00	24.05	0.00	0.00	0.00	0.67	122.00	1.08	0.10	0.00	0.00	0.00	0.00	0.00	0.00	
164.00	776.00	385.00	0.00	121.00	2687.00	0.99	5.86	-0.84	272.00	2687.00	22.21	16.00	28.00	2.67	7.15	2.26	0.00	22.21	0.00	0.00	0.00	0.77	121.00	1.07	0.11	0.00	0.00	0.00	0.00	0.00	0.00	
165.00	1732.00	762.00	0.00	108.00	2301.00	0.99	9.13	0.35	120.00	2301.00	21.31	16.00	28.00	3.39	11.47	2.79	0.00	21.31	0.00	0.00	0.00	0.48	108.00	0.95	0.00	0.00	0.00	0.00	0.00	0.00	0.00	
166.00	1153.00	333.00	0.00	93.00	2130.00	0.98	5.45	-0.81	210.00	2130.00	22.90	17.00	29.00	2.99	8.94	3.15	0.00	22.90	0.00	0.00	0.00	0.72	93.00	0.82	0.12	0.00	0.00	0.00	0.00	0.00	0.00	
167.00	607.00	464.00	0.00	91.00	2336.00	0.97	3.89	0.02	96.00	2336.00	25.67	16.00	37.00	5.70	32.53	7.73	0.00	25.67	0.00	0.00	0.00	0.70	91.00	0.80	0.00	0.00	0.00	0.00	0.00	0.00	0.00	
168.00	805.00	467.00	0.00	81.00	1702.00	0.98	5.69	-0.28	120.00	1702.00	21.01	13.00	28.00	4.42	19.54	2.92	0.00	21.01	0.00	0.00	0.00	0.57	81.00	0.72	0.07	0.00	0.00	0.00	0.00	0.00	0.00	
169.00	612.00	213.00	0.00	76.00	1733.00	0.98	5.75	-0.93	132.00	1733.00	22.80	16.00	27.00	2.66	7.09	2.94	0.00	22.80	0.00	0.00	0.00	0.58	76.00	0.67	0.12	0.00	0.00	0.00	0.00	0.00	0.00	
