ID	centroid_x	centroid_y	centroid_z	volume	integrated_intensity	eccentricity	elongation	orientation	bounding_box_volume	sum	mean	minimum	maximum	sigma	variance	surface_gradient	interior_gradient	surface_intensity	interior_intensity	intensity_ratio	convexity	radius_variation	surface_area	shape	shared_boundary	t_energy	t_entropy	inverse_diff_moment	inertia	cluster_shade	cluster_prominence	
1.00	749.00	659.00	0.00	29182.00	785701.00	1.00	128.78	0.77	65280.00	785701.00	26.92	7.00	44.00	4.49	20.18	1.47	0.00	26.92	0.00	0.00	0.00	2.70	29182.00	258.03	0.00	0.00	0.00	0.00	0.00	0.00	0.00	
2.00	486.00	449.00	0.00	22677.00	580280.00	1.00	152.48	0.60	56400.00	580280.00	25.59	5.00	37.00	3.75	14.04	1.53	0.00	25.59	0.00	0.00	0.00	2.37	22677.00	200.51	0.00	0.00	0.00	0.00	0.00	0.00	0.00	
3.00	898.00	678.00	0.00	19979.00	530228.00	1.00	120.38	0.41	34980.00	530228.00	26.54	3.00	42.00	5.04	25.42	1.37	0.00	26.54	0.00	0.00	0.00	2.01	19979.00	176.66	0.00	0.00	0.00	0.00	0.00	0.00	0.00	
4.00	950.00	467.00	0.00	14618.00	398045.00	1.00	114.45	-0.30	29784.00	398045.00	27.23	7.00	42.00	4.52	20.41	1.81	0.00	27.23	0.00	0.00	0.00	1.92	14618.00	129.26	0.00	0.00	0.00	0.00	0.00	0.00	0.00	
5.00	180.00	632.00	0.00	13724.00	318116.00	1.00	102.04	-2.06	33620.00	318116.00	23.18	7.00	33.00	3.03	9.18	1.24	0.00	23.18	0.00	0.00	0.00	2.09	13724.00	121.35	0.00	0.00	0.00	0.00	0.00	0.00	0.00	
6.00	921.00	838.00	0.00	13561.00	351637.00	1.00	90.75	-1.53	27840.00	351637.00	25.93	7.00	45.00	4.58	20.98	1.42	0.00	25.93	0.00	0.00	0.00	2.03	13561.00	119.91	0.01	0.00	0.00	0.00	0.00	0.00	0.00	
7.00	903.00	219.00	0.00	12444.00	314977.00	1.00	98.77	-1.19	31175.00	314977.00	25.31	3.00	38.00	3.73	13.90	1.53	0.00	25.31	0.00	0.00	0.00	1.88	12444.00	110.03	0.00	0.00	0.00	0.00	0.00	0.00	0.00	
8.00	998.00	973.00	0.00	8864.00	262715.00	1.00	64.12	-0.10	12768.00	262715.00	29.64	9.00	41.00	5.44	29.64	1.56	0.00	29.64	0.00	0.00	0.00	1.64	8864.00	78.38	0.00	0.00	0.00	0.00	0.00	0.00	0.00	
9.00	814.00	942.00	0.00	8861.00	236044.00	1.00	67.22	-1.75	13392.00	236044.00	26.64	13.00	41.00	4.48	20.10	1.55	0.00	26.64	0.00	0.00	0.00	1.64	8861.00	78.35	0.00	0.00	0.00	0.00	0.00	0.00	0.00	
10.00	148.00	1013.00	0.00	8526.00	220093.00	1.00	56.16	-2.27	18340.00	220093.00	25.81	0.00	85.00	6.01	36.10	2.40	0.00	25.81	0.00	0.00	0.00	2.02	8526.00	75.39	0.00	0.00	0.00	0.00	0.00	0.00	0.00	
11.00	541.00	249.00	0.00	8358.00	210528.00	1.00	84.22	-1.56	16328.00	210528.00	25.19	7.00	36.00	3.65	13.36	1.55	0.00	25.19	0.00	0.00	0.00	1.76	8358.00	73.90	0.00	0.00	0.00	0.00	0.00	0.00	0.00	
12.00	1208.00	569.00	0.00	8316.00	224926.00	1.00	56.44	-1.56	11970.00	224926.00	27.05	8.00	41.00	4.95	24.50	1.64	0.00	27.05	0.00	0.00	0.00	1.86	8316.00	73.53	0.00	0.00	0.00	0.00	0.00	0.00	0.00	
13.00	661.00	387.00	0.00	7250.00	194326.00	1.00	47.15	-1.62	9686.00	194326.00	26.80	10.00	37.00	3.60	12.99	1.60	0.00	26.80	0.00	0.00	0.00	1.82	7250.00	64.11	0.00	0.00	0.00	0.00	0.00	0.00	0.00	
14.00	1059.00	737.00	0.00	7139.00	195934.00	1.00	61.19	-1.77	10668.00	195934.00	27.45	10.00	43.00	4.92	24.20	1.64	0.00	27.45	0.00	0.00	0.00	1.52	7139.00	63.12	0.00	0.00	0.00	0.00	0.00	0.00	0.00	
15.00	1153.00	683.00	0.00	7038.00	188522.00	1.00	56.09	-1.01	12978.00	188522.00	26.79	7.00	41.00	5.01	25.11	1.69	0.00	26.79	0.00	0.00	0.00	1.73	7038.00	62.23	0.00	0.00	0.00	0.00	0.00	0.00	0.00	
16.00	839.00	363.00	0.00	7019.00	180029.00	1.00	68.45	-2.03	14178.00	180029.00	25.65	7.00	39.00	3.82	14.59	1.61	0.00	25.65	0.00	0.00	0.00	1.61	7019.00	62.06	0.01	0.00	0.00	0.00	0.00	0.00	0.00	
17.00	275.00	717.00	0.00	7018.00	181479.00	1.00	52.36	0.73	16900.00	181479.00	25.86	7.00	35.00	3.51	12.33	1.50	0.00	25.86	0.00	0.00	0.00	1.88	7018.00	62.05	0.00	0.00	0.00	0.00	0.00	0.00	0.00	
18.00	1474.00	637.00	0.00	6952.00	189118.00	1.00	53.69	-1.34	11120.00	189118.00	27.20	8.00	44.00	5.09	25.86	1.67	0.00	27.20	0.00	0.00	0.00	1.64	6952.00	61.47	0.00	0.00	0.00	0.00	0.00	0.00	0.00	
19.00	391.00	1022.00	0.00	6788.00	168637.00	1.00	65.76	-0.21	9718.00	168637.00	24.84	10.00	36.00	3.80	14.44	1.34	0.00	24.84	0.00	0.00	0.00	1.52	6788.00	60.02	0.00	0.00	0.00	0.00	0.00	0.00	0.00	
20.00	41.00	561.00	0.00	6647.00	154550.00	1.00	71.32	-0.39	10545.00	154550.00	23.25	4.00	38.00	3.21	10.28	1.48	0.00	23.25	0.00	0.00	0.00	1.40	6647.00	58.77	0.00	0.00	0.00	0.00	0.00	0.00	0.00	
21.00	1636.00	596.00	0.00	6307.00	188235.00	1.00	58.38	0.24	10375.00	188235.00	29.85	6.00	45.00	6.06	36.68	1.90	0.00	29.85	0.00	0.00	0.00	1.48	6307.00	55.77	0.00	0.00	0.00	0.00	0.00	0.00	0.00	
22.00	991.00	307.00	0.00	5808.00	168569.00	1.00	54.07	-1.48	8418.00	168569.00	29.02	10.00	44.00	5.36	28.69	1.67	0.00	29.02	0.00	0.00	0.00	1.47	5808.00	51.36	0.00	0.00	0.00	0.00	0.00	0.00	0.00	
23.00	585.00	715.00	0.00	5005.00	130348.00	1.00	42.24	-2.35	11448.00	130348.00	26.04	10.00	35.00	3.38	11.42	1.45	0.00	26.04	0.00	0.00	0.00	1.87	5005.00	44.26	0.01	0.00	0.00	0.00	0.00	0.00	0.00	
24.00	1268.00	453.00	0.00	4942.00	133521.00	1.00	48.29	-0.48	8586.00	133521.00	27.02	4.00	41.00	4.84	23.44	1.79	0.00	27.02	0.00	0.00	0.00	1.54	4942.00	43.70	0.00	0.00	0.00	0.00	0.00	0.00	0.00	
25.00	1242.00	285.00	0.00	4813.00	132214.00	1.00	50.58	0.10	7260.00	132214.00	27.47	10.00	39.00	4.67	21.79	1.92	0.00	27.47	0.00	0.00	0.00	1.35	4813.00	42.56	0.00	0.00	0.00	0.00	0.00	0.00	0.00	
26.00	1427.00	351.00	0.00	4746.00	134449.00	1.00	42.06	-1.23	9000.00	134449.00	28.33	9.00	40.00	5.05	25.53	2.01	0.00	28.33	0.00	0.00	0.00	1.60	4746.00	41.97	0.00	0.00	0.00	0.00	0.00	0.00	0.00	
27.00	574.00	1040.00	0.00	4696.00	128412.00	1.00	63.67	-2.23	6156.00	128412.00	27.34	9.00	39.00	4.22	17.85	1.33	0.00	27.34	0.00	0.00	0.00	1.21	4696.00	41.52	0.00	0.00	0.00	0.00	0.00	0.00	0.00	
28.00	1605.00	348.00	0.00	4652.00	133357.00	1.00	41.37	-0.95	9504.00	133357.00	28.67	11.00	42.00	5.41	29.31	1.93	0.00	28.67	0.00	0.00	0.00	1.72	4652.00	41.13	0.00	0.00	0.00	0.00	0.00	0.00	0.00	
29.00	1464.00	856.00	0.00	4630.00	136384.00	1.00	61.18	-0.88	6560.00	136384.00	29.46	13.00	46.00	6.72	45.18	1.81	0.00	29.46	0.00	0.00	0.00	1.20	4630.00	40.94	0.00	0.00	0.00	0.00	0.00	0.00	0.00	
30.00	1674.00	924.00	0.00	4608.00	141338.00	1.00	62.08	-0.69	6400.00	141338.00	30.67	15.00	48.00	6.98	48.75	1.84	0.00	30.67	0.00	0.00	0.00	1.19	4608.00	40.74	0.00	0.00	0.00	0.00	0.00	0.00	0.00	
31.00	1569.00	837.00	0.00	4495.00	130341.00	1.00	59.16	-0.82	6400.00	130341.00	29.00	14.00	47.00	6.18	38.17	1.78	0.00	29.00	0.00	0.00	0.00	1.20	4495.00	39.75	0.00	0.00	0.00	0.00	0.00	0.00	0.00	
32.00	297.00	985.00	0.00	4476.00	117778.00	1.00	57.97	0.46	5950.00	117778.00	26.31	13.00	36.00	3.45	11.90	1.54	0.00	26.31	0.00	0.00	0.00	1.20	4476.00	39.58	0.00	0.00	0.00	0.00	0.00	0.00	0.00	
33.00	1149.00	479.00	0.00	4411.00	110383.00	1.00	45.67	-1.96	8378.00	110383.00	25.02	12.00	40.00	4.27	18.20	1.69	0.00	25.02	0.00	0.00	0.00	1.61	4411.00	39.00	0.01	0.00	0.00	0.00	0.00	0.00	0.00	
34.00	713.00	883.00	0.00	4323.00	118463.00	1.00	61.56	0.46	5688.00	118463.00	27.40	13.00	38.00	4.39	19.31	1.58	0.00	27.40	0.00	0.00	0.00	1.16	4323.00	38.22	0.00	0.00	0.00	0.00	0.00	0.00	0.00	
35.00	1188.00	776.00	0.00	4296.00	122180.00	1.00	62.49	-0.78	5329.00	122180.00	28.44	12.00	42.00	5.33	28.38	1.74	0.00	28.44	0.00	0.00	0.00	1.16	4296.00	37.99	0.00	0.00	0.00	0.00	0.00	0.00	0.00	
36.00	331.00	327.00	0.00	4254.00	108693.00	1.00	47.09	0.39	6510.00	108693.00	25.55	9.00	33.00	3.28	10.78	1.47	0.00	25.55	0.00	0.00	0.00	1.38	4254.00	37.61	0.00	0.00	0.00	0.00	0.00	0.00	0.00	
37.00	331.00	844.00	0.00	4157.00	108617.00	1.00	55.00	-2.19	5772.00	108617.00	26.13	9.00	36.00	3.31	10.98	1.27	0.00	26.13	0.00	0.00	0.00	1.20	4157.00	36.76	0.00	0.00	0.00	0.00	0.00	0.00	0.00	
38.00	803.00	303.00	0.00	4132.00	103116.00	1.00	47.78	0.65	7055.00	103116.00	24.96	13.00	35.00	3.81	14.54	1.58	0.00	24.96	0.00	0.00	0.00	1.38	4132.00	36.54	0.00	0.00	0.00	0.00	0.00	0.00	0.00	
39.00	1694.00	819.00	0.00	4123.00	125733.00	1.00	56.04	-0.69	5400.00	125733.00	30.50	11.00	46.00	6.65	44.24	1.86	0.00	30.50	0.00	0.00	0.00	1.18	4123.00	36.46	0.00	0.00	0.00	0.00	0.00	0.00	0.00	
40.00	636.00	575.00	0.00	4054.00	95804.00	1.00	52.16	-1.05	6270.00	95804.00	23.63	8.00	33.00	3.45	11.93	1.37	0.00	23.63	0.00	0.00	0.00	1.36	4054.00	35.85	0.01	0.00	0.00	0.00	0.00	0.00	0.00	
41.00	1113.00	824.00	0.00	3991.00	114266.00	1.00	59.87	-0.34	5325.00	114266.00	28.63	12.00	42.00	5.50	30.28	1.66	0.00	28.63	0.00	0.00	0.00	1.14	3991.00	35.29	0.00	0.00	0.00	0.00	0.00	0.00	0.00	
42.00	1594.00	740.00	0.00	3946.00	114343.00	1.00	54.16	-0.90	5390.00	114343.00	28.98	13.00	45.00	6.45	41.59	1.77	0.00	28.98	0.00	0.00	0.00	1.18	3946.00	34.89	0.00	0.00	0.00	0.00	0.00	0.00	0.00	
43.00	972.00	116.00	0.00	3803.00	100498.00	1.00	46.65	-0.22	5760.00	100498.00	26.43	9.00	34.00	3.69	13.60	1.65	0.00	26.43	0.00	0.00	0.00	1.30	3803.00	33.63	0.00	0.00	0.00	0.00	0.00	0.00	0.00	
44.00	1745.00	697.00	0.00	3697.00	110471.00	1.00	50.82	-0.77	5110.00	110471.00	29.88	9.00	47.00	6.62	43.79	1.89	0.00	29.88	0.00	0.00	0.00	1.19	3697.00	32.69	0.00	0.00	0.00	0.00	0.00	0.00	0.00	
45.00	1481.00	770.00	0.00	3638.00	109266.00	1.00	51.97	-0.74	5041.00	109266.00	30.03	9.00	45.00	6.34	40.22	1.86	0.00	30.03	0.00	0.00	0.00	1.16	3638.00	32.17	0.00	0.00	0.00	0.00	0.00	0.00	0.00	
46.00	1634.00	474.00	0.00	3435.00	92136.00	1.00	53.66	-1.52	4745.00	92136.00	26.82	14.00	42.00	6.19	38.33	1.69	0.00	26.82	0.00	0.00	0.00	1.10	3435.00	30.37	0.00	0.00	0.00	0.00	0.00	0.00	0.00	
47.00	1374.00	770.00	0.00	3429.00	95933.00	1.00	55.17	-2.23	5400.00	95933.00	27.98	13.00	44.00	4.67	21.82	1.46	0.00	27.98	0.00	0.00	0.00	1.09	3429.00	30.32	0.01	0.00	0.00	0.00	0.00	0.00	0.00	
48.00	495.00	1004.00	0.00	3173.00	88798.00	1.00	46.02	-0.21	5292.00	88798.00	27.99	15.00	37.00	4.36	19.01	1.58	0.00	27.99	0.00	0.00	0.00	1.19	3173.00	28.06	0.01	0.00	0.00	0.00	0.00	0.00	0.00	
49.00	645.00	103.00	0.00	3143.00	77861.00	1.00	36.98	-1.41	5252.00	77861.00	24.77	9.00	38.00	3.58	12.84	1.81	0.00	24.77	0.00	0.00	0.00	1.29	3143.00	27.79	0.00	0.00	0.00	0.00	0.00	0.00	0.00	
50.00	763.00	481.00	0.00	3051.00	84381.00	1.00	52.64	0.75	3782.00	84381.00	27.66	11.00	37.00	4.21	17.68	1.60	0.00	27.66	0.00	0.00	0.00	1.07	3051.00	26.98	0.00	0.00	0.00	0.00	0.00	0.00	0.00	
51.00	58.00	786.00	0.00	2863.00	66924.00	1.00	41.38	0.68	4221.00	66924.00	23.38	12.00	32.00	2.38	5.67	1.37	0.00	23.38	0.00	0.00	0.00	1.18	2863.00	25.32	0.00	0.00	0.00	0.00	0.00	0.00	0.00	
52.00	634.00	459.00	0.00	2822.00	63864.00	1.00	43.25	-1.91	3975.00	63864.00	22.63	9.00	35.00	2.95	8.67	1.59	0.00	22.63	0.00	0.00	0.00	1.16	2822.00	24.95	0.00	0.00	0.00	0.00	0.00	0.00	0.00	
53.00	1541.00	485.00	0.00	2614.00	73384.00	1.00	46.09	-0.57	3538.00	73384.00	28.07	10.00	38.00	4.87	23.71	1.66	0.00	28.07	0.00	0.00	0.00	1.06	2614.00	23.11	0.01	0.00	0.00	0.00	0.00	0.00	0.00	
54.00	1084.00	424.00	0.00	2579.00	68484.00	1.00	48.14	-1.71	3416.00	68484.00	26.55	13.00	39.00	4.51	20.31	1.65	0.00	26.55	0.00	0.00	0.00	1.03	2579.00	22.80	0.00	0.00	0.00	0.00	0.00	0.00	0.00	
55.00	700.00	462.00	0.00	2503.00	71210.00	1.00	42.18	-1.62	3366.00	71210.00	28.45	13.00	37.00	3.81	14.53	1.80	0.00	28.45	0.00	0.00	0.00	1.03	2503.00	22.13	0.00	0.00	0.00	0.00	0.00	0.00	0.00	
56.00	572.00	618.00	0.00	2503.00	61023.00	1.00	40.33	-1.93	3752.00	61023.00	24.38	14.00	33.00	2.91	8.48	1.50	0.00	24.38	0.00	0.00	0.00	1.12	2503.00	22.13	0.01	0.00	0.00	0.00	0.00	0.00	0.00	
57.00	1335.00	331.00	0.00	2441.00	68133.00	1.00	44.53	-1.20	3120.00	68133.00	27.91	15.00	39.00	4.79	22.96	1.94	0.00	27.91	0.00	0.00	0.00	1.02	2441.00	21.58	0.00	0.00	0.00	0.00	0.00	0.00	0.00	
58.00	398.00	376.00	0.00	2435.00	55521.00	1.00	44.36	-2.00	3120.00	55521.00	22.80	13.00	31.00	3.07	9.42	1.35	0.00	22.80	0.00	0.00	0.00	1.02	2435.00	21.53	0.00	0.00	0.00	0.00	0.00	0.00	0.00	
59.00	1021.00	191.00	0.00	2429.00	69395.00	1.00	42.14	-2.06	3752.00	69395.00	28.57	12.00	37.00	3.81	14.53	1.67	0.00	28.57	0.00	0.00	0.00	1.04	2429.00	21.48	0.01	0.00	0.00	0.00	0.00	0.00	0.00	
60.00	398.00	310.00	0.00	2219.00	49791.00	1.00	42.27	-2.10	2907.00	49791.00	22.44	12.00	30.00	3.17	10.04	1.50	0.00	22.44	0.00	0.00	0.00	1.00	2219.00	19.62	0.00	0.00	0.00	0.00	0.00	0.00	0.00	
61.00	540.00	554.00	0.00	2193.00	54454.00	1.00	37.11	-2.30	3717.00	54454.00	24.83	15.00	33.00	2.93	8.56	1.43	0.00	24.83	0.00	0.00	0.00	1.13	2193.00	19.39	0.02	0.00	0.00	0.00	0.00	0.00	0.00	
62.00	1175.00	327.00	0.00	2165.00	53062.00	1.00	41.46	-1.31	3000.00	53062.00	24.51	15.00	34.00	3.60	12.97	1.70	0.00	24.51	0.00	0.00	0.00	0.98	2165.00	19.14	0.01	0.00	0.00	0.00	0.00	0.00	0.00	
63.00	1069.00	560.00	0.00	2140.00	58828.00	1.00	38.20	0.28	3380.00	58828.00	27.49	15.00	36.00	4.06	16.49	1.69	0.00	27.49	0.00	0.00	0.00	1.08	2140.00	18.92	0.02	0.00	0.00	0.00	0.00	0.00	0.00	
64.00	1329.00	419.00	0.00	2138.00	57413.00	1.00	37.43	-0.97	3648.00	57413.00	26.85	13.00	38.00	4.56	20.80	1.73	0.00	26.85	0.00	0.00	0.00	1.09	2138.00	18.90	0.02	0.00	0.00	0.00	0.00	0.00	0.00	
65.00	1158.00	410.00	0.00	2103.00	58484.00	1.00	37.32	-1.32	2745.00	58484.00	27.81	13.00	39.00	4.23	17.93	1.88	0.00	27.81	0.00	0.00	0.00	1.01	2103.00	18.60	0.00	0.00	0.00	0.00	0.00	0.00	0.00	
66.00	495.00	311.00	0.00	2077.00	50173.00	1.00	28.46	-1.26	4455.00	50173.00	24.16	11.00	33.00	3.20	10.24	1.78	0.00	24.16	0.00	0.00	0.00	1.52	2077.00	18.37	0.03	0.00	0.00	0.00	0.00	0.00	0.00	
67.00	1174.00	245.00	0.00	2027.00	48402.00	1.00	40.11	-1.33	2688.00	48402.00	23.88	14.00	33.00	3.32	11.04	1.81	0.00	23.88	0.00	0.00	0.00	0.97	2027.00	17.92	0.00	0.00	0.00	0.00	0.00	0.00	0.00	
68.00	780.00	533.00	0.00	2021.00	46609.00	1.00	37.34	-1.60	3008.00	46609.00	23.06	12.00	31.00	3.21	10.30	1.71	0.00	23.06	0.00	0.00	0.00	1.03	2021.00	17.87	0.00	0.00	0.00	0.00	0.00	0.00	0.00	
69.00	252.00	291.00	0.00	1993.00	50084.00	1.00	39.88	-1.98	2964.00	50084.00	25.13	11.00	34.00	3.36	11.29	1.76	0.00	25.13	0.00	0.00	0.00	1.00	1993.00	17.62	0.00	0.00	0.00	0.00	0.00	0.00	0.00	
70.00	71.00	467.00	0.00	1953.00	46093.00	1.00	38.77	-2.17	3021.00	46093.00	23.60	15.00	30.00	2.30	5.31	1.40	0.00	23.60	0.00	0.00	0.00	0.99	1953.00	17.27	0.01	0.00	0.00	0.00	0.00	0.00	0.00	
71.00	1007.00	378.00	0.00	1948.00	55644.00	1.00	37.26	-0.82	3025.00	55644.00	28.56	15.00	38.00	4.21	17.75	1.90	0.00	28.56	0.00	0.00	0.00	1.02	1948.00	17.22	0.02	0.00	0.00	0.00	0.00	0.00	0.00	
72.00	273.00	199.00	0.00	1923.00	49118.00	1.00	36.79	-2.00	2576.00	49118.00	25.54	14.00	35.00	3.40	11.53	1.72	0.00	25.54	0.00	0.00	0.00	0.99	1923.00	17.00	0.00	0.00	0.00	0.00	0.00	0.00	0.00	
73.00	611.00	529.00	0.00	1905.00	42954.00	1.00	34.76	-1.66	2340.00	42954.00	22.55	14.00	28.00	2.21	4.90	1.24	0.00	22.55	0.00	0.00	0.00	1.04	1905.00	16.84	0.01	0.00	0.00	0.00	0.00	0.00	0.00	
74.00	1249.00	142.00	0.00	1891.00	54042.00	1.00	38.14	-1.02	2438.00	54042.00	28.58	13.00	38.00	4.51	20.35	2.00	0.00	28.58	0.00	0.00	0.00	0.97	1891.00	16.72	0.00	0.00	0.00	0.00	0.00	0.00	0.00	
75.00	1030.00	819.00	0.00	1882.00	57433.00	1.00	30.77	-0.70	3132.00	57433.00	30.52	15.00	44.00	4.86	23.60	1.72	0.00	30.52	0.00	0.00	0.00	1.18	1882.00	16.64	0.02	0.00	0.00	0.00	0.00	0.00	0.00	
76.00	430.00	424.00	0.00	1825.00	44703.00	1.00	33.30	0.68	3248.00	44703.00	24.49	12.00	33.00	3.38	11.40	1.51	0.00	24.49	0.00	0.00	0.00	1.12	1825.00	16.14	0.02	0.00	0.00	0.00	0.00	0.00	0.00	
77.00	645.00	289.00	0.00	1757.00	48097.00	1.00	36.52	-0.65	2704.00	48097.00	27.37	15.00	35.00	3.76	14.11	1.72	0.00	27.37	0.00	0.00	0.00	1.02	1757.00	15.54	0.02	0.00	0.00	0.00	0.00	0.00	0.00	
78.00	433.00	185.00	0.00	1732.00	42763.00	1.00	34.46	-2.09	2385.00	42763.00	24.69	15.00	33.00	2.94	8.65	1.74	0.00	24.69	0.00	0.00	0.00	0.98	1732.00	15.31	0.00	0.00	0.00	0.00	0.00	0.00	0.00	
79.00	1105.00	244.00	0.00	1725.00	46094.00	1.00	36.08	-1.88	2193.00	46094.00	26.72	15.00	36.00	3.87	15.01	1.86	0.00	26.72	0.00	0.00	0.00	0.96	1725.00	15.25	0.01	0.00	0.00	0.00	0.00	0.00	0.00	
80.00	1117.00	107.00	0.00	1712.00	39828.00	1.00	35.21	-1.82	2226.00	39828.00	23.26	13.00	33.00	3.65	13.34	1.57	0.00	23.26	0.00	0.00	0.00	0.94	1712.00	15.14	0.00	0.00	0.00	0.00	0.00	0.00	0.00	
81.00	930.00	144.00	0.00	1640.00	39555.00	1.00	35.03	-1.22	2142.00	39555.00	24.12	12.00	32.00	2.73	7.43	1.53	0.00	24.12	0.00	0.00	0.00	0.95	1640.00	14.50	0.01	0.00	0.00	0.00	0.00	0.00	0.00	
82.00	778.00	205.00	0.00	1638.00	43499.00	1.00	31.83	-1.88	2204.00	43499.00	26.56	8.00	34.00	3.90	15.22	2.01	0.00	26.56	0.00	0.00	0.00	0.98	1638.00	14.48	0.00	0.00	0.00	0.00	0.00	0.00	0.00	
83.00	1215.00	205.00	0.00	1633.00	45046.00	1.00	30.71	-0.86	2652.00	45046.00	27.58	12.00	35.00	4.10	16.81	1.85	0.00	27.58	0.00	0.00	0.00	1.07	1633.00	14.44	0.02	0.00	0.00	0.00	0.00	0.00	0.00	
84.00	895.00	26.00	0.00	1594.00	42193.00	1.00	32.85	-1.14	2132.00	42193.00	26.47	15.00	35.00	2.96	8.78	1.78	0.00	26.47	0.00	0.00	0.00	0.95	1594.00	14.09	0.00	0.00	0.00	0.00	0.00	0.00	0.00	
85.00	1442.00	421.00	0.00	1575.00	42774.00	1.00	35.41	-1.83	2565.00	42774.00	27.16	15.00	38.00	4.50	20.29	1.81	0.00	27.16	0.00	0.00	0.00	0.93	1575.00	13.93	0.02	0.00	0.00	0.00	0.00	0.00	0.00	
86.00	465.00	1020.00	0.00	1561.00	36187.00	1.00	26.73	-0.29	2584.00	36187.00	23.18	13.00	31.00	2.63	6.90	1.49	0.00	23.18	0.00	0.00	0.00	1.11	1561.00	13.80	0.03	0.00	0.00	0.00	0.00	0.00	0.00	
87.00	1107.00	346.00	0.00	1559.00	41936.00	1.00	32.73	0.32	2365.00	41936.00	26.90	15.00	35.00	4.15	17.24	1.89	0.00	26.90	0.00	0.00	0.00	1.02	1559.00	13.78	0.02	0.00	0.00	0.00	0.00	0.00	0.00	
88.00	351.00	405.00	0.00	1553.00	34074.00	1.00	33.53	-0.90	2754.00	34074.00	21.94	15.00	28.00	2.29	5.24	1.47	0.00	21.94	0.00	0.00	0.00	0.99	1553.00	13.73	0.02	0.00	0.00	0.00	0.00	0.00	0.00	
89.00	737.00	59.00	0.00	1536.00	39288.00	1.00	32.41	-1.76	1989.00	39288.00	25.58	15.00	34.00	3.21	10.33	1.85	0.00	25.58	0.00	0.00	0.00	0.92	1536.00	13.58	0.00	0.00	0.00	0.00	0.00	0.00	0.00	
90.00	1241.00	94.00	0.00	1512.00	41135.00	1.00	30.73	-1.33	2014.00	41135.00	27.21	15.00	35.00	4.34	18.80	2.16	0.00	27.21	0.00	0.00	0.00	0.95	1512.00	13.37	0.00	0.00	0.00	0.00	0.00	0.00	0.00	
91.00	493.00	173.00	0.00	1493.00	35228.00	1.00	30.22	-2.17	2385.00	35228.00	23.60	13.00	31.00	3.13	9.80	1.47	0.00	23.60	0.00	0.00	0.00	1.01	1493.00	13.20	0.02	0.00	0.00	0.00	0.00	0.00	0.00	
92.00	828.00	488.00	0.00	1415.00	37261.00	1.00	32.39	-1.68	2408.00	37261.00	26.33	15.00	37.00	4.23	17.87	1.44	0.00	26.33	0.00	0.00	0.00	0.90	1415.00	12.51	0.03	0.00	0.00	0.00	0.00	0.00	0.00	
93.00	634.00	218.00	0.00	1398.00	36168.00	1.00	34.12	0.11	1786.00	36168.00	25.87	15.00	37.00	3.37	11.34	1.66	0.00	25.87	0.00	0.00	0.00	0.94	1398.00	12.36	0.01	0.00	0.00	0.00	0.00	0.00	0.00	
94.00	1030.00	71.00	0.00	1373.00	34144.00	1.00	30.04	-1.14	2067.00	34144.00	24.87	13.00	34.00	2.93	8.61	1.68	0.00	24.87	0.00	0.00	0.00	0.94	1373.00	12.14	0.01	0.00	0.00	0.00	0.00	0.00	0.00	
95.00	1147.00	23.00	0.00	1370.00	33233.00	1.00	29.96	-1.46	1872.00	33233.00	24.26	13.00	35.00	4.21	17.70	1.99	0.00	24.26	0.00	0.00	0.00	0.90	1370.00	12.11	0.00	0.00	0.00	0.00	0.00	0.00	0.00	
96.00	1201.00	483.00	0.00	1350.00	36995.00	1.00	26.65	-2.29	2300.00	36995.00	27.40	10.00	34.00	3.69	13.64	1.69	0.00	27.40	0.00	0.00	0.00	1.09	1350.00	11.94	0.03	0.00	0.00	0.00	0.00	0.00	0.00	
97.00	189.00	1064.00	0.00	1347.00	30041.00	1.00	24.12	-1.58	1848.00	30041.00	22.30	12.00	31.00	2.84	8.07	1.42	0.00	22.30	0.00	0.00	0.00	1.07	1347.00	11.91	0.00	0.00	0.00	0.00	0.00	0.00	0.00	
98.00	793.00	1064.00	0.00	1314.00	33450.00	1.00	24.52	-1.56	1809.00	33450.00	25.46	10.00	40.00	4.64	21.49	1.76	0.00	25.46	0.00	0.00	0.00	1.06	1314.00	11.62	0.00	0.00	0.00	0.00	0.00	0.00	0.00	
99.00	1095.00	12.00	0.00	1297.00	33305.00	1.00	27.72	-1.55	1530.00	33305.00	25.68	13.00	34.00	2.95	8.73	1.44	0.00	25.68	0.00	0.00	0.00	0.95	1297.00	11.47	0.00	0.00	0.00	0.00	0.00	0.00	0.00	
100.00	1071.00	167.00	0.00	1292.00	29215.00	1.00	28.36	-0.30	1924.00	29215.00	22.61	14.00	29.00	2.65	7.01	1.52	0.00	22.61	0.00	0.00	0.00	0.96	1292.00	11.42	0.02	0.00	0.00	0.00	0.00	0.00	0.00	
101.00	432.00	101.00	0.00	1290.00	33827.00	1.00	25.90	-1.69	1736.00	33827.00	26.22	15.00	37.00	3.46	11.96	1.93	0.00	26.22	0.00	0.00	0.00	0.94	1290.00	11.41	0.00	0.00	0.00	0.00	0.00	0.00	0.00	
102.00	708.00	1065.00	0.00	1288.00	31662.00	1.00	23.37	-1.57	1775.00	31662.00	24.58	14.00	34.00	4.02	16.17	1.66	0.00	24.58	0.00	0.00	0.00	1.10	1288.00	11.39	0.00	0.00	0.00	0.00	0.00	0.00	0.00	
103.00	1161.00	158.00	0.00	1176.00	33062.00	1.00	29.25	0.69	1849.00	33062.00	28.11	15.00	39.00	3.59	12.91	1.88	0.00	28.11	0.00	0.00	0.00	0.91	1176.00	10.40	0.02	0.00	0.00	0.00	0.00	0.00	0.00	
104.00	1295.00	565.00	0.00	1173.00	35593.00	1.00	23.47	-0.31	1824.00	35593.00	30.34	15.00	40.00	4.39	19.26	1.99	0.00	30.34	0.00	0.00	0.00	1.02	1173.00	10.37	0.03	0.00	0.00	0.00	0.00	0.00	0.00	
105.00	603.00	319.00	0.00	1151.00	27588.00	1.00	23.46	-1.82	1710.00	27588.00	23.97	15.00	33.00	2.81	7.90	1.60	0.00	23.97	0.00	0.00	0.00	0.99	1151.00	10.18	0.03	0.00	0.00	0.00	0.00	0.00	0.00	
106.00	1771.00	778.00	0.00	1124.00	39197.00	1.00	20.62	-0.64	2280.00	39197.00	34.87	15.00	48.00	6.77	45.87	2.95	0.00	34.87	0.00	0.00	0.00	1.22	1124.00	9.94	0.02	0.00	0.00	0.00	0.00	0.00	0.00	
107.00	840.00	103.00	0.00	1097.00	25838.00	1.00	25.72	-2.19	1786.00	25838.00	23.55	14.00	35.00	3.57	12.72	1.61	0.00	23.55	0.00	0.00	0.00	0.96	1097.00	9.70	0.02	0.00	0.00	0.00	0.00	0.00	0.00	
108.00	702.00	12.00	0.00	1071.00	24575.00	1.00	24.87	-1.86	1344.00	24575.00	22.95	12.00	33.00	2.45	6.01	1.32	0.00	22.95	0.00	0.00	0.00	0.94	1071.00	9.47	0.00	0.00	0.00	0.00	0.00	0.00	0.00	
109.00	416.00	234.00	0.00	1067.00	26875.00	1.00	28.82	-1.32	1739.00	26875.00	25.19	15.00	33.00	2.73	7.47	1.60	0.00	25.19	0.00	0.00	0.00	0.85	1067.00	9.43	0.02	0.00	0.00	0.00	0.00	0.00	0.00	
110.00	1326.00	248.00	0.00	1038.00	26044.00	1.00	25.63	-1.89	1575.00	26044.00	25.09	14.00	34.00	4.28	18.30	1.73	0.00	25.09	0.00	0.00	0.00	0.92	1038.00	9.18	0.03	0.00	0.00	0.00	0.00	0.00	0.00	
111.00	1291.00	177.00	0.00	1015.00	25351.00	1.00	27.84	-0.16	1376.00	25351.00	24.98	15.00	33.00	3.08	9.50	1.74	0.00	24.98	0.00	0.00	0.00	0.89	1015.00	8.97	0.02	0.00	0.00	0.00	0.00	0.00	0.00	
112.00	1043.00	552.00	0.00	975.00	21233.00	1.00	20.79	0.29	1566.00	21233.00	21.78	13.00	30.00	2.78	7.75	1.74	0.00	21.78	0.00	0.00	0.00	0.99	975.00	8.62	0.03	0.00	0.00	0.00	0.00	0.00	0.00	
113.00	1847.00	381.00	0.00	930.00	27360.00	1.00	19.00	-0.89	2340.00	27360.00	29.42	12.00	41.00	6.11	37.34	3.36	0.00	29.42	0.00	0.00	0.00	1.29	930.00	8.22	0.00	0.00	0.00	0.00	0.00	0.00	0.00	
114.00	1083.00	341.00	0.00	916.00	20275.00	1.00	21.74	0.29	1450.00	20275.00	22.13	14.00	31.00	3.20	10.23	1.88	0.00	22.13	0.00	0.00	0.00	0.93	916.00	8.10	0.03	0.00	0.00	0.00	0.00	0.00	0.00	
115.00	1344.00	266.00	0.00	884.00	25407.00	1.00	22.40	-2.01	1419.00	25407.00	28.74	15.00	36.00	4.19	17.53	1.92	0.00	28.74	0.00	0.00	0.00	0.92	884.00	7.82	0.03	0.00	0.00	0.00	0.00	0.00	0.00	
116.00	1093.00	163.00	0.00	876.00	22130.00	1.00	20.94	-0.28	1450.00	22130.00	25.26	15.00	31.00	2.61	6.81	1.76	0.00	25.26	0.00	0.00	0.00	0.97	876.00	7.75	0.03	0.00	0.00	0.00	0.00	0.00	0.00	
117.00	1315.00	178.00	0.00	864.00	26187.00	1.00	24.57	-0.12	1176.00	26187.00	30.31	16.00	36.00	3.13	9.82	1.96	0.00	30.31	0.00	0.00	0.00	0.86	864.00	7.64	0.02	0.00	0.00	0.00	0.00	0.00	0.00	
118.00	480.00	101.00	0.00	813.00	20106.00	1.00	24.42	-0.10	1170.00	20106.00	24.73	15.00	33.00	3.12	9.74	1.81	0.00	24.73	0.00	0.00	0.00	0.81	813.00	7.19	0.03	0.00	0.00	0.00	0.00	0.00	0.00	
119.00	581.00	644.00	0.00	813.00	17584.00	1.00	17.12	-1.93	1512.00	17584.00	21.63	15.00	31.00	2.60	6.78	1.80	0.00	21.63	0.00	0.00	0.00	1.09	813.00	7.19	0.04	0.00	0.00	0.00	0.00	0.00	0.00	
120.00	334.00	422.00	0.00	806.00	15706.00	1.00	20.26	-0.87	1368.00	15706.00	19.49	13.00	25.00	2.22	4.92	1.31	0.00	19.49	0.00	0.00	0.00	0.95	806.00	7.13	0.04	0.00	0.00	0.00	0.00	0.00	0.00	
121.00	1141.00	146.00	0.00	777.00	19688.00	1.00	20.90	0.62	1404.00	19688.00	25.34	13.00	35.00	3.60	12.93	2.14	0.00	25.34	0.00	0.00	0.00	0.95	777.00	6.87	0.03	0.00	0.00	0.00	0.00	0.00	0.00	
122.00	1464.00	439.00	0.00	766.00	24971.00	1.00	21.58	-2.19	1216.00	24971.00	32.60	15.00	41.00	4.97	24.72	2.35	0.00	32.60	0.00	0.00	0.00	0.87	766.00	6.77	0.03	0.00	0.00	0.00	0.00	0.00	0.00	
123.00	559.00	570.00	0.00	766.00	20731.00	1.00	17.16	-2.34	1482.00	20731.00	27.06	15.00	33.00	3.32	11.05	1.73	0.00	27.06	0.00	0.00	0.00	1.09	766.00	6.77	0.05	0.00	0.00	0.00	0.00	0.00	0.00	
124.00	640.00	41.00	0.00	738.00	18278.00	1.00	21.66	-1.10	1240.00	18278.00	24.77	15.00	34.00	3.03	9.17	1.84	0.00	24.77	0.00	0.00	0.00	0.86	738.00	6.53	0.03	0.00	0.00	0.00	0.00	0.00	0.00	
125.00	659.00	217.00	0.00	692.00	18868.00	1.00	19.61	0.02	966.00	18868.00	27.27	15.00	34.00	3.11	9.65	2.08	0.00	27.27	0.00	0.00	0.00	0.85	692.00	6.12	0.03	0.00	0.00	0.00	0.00	0.00	0.00	
126.00	500.00	91.00	0.00	690.00	18433.00	1.00	22.83	-0.27	1080.00	18433.00	26.71	15.00	35.00	3.93	15.48	2.03	0.00	26.71	0.00	0.00	0.00	0.81	690.00	6.10	0.03	0.00	0.00	0.00	0.00	0.00	0.00	
127.00	1348.00	403.00	0.00	689.00	21878.00	1.00	16.15	-0.89	1326.00	21878.00	31.75	13.00	38.00	4.07	16.56	2.29	0.00	31.75	0.00	0.00	0.00	1.06	689.00	6.09	0.05	0.00	0.00	0.00	0.00	0.00	0.00	
128.00	670.00	282.00	0.00	677.00	19822.00	1.00	17.75	-0.45	1188.00	19822.00	29.28	15.00	37.00	3.56	12.65	2.13	0.00	29.28	0.00	0.00	0.00	0.94	677.00	5.99	0.04	0.00	0.00	0.00	0.00	0.00	0.00	
129.00	814.00	467.00	0.00	677.00	17273.00	1.00	17.72	-2.31	1122.00	17273.00	25.51	15.00	35.00	3.56	12.70	1.67	0.00	25.51	0.00	0.00	0.00	0.95	677.00	5.99	0.04	0.00	0.00	0.00	0.00	0.00	0.00	
130.00	1398.00	794.00	0.00	639.00	21797.00	1.00	15.31	-2.34	1443.00	21797.00	34.11	15.00	43.00	5.42	29.42	2.81	0.00	34.11	0.00	0.00	0.00	1.13	639.00	5.65	0.05	0.00	0.00	0.00	0.00	0.00	0.00	
131.00	846.00	468.00	0.00	623.00	18515.00	1.00	16.29	-0.67	1140.00	18515.00	29.72	13.00	39.00	4.15	17.25	2.20	0.00	29.72	0.00	0.00	0.00	1.00	623.00	5.51	0.04	0.00	0.00	0.00	0.00	0.00	0.00	
132.00	620.00	337.00	0.00	622.00	14918.00	1.00	18.01	0.74	957.00	14918.00	23.98	15.00	31.00	2.69	7.26	1.76	0.00	23.98	0.00	0.00	0.00	0.89	622.00	5.50	0.04	0.00	0.00	0.00	0.00	0.00	0.00	
133.00	841.00	791.00	0.00	618.00	13582.00	1.00	15.17	-2.01	1092.00	13582.00	21.98	15.00	27.00	2.10	4.42	1.69	0.00	21.98	0.00	0.00	0.00	0.98	618.00	5.46	0.05	0.00	0.00	0.00	0.00	0.00	0.00	
134.00	407.00	419.00	0.00	573.00	13867.00	1.00	15.05	0.57	1026.00	13867.00	24.20	15.00	31.00	2.90	8.43	1.80	0.00	24.20	0.00	0.00	0.00	0.96	573.00	5.07	0.05	0.00	0.00	0.00	0.00	0.00	0.00	
135.00	593.00	342.00	0.00	565.00	11547.00	1.00	20.03	-1.23	713.00	11547.00	20.44	15.00	27.00	2.49	6.21	1.46	0.00	20.44	0.00	0.00	0.00	0.79	565.00	5.00	0.04	0.00	0.00	0.00	0.00	0.00	0.00	
136.00	658.00	33.00	0.00	551.00	14771.00	1.00	16.77	-0.97	986.00	14771.00	26.81	13.00	35.00	3.75	14.09	2.14	0.00	26.81	0.00	0.00	0.00	0.88	551.00	4.87	0.04	0.00	0.00	0.00	0.00	0.00	0.00	
137.00	509.00	187.00	0.00	486.00	10821.00	1.00	13.14	-2.23	1080.00	10821.00	22.27	15.00	28.00	2.54	6.47	1.81	0.00	22.27	0.00	0.00	0.00	1.06	486.00	4.30	0.05	0.00	0.00	0.00	0.00	0.00	0.00	
138.00	858.00	113.00	0.00	485.00	10867.00	1.00	14.23	-2.29	960.00	10867.00	22.41	15.00	30.00	2.87	8.23	1.79	0.00	22.41	0.00	0.00	0.00	0.95	485.00	4.29	0.05	0.00	0.00	0.00	0.00	0.00	0.00	
139.00	1773.00	803.00	0.00	473.00	17559.00	1.00	14.22	-0.58	980.00	17559.00	37.12	15.00	46.00	7.29	53.18	3.67	0.00	37.12	0.00	0.00	0.00	0.93	473.00	4.18	0.05	0.00	0.00	0.00	0.00	0.00	0.00	
140.00	4.00	683.00	0.00	407.00	9385.00	1.00	10.63	0.08	585.00	9385.00	23.06	15.00	30.00	2.52	6.35	1.79	0.00	23.06	0.00	0.00	0.00	0.94	407.00	3.60	0.00	0.00	0.00	0.00	0.00	0.00	0.00	
141.00	1226.00	421.00	0.00	394.00	9416.00	1.00	11.93	0.02	588.00	9416.00	23.90	15.00	32.00	3.12	9.73	2.41	0.00	23.90	0.00	0.00	0.00	0.85	394.00	3.48	0.05	0.00	0.00	0.00	0.00	0.00	0.00	
142.00	279.00	318.00	0.00	391.00	7625.00	1.00	14.83	-1.37	580.00	7625.00	19.50	13.00	25.00	2.50	6.25	1.93	0.00	19.50	0.00	0.00	0.00	0.72	391.00	3.46	0.01	0.00	0.00	0.00	0.00	0.00	0.00	
143.00	1229.00	191.00	0.00	380.00	11549.00	1.00	10.81	-0.86	840.00	11549.00	30.39	12.00	38.00	4.58	20.99	2.80	0.00	30.39	0.00	0.00	0.00	1.01	380.00	3.36	0.07	0.00	0.00	0.00	0.00	0.00	0.00	
144.00	1403.00	889.00	0.00	342.00	6496.00	1.00	19.70	-1.34	851.00	6496.00	18.99	10.00	35.00	4.03	16.23	3.59	0.00	18.99	0.00	0.00	0.00	0.88	342.00	3.02	0.00	0.00	0.00	0.00	0.00	0.00	0.00	
145.00	232.00	870.00	0.00	337.00	9298.00	1.00	12.14	-1.85	630.00	9298.00	27.59	15.00	35.00	4.37	19.07	3.50	0.00	27.59	0.00	0.00	0.00	0.84	337.00	2.98	0.03	0.00	0.00	0.00	0.00	0.00	0.00	
146.00	400.00	246.00	0.00	316.00	7120.00	0.99	9.60	-0.81	780.00	7120.00	22.53	14.00	28.00	2.61	6.79	1.28	0.00	22.53	0.00	0.00	0.00	1.00	316.00	2.79	0.11	0.00	0.00	0.00	0.00	0.00	0.00	
147.00	1570.00	493.00	0.00	287.00	9673.00	0.99	9.41	0.08	385.00	9673.00	33.70	15.00	39.00	5.83	34.02	3.44	0.00	33.70	0.00	0.00	0.00	0.79	287.00	2.54	0.06	0.00	0.00	0.00	0.00	0.00	0.00	
148.00	893.00	319.00	0.00	277.00	8445.00	0.99	9.48	-0.83	576.00	8445.00	30.49	15.00	38.00	3.98	15.82	2.98	0.00	30.49	0.00	0.00	0.00	0.91	277.00	2.45	0.07	0.00	0.00	0.00	0.00	0.00	0.00	
149.00	93.00	448.00	0.00	257.00	5959.00	1.00	11.51	-0.84	400.00	5959.00	23.19	15.00	27.00	2.16	4.68	1.75	0.00	23.19	0.00	0.00	0.00	0.73	257.00	2.27	0.07	0.00	0.00	0.00	0.00	0.00	0.00	
150.00	392.00	251.00	0.00	226.00	4745.00	1.00	10.62	-0.82	400.00	4745.00	21.00	13.00	26.00	2.32	5.36	1.88	0.00	21.00	0.00	0.00	0.00	0.71	226.00	2.00	0.07	0.00	0.00	0.00	0.00	0.00	0.00	
151.00	1047.00	62.00	0.00	215.00	6085.00	0.99	8.66	-0.84	462.00	6085.00	28.30	15.00	34.00	4.42	19.52	2.96	0.00	28.30	0.00	0.00	0.00	0.85	215.00	1.90	0.08	0.00	0.00	0.00	0.00	0.00	0.00	
152.00	216.00	877.00	0.00	211.00	5926.00	1.00	10.79	-0.68	441.00	5926.00	28.09	15.00	37.00	4.51	20.33	3.09	0.00	28.09	0.00	0.00	0.00	0.70	211.00	1.87	0.08	0.00	0.00	0.00	0.00	0.00	0.00	
153.00	277.00	1072.00	0.00	168.00	3268.00	0.98	5.35	-1.59	204.00	3268.00	19.45	11.00	28.00	3.20	10.26	2.91	0.00	19.45	0.00	0.00	0.00	0.86	168.00	1.49	0.00	0.00	0.00	0.00	0.00	0.00	0.00	
154.00	1078.00	248.00	0.00	162.00	3627.00	0.99	8.09	-0.03	240.00	3627.00	22.39	15.00	30.00	2.85	8.11	2.83	0.00	22.39	0.00	0.00	0.00	0.64	162.00	1.43	0.06	0.00	0.00	0.00	0.00	0.00	0.00	
155.00	1731.00	763.00	0.00	139.00	2782.00	1.00	11.04	0.07	156.00	2782.00	20.01	14.00	26.00	3.00	9.03	2.69	0.00	20.01	0.00	0.00	0.00	0.51	139.00	1.23	0.00	0.00	0.00	0.00	0.00	0.00	0.00	
158.00	1232.00	781.00	0.00	113.00	3421.00	0.99	6.95	0.27	162.00	3421.00	30.27	15.00	45.00	8.53	72.83	7.75	0.00	30.27	0.00	0.00	0.00	0.57	113.00	1.00	0.00	0.00	0.00	0.00	0.00	0.00	0.00	
159.00	1321.00	266.00	0.00	110.00	2435.00	0.99	7.60	-2.20	182.00	2435.00	22.14	15.00	27.00	2.02	4.06	1.65	0.00	22.14	0.00	0.00	0.00	0.56	110.00	0.97	0.16	0.00	0.00	0.00	0.00	0.00	0.00	
160.00	227.00	544.00	0.00	108.00	2246.00	0.99	8.06	-0.96	156.00	2246.00	20.80	13.00	26.00	2.83	8.01	2.52	0.00	20.80	0.00	0.00	0.00	0.57	108.00	0.95	0.09	0.00	0.00	0.00	0.00	0.00	0.00	
161.00	868.00	399.00	0.00	103.00	2814.00	0.97	4.24	-2.35	361.00	2814.00	27.32	15.00	34.00	4.87	23.73	4.91	0.00	27.32	0.00	0.00	0.00	0.93	103.00	0.91	0.13	0.00	0.00	0.00	0.00	0.00	0.00	
162.00	1055.00	419.00	0.00	86.00	1897.00	0.99	6.31	0.15	112.00	1897.00	22.06	15.00	27.00	2.40	5.77	2.54	0.00	22.06	0.00	0.00	0.00	0.52	86.00	0.76	0.10	0.00	0.00	0.00	0.00	0.00	0.00	
163.00	1352.00	244.00	0.00	80.00	2271.00	0.98	4.82	-0.74	210.00	2271.00	28.39	16.00	37.00	5.20	27.00	4.67	0.00	28.39	0.00	0.00	0.00	0.75	80.00	0.71	0.13	0.00	0.00	0.00	0.00	0.00	0.00	
164.00	625.00	1004.00	0.00	79.00	1663.00	0.99	7.48	-1.00	99.00	1663.00	21.05	15.00	29.00	3.14	9.87	3.42	0.00	21.05	0.00	0.00	0.00	0.47	79.00	0.70	0.00	0.00	0.00	0.00	0.00	0.00	0.00	
165.00	1156.00	343.00	0.00	77.00	1661.00	0.98	5.48	-0.90	156.00	1661.00	21.57	14.00	28.00	2.91	8.48	3.21	0.00	21.57	0.00	0.00	0.00	0.65	77.00	0.68	0.12	0.00	0.00	0.00	0.00	0.00	0.00	
166.00	1401.00	867.00	0.00	77.00	1589.00	0.99	7.43	-0.66	100.00	1589.00	20.64	15.00	27.00	2.73	7.44	3.31	0.00	20.64	0.00	0.00	0.00	0.45	77.00	0.68	0.00	0.00	0.00	0.00	0.00	0.00	0.00	
167.00	617.00	990.00	0.00	77.00	1621.00	0.99	6.09	0.26	117.00	1621.00	21.05	12.00	34.00	4.99	24.87	5.33	0.00	21.05	0.00	0.00	0.00	0.54	77.00	0.68	0.00	0.00	0.00	0.00	0.00	0.00	0.00	
168.00	208.00	880.00	0.00	74.00	1857.00	0.99	6.82	-1.28	108.00	1857.00	25.09	10.00	33.00	5.77	33.32	4.19	0.00	25.09	0.00	0.00	0.00	0.50	74.00	0.65	0.09	0.00	0.00	0.00	0.00	0.00	0.00	
