ID	centroid_x	centroid_y	centroid_z	volume	integrated_intensity	eccentricity	elongation	orientation	bounding_box_volume	sum	mean	minimum	maximum	sigma	variance	surface_gradient	interior_gradient	surface_intensity	interior_intensity	intensity_ratio	convexity	radius_variation	surface_area	shape	shared_boundary	t_energy	t_entropy	inverse_diff_moment	inertia	cluster_shade	cluster_prominence	
1.00	896.00	652.00	0.00	22592.00	2463455.00	1.00	125.01	-0.23	38136.00	2463455.00	109.04	32.00	255.00	37.37	1396.63	7.73	0.00	109.04	0.00	0.00	0.00	2.16	22592.00	199.76	0.01	0.00	0.00	0.00	0.00	0.00	0.00	
2.00	773.00	655.00	0.00	22260.00	2270041.00	1.00	131.35	-0.02	39000.00	2270041.00	101.98	31.00	255.00	36.58	1337.81	6.73	0.00	101.98	0.00	0.00	0.00	1.97	22260.00	196.83	0.01	0.00	0.00	0.00	0.00	0.00	0.00	
3.00	875.00	216.00	0.00	20579.00	2110344.00	1.00	99.75	-1.59	51246.00	2110344.00	102.55	32.00	255.00	32.89	1081.80	7.04	0.00	102.55	0.00	0.00	0.00	2.73	20579.00	181.96	0.00	0.00	0.00	0.00	0.00	0.00	0.00	
4.00	183.00	628.00	0.00	14993.00	1301969.00	1.00	109.17	-1.94	35581.00	1301969.00	86.84	32.00	255.00	29.72	883.06	5.49	0.00	86.84	0.00	0.00	0.00	2.12	14993.00	132.57	0.00	0.00	0.00	0.00	0.00	0.00	0.00	
5.00	893.00	823.00	0.00	12912.00	1485806.00	1.00	118.85	-1.38	21895.00	1485806.00	115.07	33.00	255.00	36.09	1302.74	9.28	0.00	115.07	0.00	0.00	0.00	1.58	12912.00	114.17	0.00	0.00	0.00	0.00	0.00	0.00	0.00	
6.00	636.00	727.00	0.00	12403.00	1381568.00	1.00	87.43	-1.49	23028.00	1381568.00	111.39	34.00	255.00	33.48	1121.16	7.32	0.00	111.39	0.00	0.00	0.00	1.91	12403.00	109.67	0.01	0.00	0.00	0.00	0.00	0.00	0.00	
7.00	815.00	951.00	0.00	9434.00	1086449.00	1.00	69.34	-1.45	13172.00	1086449.00	115.16	36.00	255.00	33.29	1108.08	9.26	0.00	115.16	0.00	0.00	0.00	1.66	9434.00	83.42	0.00	0.00	0.00	0.00	0.00	0.00	0.00	
8.00	1003.00	953.00	0.00	9340.00	1113125.00	1.00	65.33	-0.13	13175.00	1113125.00	119.18	36.00	255.00	37.75	1424.82	9.86	0.00	119.18	0.00	0.00	0.00	1.68	9340.00	82.59	0.00	0.00	0.00	0.00	0.00	0.00	0.00	
9.00	1020.00	315.00	0.00	8902.00	942689.00	1.00	57.71	-1.35	18720.00	942689.00	105.90	34.00	255.00	30.43	926.25	7.39	0.00	105.90	0.00	0.00	0.00	2.08	8902.00	78.71	0.00	0.00	0.00	0.00	0.00	0.00	0.00	
10.00	635.00	394.00	0.00	8691.00	823850.00	1.00	54.32	-1.92	19686.00	823850.00	94.79	32.00	237.00	30.33	919.97	5.76	0.00	94.79	0.00	0.00	0.00	2.18	8691.00	76.85	0.01	0.00	0.00	0.00	0.00	0.00	0.00	
11.00	947.00	430.00	0.00	8607.00	935876.00	1.00	82.39	-1.56	16006.00	935876.00	108.73	34.00	255.00	31.50	992.28	8.34	0.00	108.73	0.00	0.00	0.00	1.69	8607.00	76.10	0.00	0.00	0.00	0.00	0.00	0.00	0.00	
12.00	613.00	576.00	0.00	8480.00	765138.00	1.00	82.96	0.35	15276.00	765138.00	90.23	34.00	255.00	38.21	1459.92	6.12	0.00	90.23	0.00	0.00	0.00	1.62	8480.00	74.98	0.00	0.00	0.00	0.00	0.00	0.00	0.00	
13.00	277.00	469.00	0.00	8185.00	819990.00	1.00	77.43	-1.75	13000.00	819990.00	100.18	33.00	255.00	29.83	890.12	6.85	0.00	100.18	0.00	0.00	0.00	1.59	8185.00	72.37	0.00	0.00	0.00	0.00	0.00	0.00	0.00	
14.00	828.00	363.00	0.00	8180.00	772710.00	1.00	86.65	-1.48	14076.00	772710.00	94.46	32.00	246.00	34.82	1212.58	6.51	0.00	94.46	0.00	0.00	0.00	1.54	8180.00	72.33	0.01	0.00	0.00	0.00	0.00	0.00	0.00	
15.00	393.00	1020.00	0.00	7848.00	794544.00	1.00	71.15	-0.25	10974.00	794544.00	101.24	31.00	255.00	31.80	1010.98	6.60	0.00	101.24	0.00	0.00	0.00	1.55	7848.00	69.39	0.00	0.00	0.00	0.00	0.00	0.00	0.00	
16.00	1628.00	597.00	0.00	6825.00	680279.00	1.00	61.90	0.26	10614.00	680279.00	99.67	38.00	255.00	29.93	895.83	6.75	0.00	99.67	0.00	0.00	0.00	1.50	6825.00	60.35	0.00	0.00	0.00	0.00	0.00	0.00	0.00	
17.00	499.00	498.00	0.00	6730.00	632672.00	1.00	60.60	-1.63	12382.00	632672.00	94.01	35.00	255.00	33.86	1146.33	6.14	0.00	94.01	0.00	0.00	0.00	1.62	6730.00	59.51	0.01	0.00	0.00	0.00	0.00	0.00	0.00	
18.00	654.00	312.00	0.00	6620.00	579960.00	1.00	63.65	-1.91	13206.00	579960.00	87.61	36.00	252.00	31.57	996.70	5.69	0.00	87.61	0.00	0.00	0.00	1.59	6620.00	58.54	0.00	0.00	0.00	0.00	0.00	0.00	0.00	
19.00	1259.00	569.00	0.00	5928.00	649201.00	1.00	54.75	-1.58	8316.00	649201.00	109.51	35.00	255.00	33.76	1139.62	8.16	0.00	109.51	0.00	0.00	0.00	1.55	5928.00	52.42	0.01	0.00	0.00	0.00	0.00	0.00	0.00	
20.00	1154.00	481.00	0.00	5893.00	602857.00	1.00	51.76	-1.86	9828.00	602857.00	102.30	32.00	255.00	33.70	1135.91	7.93	0.00	102.30	0.00	0.00	0.00	1.56	5893.00	52.11	0.00	0.00	0.00	0.00	0.00	0.00	0.00	
21.00	585.00	119.00	0.00	5838.00	561645.00	1.00	81.58	-2.14	10830.00	561645.00	96.21	33.00	255.00	31.06	964.50	8.24	0.00	96.21	0.00	0.00	0.00	1.37	5838.00	51.62	0.00	0.00	0.00	0.00	0.00	0.00	0.00	
22.00	1596.00	356.00	0.00	5517.00	530228.00	1.00	49.43	-0.76	9991.00	530228.00	96.11	38.00	253.00	28.45	809.25	6.94	0.00	96.11	0.00	0.00	0.00	1.66	5517.00	48.78	0.00	0.00	0.00	0.00	0.00	0.00	0.00	
23.00	1004.00	544.00	0.00	5205.00	583333.00	1.00	55.55	-1.41	8512.00	583333.00	112.07	36.00	255.00	32.30	1043.29	8.97	0.00	112.07	0.00	0.00	0.00	1.50	5205.00	46.02	0.01	0.00	0.00	0.00	0.00	0.00	0.00	
24.00	661.00	471.00	0.00	5150.00	564923.00	1.00	46.34	-1.66	7308.00	564923.00	109.69	37.00	255.00	31.93	1019.25	7.89	0.00	109.69	0.00	0.00	0.00	1.46	5150.00	45.54	0.01	0.00	0.00	0.00	0.00	0.00	0.00	
25.00	788.00	293.00	0.00	5130.00	472877.00	1.00	44.80	-1.57	6650.00	472877.00	92.18	31.00	255.00	29.98	898.62	6.77	0.00	92.18	0.00	0.00	0.00	1.40	5130.00	45.36	0.01	0.00	0.00	0.00	0.00	0.00	0.00	
26.00	703.00	549.00	0.00	5052.00	516030.00	1.00	58.54	-0.59	9604.00	516030.00	102.14	33.00	237.00	28.84	831.47	7.00	0.00	102.14	0.00	0.00	0.00	1.43	5052.00	44.67	0.01	0.00	0.00	0.00	0.00	0.00	0.00	
27.00	516.00	378.00	0.00	4939.00	480849.00	1.00	62.14	0.13	6853.00	480849.00	97.36	37.00	250.00	30.45	927.35	6.86	0.00	97.36	0.00	0.00	0.00	1.44	4939.00	43.67	0.01	0.00	0.00	0.00	0.00	0.00	0.00	
28.00	1670.00	928.00	0.00	4919.00	470718.00	1.00	64.02	-0.95	6552.00	470718.00	95.69	38.00	255.00	26.93	725.05	5.79	0.00	95.69	0.00	0.00	0.00	1.21	4919.00	43.49	0.00	0.00	0.00	0.00	0.00	0.00	0.00	
29.00	566.00	1039.00	0.00	4833.00	499971.00	1.00	64.42	-2.34	5852.00	499971.00	103.45	36.00	255.00	31.13	968.85	6.15	0.00	103.45	0.00	0.00	0.00	1.22	4833.00	42.73	0.00	0.00	0.00	0.00	0.00	0.00	0.00	
30.00	336.00	938.00	0.00	4617.00	450386.00	1.00	59.84	0.67	6150.00	450386.00	97.55	38.00	255.00	31.28	978.47	7.27	0.00	97.55	0.00	0.00	0.00	1.21	4617.00	40.82	0.00	0.00	0.00	0.00	0.00	0.00	0.00	
31.00	1463.00	850.00	0.00	4594.00	456670.00	1.00	60.55	-0.91	6320.00	456670.00	99.41	37.00	228.00	25.71	660.79	6.57	0.00	99.41	0.00	0.00	0.00	1.20	4594.00	40.62	0.00	0.00	0.00	0.00	0.00	0.00	0.00	
32.00	715.00	878.00	0.00	4504.00	514341.00	1.00	62.99	0.57	5698.00	514341.00	114.20	37.00	255.00	33.97	1153.68	9.67	0.00	114.20	0.00	0.00	0.00	1.18	4504.00	39.83	0.00	0.00	0.00	0.00	0.00	0.00	0.00	
33.00	1573.00	837.00	0.00	4379.00	416393.00	1.00	58.05	-0.76	6160.00	416393.00	95.09	35.00	255.00	26.64	709.86	6.74	0.00	95.09	0.00	0.00	0.00	1.19	4379.00	38.72	0.00	0.00	0.00	0.00	0.00	0.00	0.00	
34.00	1744.00	691.00	0.00	3959.00	387093.00	1.00	55.16	-0.85	5329.00	387093.00	97.78	38.00	255.00	30.89	954.05	6.62	0.00	97.78	0.00	0.00	0.00	1.17	3959.00	35.01	0.00	0.00	0.00	0.00	0.00	0.00	0.00	
35.00	1163.00	567.00	0.00	3954.00	358036.00	1.00	51.17	-1.85	5632.00	358036.00	90.55	33.00	201.00	27.42	751.91	6.80	0.00	90.55	0.00	0.00	0.00	1.28	3954.00	34.96	0.01	0.00	0.00	0.00	0.00	0.00	0.00	
36.00	1328.00	179.00	0.00	3952.00	382662.00	1.00	37.60	-1.56	5220.00	382662.00	96.83	36.00	248.00	26.95	726.33	7.82	0.00	96.83	0.00	0.00	0.00	1.44	3952.00	34.94	0.00	0.00	0.00	0.00	0.00	0.00	0.00	
37.00	1386.00	774.00	0.00	3932.00	416067.00	1.00	59.50	-0.92	5548.00	416067.00	105.82	38.00	255.00	31.72	1006.32	7.83	0.00	105.82	0.00	0.00	0.00	1.12	3932.00	34.77	0.01	0.00	0.00	0.00	0.00	0.00	0.00	
38.00	501.00	247.00	0.00	3891.00	390983.00	1.00	45.09	-1.74	5115.00	390983.00	100.48	34.00	255.00	28.91	835.81	7.38	0.00	100.48	0.00	0.00	0.00	1.28	3891.00	34.41	0.00	0.00	0.00	0.00	0.00	0.00	0.00	
39.00	1477.00	763.00	0.00	3885.00	392326.00	1.00	54.75	-0.82	5475.00	392326.00	100.98	39.00	250.00	31.88	1016.59	6.92	0.00	100.98	0.00	0.00	0.00	1.16	3885.00	34.35	0.00	0.00	0.00	0.00	0.00	0.00	0.00	
40.00	325.00	848.00	0.00	3870.00	258810.00	1.00	53.38	-2.35	5110.00	258810.00	66.88	37.00	185.00	18.33	336.13	3.67	0.00	66.88	0.00	0.00	0.00	1.18	3870.00	34.22	0.00	0.00	0.00	0.00	0.00	0.00	0.00	
41.00	952.00	144.00	0.00	3526.00	360330.00	1.00	37.25	-1.81	5712.00	360330.00	102.19	38.00	255.00	30.44	926.89	8.05	0.00	102.19	0.00	0.00	0.00	1.40	3526.00	31.18	0.00	0.00	0.00	0.00	0.00	0.00	0.00	
42.00	1697.00	814.00	0.00	3477.00	320627.00	1.00	45.16	-0.81	5325.00	320627.00	92.21	39.00	240.00	21.79	474.99	5.84	0.00	92.21	0.00	0.00	0.00	1.25	3477.00	30.74	0.01	0.00	0.00	0.00	0.00	0.00	0.00	
43.00	69.00	789.00	0.00	3394.00	309048.00	1.00	49.71	0.67	4680.00	309048.00	91.06	38.00	255.00	29.32	859.91	6.57	0.00	91.06	0.00	0.00	0.00	1.14	3394.00	30.01	0.00	0.00	0.00	0.00	0.00	0.00	0.00	
44.00	295.00	687.00	0.00	3270.00	316322.00	1.00	48.66	0.78	4420.00	316322.00	96.73	39.00	235.00	26.11	681.67	6.75	0.00	96.73	0.00	0.00	0.00	1.14	3270.00	28.91	0.00	0.00	0.00	0.00	0.00	0.00	0.00	
45.00	253.00	755.00	0.00	3265.00	308886.00	1.00	49.61	0.49	4473.00	308886.00	94.61	38.00	245.00	31.08	966.21	7.34	0.00	94.61	0.00	0.00	0.00	1.10	3265.00	28.87	0.00	0.00	0.00	0.00	0.00	0.00	0.00	
46.00	299.00	542.00	0.00	3164.00	306827.00	1.00	49.51	-2.21	4154.00	306827.00	96.97	37.00	255.00	28.08	788.41	6.73	0.00	96.97	0.00	0.00	0.00	1.10	3164.00	27.98	0.00	0.00	0.00	0.00	0.00	0.00	0.00	
47.00	927.00	492.00	0.00	3075.00	326832.00	1.00	51.80	-1.34	4087.00	326832.00	106.29	37.00	255.00	27.29	744.66	7.58	0.00	106.29	0.00	0.00	0.00	1.07	3075.00	27.19	0.00	0.00	0.00	0.00	0.00	0.00	0.00	
48.00	171.00	881.00	0.00	3057.00	139090.00	1.00	53.02	-2.10	4288.00	139090.00	45.50	36.00	83.00	7.09	50.30	1.50	0.00	45.50	0.00	0.00	0.00	1.08	3057.00	27.03	0.00	0.00	0.00	0.00	0.00	0.00	0.00	
49.00	500.00	1010.00	0.00	2949.00	300051.00	1.00	41.13	0.02	4128.00	300051.00	101.75	38.00	248.00	29.05	843.64	6.79	0.00	101.75	0.00	0.00	0.00	1.21	2949.00	26.08	0.01	0.00	0.00	0.00	0.00	0.00	0.00	
50.00	757.00	470.00	0.00	2882.00	302328.00	1.00	48.67	-2.24	3717.00	302328.00	104.90	37.00	252.00	31.74	1007.33	7.63	0.00	104.90	0.00	0.00	0.00	1.07	2882.00	25.48	0.00	0.00	0.00	0.00	0.00	0.00	0.00	
51.00	1536.00	475.00	0.00	2849.00	279095.00	1.00	46.23	-1.00	3886.00	279095.00	97.96	35.00	255.00	30.58	935.10	7.00	0.00	97.96	0.00	0.00	0.00	1.11	2849.00	25.19	0.01	0.00	0.00	0.00	0.00	0.00	0.00	
52.00	1636.00	461.00	0.00	2818.00	259029.00	1.00	46.65	-0.97	3900.00	259029.00	91.92	38.00	255.00	28.80	829.42	7.26	0.00	91.92	0.00	0.00	0.00	1.07	2818.00	24.92	0.00	0.00	0.00	0.00	0.00	0.00	0.00	
53.00	548.00	561.00	0.00	2731.00	232911.00	1.00	44.71	-2.23	3900.00	232911.00	85.28	38.00	228.00	32.08	1028.94	6.22	0.00	85.28	0.00	0.00	0.00	1.08	2731.00	24.15	0.01	0.00	0.00	0.00	0.00	0.00	0.00	
54.00	454.00	179.00	0.00	2658.00	215154.00	1.00	31.89	-1.88	5457.00	215154.00	80.95	32.00	255.00	26.92	724.88	6.81	0.00	80.95	0.00	0.00	0.00	1.59	2658.00	23.50	0.01	0.00	0.00	0.00	0.00	0.00	0.00	
55.00	1607.00	742.00	0.00	2534.00	253148.00	1.00	40.43	-1.42	3408.00	253148.00	99.90	39.00	238.00	29.28	857.52	6.90	0.00	99.90	0.00	0.00	0.00	1.12	2534.00	22.41	0.01	0.00	0.00	0.00	0.00	0.00	0.00	
56.00	1261.00	322.00	0.00	2507.00	242778.00	1.00	44.24	-1.43	3392.00	242778.00	96.84	38.00	226.00	28.70	823.92	7.07	0.00	96.84	0.00	0.00	0.00	1.02	2507.00	22.17	0.00	0.00	0.00	0.00	0.00	0.00	0.00	
57.00	799.00	102.00	0.00	2483.00	252635.00	1.00	40.02	-1.68	3773.00	252635.00	101.75	36.00	255.00	31.81	1011.76	7.92	0.00	101.75	0.00	0.00	0.00	1.10	2483.00	21.96	0.01	0.00	0.00	0.00	0.00	0.00	0.00	
58.00	423.00	421.00	0.00	2454.00	255205.00	1.00	40.76	-2.15	3465.00	255205.00	104.00	38.00	253.00	33.84	1144.94	6.62	0.00	104.00	0.00	0.00	0.00	1.07	2454.00	21.70	0.01	0.00	0.00	0.00	0.00	0.00	0.00	
59.00	502.00	314.00	0.00	2447.00	161794.00	1.00	39.91	-1.07	4840.00	161794.00	66.12	37.00	149.00	28.56	815.79	4.16	0.00	66.12	0.00	0.00	0.00	1.33	2447.00	21.64	0.02	0.00	0.00	0.00	0.00	0.00	0.00	
61.00	1083.00	428.00	0.00	2348.00	240954.00	1.00	43.97	0.64	3192.00	240954.00	102.62	38.00	255.00	30.39	923.25	7.27	0.00	102.62	0.00	0.00	0.00	1.03	2348.00	20.76	0.01	0.00	0.00	0.00	0.00	0.00	0.00	
62.00	1313.00	273.00	0.00	2331.00	222670.00	1.00	44.42	-0.97	3078.00	222670.00	95.53	38.00	255.00	34.62	1198.60	7.84	0.00	95.53	0.00	0.00	0.00	1.00	2331.00	20.61	0.00	0.00	0.00	0.00	0.00	0.00	0.00	
63.00	504.00	445.00	0.00	2328.00	127626.00	1.00	40.09	-1.81	3038.00	127626.00	54.82	39.00	72.00	4.56	20.79	2.06	0.00	54.82	0.00	0.00	0.00	1.05	2328.00	20.58	0.01	0.00	0.00	0.00	0.00	0.00	0.00	
64.00	1246.00	258.00	0.00	2277.00	222892.00	1.00	43.48	-0.95	3025.00	222892.00	97.89	38.00	228.00	30.05	903.10	7.26	0.00	97.89	0.00	0.00	0.00	1.00	2277.00	20.13	0.00	0.00	0.00	0.00	0.00	0.00	0.00	
65.00	1159.00	401.00	0.00	2261.00	236757.00	1.00	40.33	-0.76	3024.00	236757.00	104.71	38.00	255.00	33.64	1131.40	8.25	0.00	104.71	0.00	0.00	0.00	1.04	2261.00	19.99	0.00	0.00	0.00	0.00	0.00	0.00	0.00	
66.00	564.00	279.00	0.00	2235.00	223202.00	1.00	41.28	-2.09	3068.00	223202.00	99.87	38.00	238.00	26.22	687.40	8.03	0.00	99.87	0.00	0.00	0.00	1.02	2235.00	19.76	0.00	0.00	0.00	0.00	0.00	0.00	0.00	
67.00	1213.00	204.00	0.00	2183.00	222271.00	1.00	41.58	-0.87	2860.00	222271.00	101.82	33.00	255.00	31.56	995.88	7.98	0.00	101.82	0.00	0.00	0.00	1.01	2183.00	19.30	0.00	0.00	0.00	0.00	0.00	0.00	0.00	
68.00	1149.00	158.00	0.00	2177.00	226802.00	1.00	42.78	-1.27	2800.00	226802.00	104.18	38.00	255.00	33.35	1112.43	8.51	0.00	104.18	0.00	0.00	0.00	0.99	2177.00	19.25	0.00	0.00	0.00	0.00	0.00	0.00	0.00	
69.00	1002.00	371.00	0.00	2156.00	221312.00	1.00	38.37	-1.06	3402.00	221312.00	102.65	39.00	242.00	28.06	787.41	7.72	0.00	102.65	0.00	0.00	0.00	1.06	2156.00	19.06	0.01	0.00	0.00	0.00	0.00	0.00	0.00	
70.00	1172.00	244.00	0.00	2128.00	195358.00	1.00	42.00	-1.68	2800.00	195358.00	91.80	36.00	212.00	30.96	958.70	7.71	0.00	91.80	0.00	0.00	0.00	0.98	2128.00	18.82	0.00	0.00	0.00	0.00	0.00	0.00	0.00	
71.00	1449.00	141.00	0.00	2103.00	192108.00	1.00	38.52	-1.70	2806.00	192108.00	91.35	38.00	255.00	29.13	848.32	7.60	0.00	91.35	0.00	0.00	0.00	0.99	2103.00	18.60	0.00	0.00	0.00	0.00	0.00	0.00	0.00	
72.00	742.00	149.00	0.00	2070.00	199577.00	1.00	40.80	-1.58	2632.00	199577.00	96.41	38.00	236.00	29.03	842.77	7.34	0.00	96.41	0.00	0.00	0.00	0.97	2070.00	18.30	0.00	0.00	0.00	0.00	0.00	0.00	0.00	
73.00	1246.00	148.00	0.00	2032.00	189964.00	1.00	40.01	-1.03	2650.00	189964.00	93.49	39.00	240.00	25.19	634.41	7.34	0.00	93.49	0.00	0.00	0.00	0.98	2032.00	17.97	0.00	0.00	0.00	0.00	0.00	0.00	0.00	
74.00	467.00	1016.00	0.00	2016.00	197181.00	1.00	30.47	-0.01	2808.00	197181.00	97.81	39.00	144.00	19.75	389.93	5.87	0.00	97.81	0.00	0.00	0.00	1.16	2016.00	17.83	0.02	0.00	0.00	0.00	0.00	0.00	0.00	
75.00	1240.00	418.00	0.00	1982.00	217653.00	1.00	36.99	-2.31	3304.00	217653.00	109.81	38.00	255.00	34.71	1205.11	9.28	0.00	109.81	0.00	0.00	0.00	1.06	1982.00	17.53	0.02	0.00	0.00	0.00	0.00	0.00	0.00	
76.00	582.00	221.00	0.00	1970.00	199094.00	1.00	38.73	-1.73	2793.00	199094.00	101.06	38.00	240.00	26.57	705.96	7.60	0.00	101.06	0.00	0.00	0.00	0.99	1970.00	17.42	0.01	0.00	0.00	0.00	0.00	0.00	0.00	
77.00	1108.00	242.00	0.00	1959.00	184022.00	1.00	36.49	-1.52	2728.00	184022.00	93.94	35.00	242.00	26.79	717.84	7.71	0.00	93.94	0.00	0.00	0.00	0.98	1959.00	17.32	0.00	0.00	0.00	0.00	0.00	0.00	0.00	
78.00	1186.00	325.00	0.00	1912.00	191507.00	1.00	36.20	-1.15	2565.00	191507.00	100.16	35.00	247.00	27.46	754.00	7.60	0.00	100.16	0.00	0.00	0.00	1.00	1912.00	16.91	0.00	0.00	0.00	0.00	0.00	0.00	0.00	
79.00	1233.00	97.00	0.00	1810.00	173023.00	1.00	35.86	-1.53	2494.00	173023.00	95.59	39.00	241.00	28.06	787.53	8.20	0.00	95.59	0.00	0.00	0.00	0.94	1810.00	16.00	0.00	0.00	0.00	0.00	0.00	0.00	0.00	
80.00	1028.00	816.00	0.00	1807.00	90041.00	1.00	32.03	-0.69	3445.00	90041.00	49.83	34.00	73.00	7.32	53.57	3.63	0.00	49.83	0.00	0.00	0.00	1.21	1807.00	15.98	0.01	0.00	0.00	0.00	0.00	0.00	0.00	
81.00	495.00	97.00	0.00	1793.00	172020.00	1.00	37.26	-1.86	2268.00	172020.00	95.94	37.00	255.00	31.54	995.02	8.97	0.00	95.94	0.00	0.00	0.00	0.98	1793.00	15.85	0.00	0.00	0.00	0.00	0.00	0.00	0.00	
82.00	463.00	340.00	0.00	1783.00	83879.00	1.00	31.71	-0.01	2613.00	83879.00	47.04	36.00	61.00	4.36	19.04	1.61	0.00	47.04	0.00	0.00	0.00	1.08	1783.00	15.77	0.02	0.00	0.00	0.00	0.00	0.00	0.00	
83.00	1113.00	112.00	0.00	1780.00	159492.00	1.00	36.14	-1.61	2451.00	159492.00	89.60	38.00	181.00	21.98	482.96	7.21	0.00	89.60	0.00	0.00	0.00	0.94	1780.00	15.74	0.00	0.00	0.00	0.00	0.00	0.00	0.00	
84.00	801.00	1061.00	0.00	1773.00	198801.00	1.00	29.78	-1.58	2448.00	198801.00	112.13	39.00	236.00	32.53	1058.31	9.39	0.00	112.13	0.00	0.00	0.00	1.10	1773.00	15.68	0.00	0.00	0.00	0.00	0.00	0.00	0.00	
85.00	279.00	202.00	0.00	1760.00	154727.00	1.00	38.19	-1.71	2530.00	154727.00	87.91	38.00	218.00	24.65	607.63	7.25	0.00	87.91	0.00	0.00	0.00	0.95	1760.00	15.56	0.01	0.00	0.00	0.00	0.00	0.00	0.00	
86.00	739.00	63.00	0.00	1759.00	171593.00	1.00	36.22	-1.74	2376.00	171593.00	97.55	38.00	243.00	30.94	957.45	8.37	0.00	97.55	0.00	0.00	0.00	0.94	1759.00	15.55	0.00	0.00	0.00	0.00	0.00	0.00	0.00	
87.00	1768.00	784.00	0.00	1698.00	122293.00	1.00	31.66	-0.49	3400.00	122293.00	72.02	32.00	204.00	21.16	447.91	6.29	0.00	72.02	0.00	0.00	0.00	1.12	1698.00	15.01	0.01	0.00	0.00	0.00	0.00	0.00	0.00	
88.00	643.00	215.00	0.00	1677.00	159208.00	1.00	33.23	-2.01	2240.00	159208.00	94.94	39.00	255.00	26.00	676.20	6.91	0.00	94.94	0.00	0.00	0.00	0.99	1677.00	14.83	0.01	0.00	0.00	0.00	0.00	0.00	0.00	
89.00	212.00	386.00	0.00	1651.00	131339.00	1.00	28.67	-2.22	3060.00	131339.00	79.55	38.00	111.00	14.65	214.59	4.20	0.00	79.55	0.00	0.00	0.00	1.18	1651.00	14.60	0.02	0.00	0.00	0.00	0.00	0.00	0.00	
90.00	388.00	528.00	0.00	1620.00	180872.00	1.00	27.62	0.76	3248.00	180872.00	111.65	36.00	255.00	40.17	1613.32	9.24	0.00	111.65	0.00	0.00	0.00	1.21	1620.00	14.32	0.03	0.00	0.00	0.00	0.00	0.00	0.00	
91.00	1142.00	35.00	0.00	1508.00	134187.00	1.00	33.94	-1.48	2279.00	134187.00	88.98	38.00	255.00	29.43	865.86	8.53	0.00	88.98	0.00	0.00	0.00	0.90	1508.00	13.33	0.00	0.00	0.00	0.00	0.00	0.00	0.00	
92.00	370.00	512.00	0.00	1454.00	135513.00	1.00	25.29	0.73	2970.00	135513.00	93.20	39.00	170.00	18.41	339.07	5.53	0.00	93.20	0.00	0.00	0.00	1.24	1454.00	12.86	0.03	0.00	0.00	0.00	0.00	0.00	0.00	
93.00	351.00	402.00	0.00	1449.00	142323.00	1.00	33.00	-0.82	2548.00	142323.00	98.22	38.00	231.00	31.58	997.17	8.66	0.00	98.22	0.00	0.00	0.00	0.97	1449.00	12.81	0.02	0.00	0.00	0.00	0.00	0.00	0.00	
94.00	1084.00	13.00	0.00	1431.00	130253.00	1.00	30.14	-1.60	1836.00	130253.00	91.02	39.00	218.00	29.56	873.76	6.78	0.00	91.02	0.00	0.00	0.00	0.97	1431.00	12.65	0.00	0.00	0.00	0.00	0.00	0.00	0.00	
95.00	1083.00	164.00	0.00	1424.00	111823.00	1.00	32.59	-0.18	2009.00	111823.00	78.53	37.00	232.00	31.44	988.41	7.09	0.00	78.53	0.00	0.00	0.00	0.96	1424.00	12.59	0.02	0.00	0.00	0.00	0.00	0.00	0.00	
96.00	846.00	113.00	0.00	1356.00	136680.00	1.00	30.76	-2.27	2112.00	136680.00	100.80	39.00	255.00	33.11	1096.12	8.47	0.00	100.80	0.00	0.00	0.00	0.94	1356.00	11.99	0.02	0.00	0.00	0.00	0.00	0.00	0.00	
97.00	1066.00	558.00	0.00	1291.00	132625.00	1.00	25.78	0.29	2040.00	132625.00	102.73	38.00	170.00	25.00	624.93	7.30	0.00	102.73	0.00	0.00	0.00	1.01	1291.00	11.42	0.03	0.00	0.00	0.00	0.00	0.00	0.00	
98.00	1037.00	66.00	0.00	1283.00	113130.00	1.00	28.01	-0.93	2200.00	113130.00	88.18	39.00	183.00	21.29	453.27	5.26	0.00	88.18	0.00	0.00	0.00	0.98	1283.00	11.34	0.02	0.00	0.00	0.00	0.00	0.00	0.00	
99.00	444.00	519.00	0.00	1252.00	79034.00	1.00	17.70	-0.86	3770.00	79034.00	63.13	39.00	110.00	18.04	325.61	3.40	0.00	63.13	0.00	0.00	0.00	1.51	1252.00	11.07	0.04	0.00	0.00	0.00	0.00	0.00	0.00	
100.00	885.00	321.00	0.00	1195.00	120777.00	1.00	24.13	-1.11	1976.00	120777.00	101.07	38.00	145.00	19.91	396.32	6.99	0.00	101.07	0.00	0.00	0.00	1.07	1195.00	10.57	0.03	0.00	0.00	0.00	0.00	0.00	0.00	
101.00	724.00	1054.00	0.00	1173.00	47937.00	1.00	32.46	-0.27	1680.00	47937.00	40.87	36.00	47.00	2.00	4.00	0.88	0.00	40.87	0.00	0.00	0.00	0.91	1173.00	10.37	0.00	0.00	0.00	0.00	0.00	0.00	0.00	
102.00	1596.00	712.00	0.00	1146.00	88714.00	1.00	22.37	-1.57	1600.00	88714.00	77.41	39.00	113.00	14.34	205.65	4.79	0.00	77.41	0.00	0.00	0.00	1.02	1146.00	10.13	0.03	0.00	0.00	0.00	0.00	0.00	0.00	
103.00	582.00	51.00	0.00	1104.00	68765.00	1.00	31.18	0.32	1482.00	68765.00	62.29	37.00	102.00	14.08	198.21	4.93	0.00	62.29	0.00	0.00	0.00	0.92	1104.00	9.76	0.00	0.00	0.00	0.00	0.00	0.00	0.00	
104.00	494.00	187.00	0.00	1101.00	94856.00	1.00	23.81	-1.87	1632.00	94856.00	86.15	39.00	204.00	28.03	785.43	7.34	0.00	86.15	0.00	0.00	0.00	0.96	1101.00	9.74	0.03	0.00	0.00	0.00	0.00	0.00	0.00	
105.00	668.00	107.00	0.00	1080.00	101706.00	1.00	26.27	0.07	1288.00	101706.00	94.17	38.00	179.00	23.06	531.75	6.11	0.00	94.17	0.00	0.00	0.00	0.91	1080.00	9.55	0.02	0.00	0.00	0.00	0.00	0.00	0.00	
106.00	706.00	11.00	0.00	1046.00	70042.00	1.00	27.22	-1.49	1488.00	70042.00	66.96	36.00	255.00	31.52	993.50	7.30	0.00	66.96	0.00	0.00	0.00	0.93	1046.00	9.25	0.00	0.00	0.00	0.00	0.00	0.00	0.00	
107.00	423.00	657.00	0.00	1017.00	43990.00	1.00	25.39	-1.33	2052.00	43990.00	43.25	31.00	57.00	4.34	18.85	2.63	0.00	43.25	0.00	0.00	0.00	1.13	1017.00	8.99	0.00	0.00	0.00	0.00	0.00	0.00	0.00	
108.00	1260.00	436.00	0.00	975.00	92052.00	1.00	20.69	-2.34	1892.00	92052.00	94.41	38.00	157.00	23.61	557.41	8.28	0.00	94.41	0.00	0.00	0.00	1.11	975.00	8.62	0.04	0.00	0.00	0.00	0.00	0.00	0.00	
109.00	833.00	497.00	0.00	922.00	104757.00	1.00	22.41	-2.05	1518.00	104757.00	113.62	39.00	255.00	37.63	1415.79	11.10	0.00	113.62	0.00	0.00	0.00	0.93	922.00	8.15	0.04	0.00	0.00	0.00	0.00	0.00	0.00	
110.00	421.00	244.00	0.00	874.00	44085.00	1.00	23.21	0.53	1333.00	44085.00	50.44	27.00	126.00	11.23	126.01	4.91	0.00	50.44	0.00	0.00	0.00	0.90	874.00	7.73	0.03	0.00	0.00	0.00	0.00	0.00	0.00	
111.00	228.00	400.00	0.00	862.00	85234.00	1.00	17.83	-2.23	1840.00	85234.00	98.88	39.00	226.00	33.45	1118.60	9.11	0.00	98.88	0.00	0.00	0.00	1.18	862.00	7.62	0.04	0.00	0.00	0.00	0.00	0.00	0.00	
112.00	994.00	820.00	0.00	852.00	43452.00	1.00	20.98	0.19	1269.00	43452.00	51.00	35.00	70.00	7.05	49.74	3.39	0.00	51.00	0.00	0.00	0.00	0.86	852.00	7.53	0.04	0.00	0.00	0.00	0.00	0.00	0.00	
113.00	333.00	420.00	0.00	845.00	71075.00	1.00	22.12	-0.79	1332.00	71075.00	84.11	38.00	115.00	15.29	233.67	5.26	0.00	84.11	0.00	0.00	0.00	0.91	845.00	7.47	0.03	0.00	0.00	0.00	0.00	0.00	0.00	
114.00	808.00	477.00	0.00	834.00	81074.00	1.00	21.35	0.55	1344.00	81074.00	97.21	39.00	151.00	22.73	516.69	7.65	0.00	97.21	0.00	0.00	0.00	0.90	834.00	7.37	0.04	0.00	0.00	0.00	0.00	0.00	0.00	
115.00	691.00	104.00	0.00	819.00	88927.00	1.00	20.89	0.04	1012.00	88927.00	108.58	40.00	249.00	36.44	1327.80	9.58	0.00	108.58	0.00	0.00	0.00	0.89	819.00	7.24	0.03	0.00	0.00	0.00	0.00	0.00	0.00	
116.00	1011.00	846.00	0.00	813.00	41564.00	1.00	29.18	-1.08	1610.00	41564.00	51.12	32.00	146.00	13.81	190.60	7.14	0.00	51.12	0.00	0.00	0.00	0.83	813.00	7.19	0.03	0.00	0.00	0.00	0.00	0.00	0.00	
117.00	839.00	469.00	0.00	775.00	78523.00	1.00	20.22	-0.93	1184.00	78523.00	101.32	39.00	154.00	21.43	459.27	7.09	0.00	101.32	0.00	0.00	0.00	0.93	775.00	6.85	0.04	0.00	0.00	0.00	0.00	0.00	0.00	
118.00	978.00	99.00	0.00	769.00	31696.00	1.00	21.10	-1.95	1344.00	31696.00	41.22	37.00	50.00	2.39	5.70	1.27	0.00	41.22	0.00	0.00	0.00	0.93	769.00	6.80	0.00	0.00	0.00	0.00	0.00	0.00	0.00	
119.00	402.00	242.00	0.00	747.00	32573.00	1.00	23.30	0.51	1596.00	32573.00	43.61	33.00	53.00	3.83	14.65	2.15	0.00	43.61	0.00	0.00	0.00	0.92	747.00	6.61	0.03	0.00	0.00	0.00	0.00	0.00	0.00	
120.00	73.00	587.00	0.00	732.00	29827.00	1.00	19.45	0.75	1216.00	29827.00	40.75	37.00	47.00	1.91	3.64	0.94	0.00	40.75	0.00	0.00	0.00	0.97	732.00	6.47	0.03	0.00	0.00	0.00	0.00	0.00	0.00	
121.00	800.00	527.00	0.00	696.00	60868.00	1.00	19.80	-0.51	1044.00	60868.00	87.45	34.00	217.00	41.16	1694.32	9.01	0.00	87.45	0.00	0.00	0.00	0.90	696.00	6.15	0.04	0.00	0.00	0.00	0.00	0.00	0.00	
122.00	1060.00	166.00	0.00	620.00	48157.00	1.00	17.22	-0.18	924.00	48157.00	77.67	39.00	137.00	19.39	376.00	6.03	0.00	77.67	0.00	0.00	0.00	0.84	620.00	5.48	0.04	0.00	0.00	0.00	0.00	0.00	0.00	
123.00	67.00	567.00	0.00	612.00	24229.00	1.00	23.82	0.66	870.00	24229.00	39.59	36.00	44.00	1.36	1.85	0.64	0.00	39.59	0.00	0.00	0.00	0.77	612.00	5.41	0.03	0.00	0.00	0.00	0.00	0.00	0.00	
124.00	1020.00	79.00	0.00	602.00	61749.00	1.00	15.93	-0.75	1155.00	61749.00	102.57	39.00	255.00	40.11	1608.47	10.74	0.00	102.57	0.00	0.00	0.00	0.99	602.00	5.32	0.04	0.00	0.00	0.00	0.00	0.00	0.00	
125.00	550.00	763.00	0.00	567.00	45452.00	1.00	14.96	-0.79	1056.00	45452.00	80.16	37.00	128.00	18.70	349.85	6.15	0.00	80.16	0.00	0.00	0.00	0.99	567.00	5.01	0.05	0.00	0.00	0.00	0.00	0.00	0.00	
126.00	722.00	389.00	0.00	512.00	54225.00	1.00	13.41	-1.91	1012.00	54225.00	105.91	39.00	249.00	44.75	2002.57	12.86	0.00	105.91	0.00	0.00	0.00	1.06	512.00	4.53	0.06	0.00	0.00	0.00	0.00	0.00	0.00	
127.00	632.00	448.00	0.00	480.00	42756.00	1.00	12.21	-1.94	945.00	42756.00	89.07	32.00	128.00	20.29	411.86	8.50	0.00	89.07	0.00	0.00	0.00	1.03	480.00	4.24	0.06	0.00	0.00	0.00	0.00	0.00	0.00	
130.00	1057.00	417.00	0.00	367.00	28724.00	1.00	12.07	0.54	651.00	28724.00	78.27	39.00	114.00	15.56	242.23	6.91	0.00	78.27	0.00	0.00	0.00	0.87	367.00	3.25	0.05	0.00	0.00	0.00	0.00	0.00	0.00	
132.00	1681.00	835.00	0.00	345.00	28435.00	0.99	8.57	-0.85	1056.00	28435.00	82.42	39.00	208.00	27.53	757.90	10.79	0.00	82.42	0.00	0.00	0.00	1.15	345.00	3.05	0.08	0.00	0.00	0.00	0.00	0.00	0.00	
133.00	816.00	491.00	0.00	328.00	35515.00	0.99	8.59	0.76	1056.00	35515.00	108.28	42.00	216.00	29.00	840.93	8.28	0.00	108.28	0.00	0.00	0.00	1.14	328.00	2.90	0.14	0.00	0.00	0.00	0.00	0.00	0.00	
134.00	528.00	544.00	0.00	298.00	18829.00	0.99	8.82	-2.34	729.00	18829.00	63.18	38.00	87.00	11.21	125.60	5.23	0.00	63.18	0.00	0.00	0.00	1.01	298.00	2.63	0.08	0.00	0.00	0.00	0.00	0.00	0.00	
135.00	444.00	434.00	0.00	289.00	30649.00	0.99	9.00	0.78	676.00	30649.00	106.05	39.00	216.00	39.82	1585.31	14.77	0.00	106.05	0.00	0.00	0.00	1.00	289.00	2.56	0.07	0.00	0.00	0.00	0.00	0.00	0.00	
136.00	594.00	199.00	0.00	240.00	20908.00	0.99	9.02	-1.37	348.00	20908.00	87.12	39.00	112.00	19.52	380.99	8.78	0.00	87.12	0.00	0.00	0.00	0.75	240.00	2.12	0.07	0.00	0.00	0.00	0.00	0.00	0.00	
137.00	387.00	676.00	0.00	239.00	10108.00	0.99	9.28	0.16	363.00	10108.00	42.29	36.00	51.00	3.13	9.80	2.70	0.00	42.29	0.00	0.00	0.00	0.80	239.00	2.11	0.01	0.00	0.00	0.00	0.00	0.00	0.00	
138.00	676.00	406.00	0.00	228.00	22670.00	0.99	8.23	-1.98	435.00	22670.00	99.43	39.00	200.00	45.21	2043.51	16.55	0.00	99.43	0.00	0.00	0.00	0.85	228.00	2.02	0.08	0.00	0.00	0.00	0.00	0.00	0.00	
139.00	262.00	220.00	0.00	207.00	14304.00	0.99	9.20	-1.06	368.00	14304.00	69.10	38.00	95.00	14.28	203.99	6.85	0.00	69.10	0.00	0.00	0.00	0.77	207.00	1.83	0.08	0.00	0.00	0.00	0.00	0.00	0.00	
140.00	1360.00	749.00	0.00	198.00	14653.00	0.99	7.16	0.72	576.00	14653.00	74.01	39.00	117.00	16.22	263.18	9.47	0.00	74.01	0.00	0.00	0.00	0.97	198.00	1.75	0.10	0.00	0.00	0.00	0.00	0.00	0.00	
141.00	1740.00	787.00	0.00	181.00	18365.00	1.00	12.11	-1.68	255.00	18365.00	101.46	33.00	255.00	63.31	4008.08	32.27	0.00	101.46	0.00	0.00	0.00	0.56	181.00	1.60	0.05	0.00	0.00	0.00	0.00	0.00	0.00	
142.00	1565.00	471.00	0.00	166.00	13109.00	0.99	7.38	-0.41	288.00	13109.00	78.97	39.00	110.00	20.21	408.51	10.13	0.00	78.97	0.00	0.00	0.00	0.76	166.00	1.47	0.09	0.00	0.00	0.00	0.00	0.00	0.00	
143.00	661.00	229.00	0.00	136.00	11859.00	0.99	6.22	-2.35	340.00	11859.00	87.20	39.00	255.00	45.55	2074.72	21.49	0.00	87.20	0.00	0.00	0.00	0.83	136.00	1.20	0.10	0.00	0.00	0.00	0.00	0.00	0.00	
144.00	1732.00	763.00	0.00	129.00	5784.00	1.00	11.10	-2.20	144.00	5784.00	44.84	39.00	54.00	3.92	15.36	2.96	0.00	44.84	0.00	0.00	0.00	0.49	129.00	1.14	0.00	0.00	0.00	0.00	0.00	0.00	0.00	
145.00	1340.00	117.00	0.00	109.00	4615.00	0.99	6.77	-1.17	187.00	4615.00	42.34	36.00	50.00	2.96	8.78	2.88	0.00	42.34	0.00	0.00	0.00	0.68	109.00	0.96	0.00	0.00	0.00	0.00	0.00	0.00	0.00	
146.00	565.00	447.00	0.00	106.00	5245.00	0.99	6.36	-1.23	180.00	5245.00	49.48	39.00	57.00	4.04	16.31	3.61	0.00	49.48	0.00	0.00	0.00	0.63	106.00	0.94	0.10	0.00	0.00	0.00	0.00	0.00	0.00	
147.00	671.00	212.00	0.00	92.00	6588.00	0.99	6.20	0.12	119.00	6588.00	71.61	39.00	94.00	17.53	307.25	10.48	0.00	71.61	0.00	0.00	0.00	0.55	92.00	0.81	0.10	0.00	0.00	0.00	0.00	0.00	0.00	
