ID	centroid_x	centroid_y	centroid_z	volume	integrated_intensity	eccentricity	elongation	orientation	bounding_box_volume	sum	mean	minimum	maximum	sigma	variance	surface_gradient	interior_gradient	surface_intensity	interior_intensity	intensity_ratio	convexity	radius_variation	surface_area	shape	shared_boundary	t_energy	t_entropy	inverse_diff_moment	inertia	cluster_shade	cluster_prominence	
1.00	933.00	205.00	0.00	18729.00	710974.00	1.00	144.27	-1.88	50430.00	710974.00	37.96	10.00	255.00	22.45	503.87	2.39	0.00	37.96	0.00	0.00	0.00	1.73	18729.00	165.61	0.00	0.00	0.00	0.00	0.00	0.00	0.00	
2.00	799.00	630.00	0.00	15087.00	413837.00	1.00	93.72	-2.06	29952.00	413837.00	27.43	5.00	39.00	4.11	16.90	1.21	0.00	27.43	0.00	0.00	0.00	2.21	15087.00	133.40	0.00	0.00	0.00	0.00	0.00	0.00	0.00	
3.00	937.00	662.00	0.00	8808.00	253231.00	1.00	55.00	-0.24	14706.00	253231.00	28.75	16.00	41.00	4.36	19.03	1.23	0.00	28.75	0.00	0.00	0.00	1.94	8808.00	77.88	0.00	0.00	0.00	0.00	0.00	0.00	0.00	
4.00	808.00	955.00	0.00	8787.00	232478.00	1.00	76.11	-1.35	13300.00	232478.00	26.46	10.00	41.00	4.13	17.09	1.07	0.00	26.46	0.00	0.00	0.00	1.53	8787.00	77.70	0.00	0.00	0.00	0.00	0.00	0.00	0.00	
5.00	901.00	818.00	0.00	8683.00	220165.00	1.00	73.39	0.19	18128.00	220165.00	25.36	7.00	40.00	4.68	21.92	1.13	0.00	25.36	0.00	0.00	0.00	1.85	8683.00	76.78	0.00	0.00	0.00	0.00	0.00	0.00	0.00	
6.00	638.00	400.00	0.00	8236.00	226702.00	1.00	51.40	-2.04	22686.00	226702.00	27.53	9.00	38.00	3.25	10.54	1.41	0.00	27.53	0.00	0.00	0.00	2.39	8236.00	72.82	0.00	0.00	0.00	0.00	0.00	0.00	0.00	
7.00	161.00	1011.00	0.00	7941.00	566002.00	1.00	58.58	0.68	14592.00	566002.00	71.28	11.00	255.00	41.53	1724.49	5.18	0.00	71.28	0.00	0.00	0.00	1.83	7941.00	70.22	0.00	0.00	0.00	0.00	0.00	0.00	0.00	
8.00	520.00	452.00	0.00	6528.00	174057.00	1.00	58.08	-0.12	12012.00	174057.00	26.66	8.00	37.00	3.27	10.69	1.41	0.00	26.66	0.00	0.00	0.00	1.69	6528.00	57.72	0.00	0.00	0.00	0.00	0.00	0.00	0.00	
9.00	1475.00	630.00	0.00	6280.00	187396.00	1.00	52.47	-1.37	9825.00	187396.00	29.84	10.00	42.00	5.34	28.47	1.51	0.00	29.84	0.00	0.00	0.00	1.57	6280.00	55.53	0.00	0.00	0.00	0.00	0.00	0.00	0.00	
10.00	937.00	455.00	0.00	6175.00	171515.00	1.00	51.96	-2.01	10800.00	171515.00	27.78	11.00	38.00	4.42	19.52	1.21	0.00	27.78	0.00	0.00	0.00	1.64	6175.00	54.60	0.00	0.00	0.00	0.00	0.00	0.00	0.00	
11.00	446.00	546.00	0.00	5879.00	145155.00	1.00	69.85	0.56	13803.00	145155.00	24.69	12.00	34.00	2.92	8.51	1.28	0.00	24.69	0.00	0.00	0.00	1.72	5879.00	51.98	0.00	0.00	0.00	0.00	0.00	0.00	0.00	
12.00	756.00	471.00	0.00	5595.00	152959.00	1.00	44.03	-1.61	9006.00	152959.00	27.34	9.00	41.00	3.94	15.50	1.46	0.00	27.34	0.00	0.00	0.00	1.67	5595.00	49.47	0.01	0.00	0.00	0.00	0.00	0.00	0.00	
13.00	990.00	303.00	0.00	5424.00	152375.00	1.00	59.36	-1.65	9928.00	152375.00	28.09	9.00	39.00	3.91	15.26	1.69	0.00	28.09	0.00	0.00	0.00	1.53	5424.00	47.96	0.00	0.00	0.00	0.00	0.00	0.00	0.00	
14.00	62.00	565.00	0.00	5386.00	129514.00	1.00	59.59	-0.42	8888.00	129514.00	24.05	14.00	32.00	2.52	6.34	1.09	0.00	24.05	0.00	0.00	0.00	1.37	5386.00	47.62	0.00	0.00	0.00	0.00	0.00	0.00	0.00	
15.00	684.00	743.00	0.00	5195.00	135720.00	1.00	54.28	-1.85	7446.00	135720.00	26.13	10.00	38.00	4.18	17.47	1.24	0.00	26.13	0.00	0.00	0.00	1.40	5195.00	45.94	0.00	0.00	0.00	0.00	0.00	0.00	0.00	
16.00	393.00	1035.00	0.00	4984.00	124706.00	1.00	58.74	-0.69	9282.00	124706.00	25.02	12.00	31.00	2.73	7.44	1.07	0.00	25.02	0.00	0.00	0.00	1.55	4984.00	44.07	0.00	0.00	0.00	0.00	0.00	0.00	0.00	
17.00	808.00	1042.00	0.00	4815.00	146440.00	1.00	60.03	-2.15	6188.00	146440.00	30.41	10.00	44.00	4.92	24.24	0.94	0.00	30.41	0.00	0.00	0.00	1.34	4815.00	42.58	0.01	0.00	0.00	0.00	0.00	0.00	0.00	
18.00	1263.00	282.00	0.00	4753.00	128268.00	1.00	47.86	-0.71	8832.00	128268.00	26.99	11.00	39.00	4.42	19.55	1.48	0.00	26.99	0.00	0.00	0.00	1.54	4753.00	42.03	0.00	0.00	0.00	0.00	0.00	0.00	0.00	
19.00	993.00	986.00	0.00	4546.00	122153.00	1.00	63.78	-0.07	6314.00	122153.00	26.87	17.00	37.00	5.23	27.40	1.11	0.00	26.87	0.00	0.00	0.00	1.17	4546.00	40.20	0.00	0.00	0.00	0.00	0.00	0.00	0.00	
20.00	1675.00	943.00	0.00	4509.00	133622.00	1.00	59.86	-0.73	5928.00	133622.00	29.63	17.00	46.00	6.91	47.81	1.34	0.00	29.63	0.00	0.00	0.00	1.20	4509.00	39.87	0.00	0.00	0.00	0.00	0.00	0.00	0.00	
21.00	486.00	1007.00	0.00	4473.00	124421.00	1.00	61.71	0.42	6225.00	124421.00	27.82	16.00	38.00	3.90	15.20	1.12	0.00	27.82	0.00	0.00	0.00	1.17	4473.00	39.55	0.00	0.00	0.00	0.00	0.00	0.00	0.00	
22.00	1563.00	841.00	0.00	4461.00	125625.00	1.00	57.15	-0.97	6004.00	125625.00	28.16	10.00	45.00	5.90	34.83	1.39	0.00	28.16	0.00	0.00	0.00	1.22	4461.00	39.45	0.00	0.00	0.00	0.00	0.00	0.00	0.00	
23.00	712.00	890.00	0.00	4343.00	124653.00	1.00	61.79	0.40	5772.00	124653.00	28.70	14.00	39.00	4.42	19.54	1.27	0.00	28.70	0.00	0.00	0.00	1.16	4343.00	38.40	0.00	0.00	0.00	0.00	0.00	0.00	0.00	
24.00	455.00	783.00	0.00	4277.00	106861.00	1.00	46.90	-2.18	9790.00	106861.00	24.99	7.00	33.00	3.11	9.68	1.37	0.00	24.99	0.00	0.00	0.00	1.77	4277.00	37.82	0.00	0.00	0.00	0.00	0.00	0.00	0.00	
25.00	1469.00	853.00	0.00	4242.00	127847.00	1.00	57.85	-0.72	5925.00	127847.00	30.14	15.00	44.00	5.98	35.74	1.42	0.00	30.14	0.00	0.00	0.00	1.18	4242.00	37.51	0.00	0.00	0.00	0.00	0.00	0.00	0.00	
26.00	342.00	965.00	0.00	4052.00	111169.00	1.00	54.54	0.55	5751.00	111169.00	27.44	17.00	40.00	3.53	12.49	1.37	0.00	27.44	0.00	0.00	0.00	1.18	4052.00	35.83	0.00	0.00	0.00	0.00	0.00	0.00	0.00	
27.00	794.00	715.00	0.00	4023.00	91572.00	1.00	52.22	-1.18	7410.00	91572.00	22.76	12.00	32.00	3.74	14.02	1.11	0.00	22.76	0.00	0.00	0.00	1.25	4023.00	35.57	0.01	0.00	0.00	0.00	0.00	0.00	0.00	
28.00	1018.00	831.00	0.00	3996.00	109426.00	1.00	61.62	-1.14	5625.00	109426.00	27.38	12.00	38.00	4.74	22.50	1.25	0.00	27.38	0.00	0.00	0.00	1.13	3996.00	35.33	0.00	0.00	0.00	0.00	0.00	0.00	0.00	
29.00	1381.00	770.00	0.00	3974.00	119741.00	1.00	57.14	-0.91	5475.00	119741.00	30.13	16.00	46.00	5.20	27.08	1.40	0.00	30.13	0.00	0.00	0.00	1.15	3974.00	35.14	0.00	0.00	0.00	0.00	0.00	0.00	0.00	
30.00	1476.00	773.00	0.00	3757.00	114743.00	1.00	54.25	-0.70	5037.00	114743.00	30.54	17.00	44.00	5.60	31.31	1.41	0.00	30.54	0.00	0.00	0.00	1.15	3757.00	33.22	0.00	0.00	0.00	0.00	0.00	0.00	0.00	
31.00	802.00	362.00	0.00	3679.00	94392.00	1.00	60.68	-0.28	8010.00	94392.00	25.66	12.00	34.00	3.43	11.74	1.36	0.00	25.66	0.00	0.00	0.00	1.36	3679.00	32.53	0.01	0.00	0.00	0.00	0.00	0.00	0.00	
32.00	1180.00	714.00	0.00	3647.00	104475.00	1.00	57.27	-1.00	4900.00	104475.00	28.65	15.00	42.00	5.03	25.30	1.42	0.00	28.65	0.00	0.00	0.00	1.11	3647.00	32.25	0.00	0.00	0.00	0.00	0.00	0.00	0.00	
33.00	82.00	788.00	0.00	3496.00	86898.00	1.00	53.45	0.76	4623.00	86898.00	24.86	15.00	35.00	2.49	6.19	1.12	0.00	24.86	0.00	0.00	0.00	1.12	3496.00	30.91	0.00	0.00	0.00	0.00	0.00	0.00	0.00	
34.00	573.00	148.00	0.00	3433.00	83387.00	1.00	44.54	-0.77	6318.00	83387.00	24.29	11.00	33.00	3.14	9.88	1.30	0.00	24.29	0.00	0.00	0.00	1.33	3433.00	30.36	0.00	0.00	0.00	0.00	0.00	0.00	0.00	
35.00	619.00	692.00	0.00	3312.00	87425.00	1.00	51.79	-2.03	4347.00	87425.00	26.40	17.00	33.00	3.26	10.62	1.21	0.00	26.40	0.00	0.00	0.00	1.10	3312.00	29.29	0.00	0.00	0.00	0.00	0.00	0.00	0.00	
36.00	243.00	634.00	0.00	3289.00	86551.00	1.00	49.05	-2.04	4307.00	86551.00	26.32	15.00	32.00	2.48	6.17	1.14	0.00	26.32	0.00	0.00	0.00	1.12	3289.00	29.08	0.00	0.00	0.00	0.00	0.00	0.00	0.00	
37.00	1123.00	656.00	0.00	3259.00	89076.00	1.00	53.72	-1.27	4485.00	89076.00	27.33	17.00	37.00	4.37	19.08	1.36	0.00	27.33	0.00	0.00	0.00	1.08	3259.00	28.82	0.00	0.00	0.00	0.00	0.00	0.00	0.00	
38.00	1051.00	554.00	0.00	3084.00	85296.00	1.00	53.65	-1.16	4290.00	85296.00	27.66	16.00	40.00	4.03	16.25	1.36	0.00	27.66	0.00	0.00	0.00	1.06	3084.00	27.27	0.00	0.00	0.00	0.00	0.00	0.00	0.00	
39.00	724.00	272.00	0.00	2967.00	81390.00	1.00	43.10	-0.30	4332.00	81390.00	27.43	13.00	37.00	3.98	15.88	1.34	0.00	27.43	0.00	0.00	0.00	1.23	2967.00	26.23	0.01	0.00	0.00	0.00	0.00	0.00	0.00	
40.00	91.00	474.00	0.00	2841.00	73014.00	1.00	43.24	-1.75	3650.00	73014.00	25.70	16.00	33.00	2.31	5.33	1.09	0.00	25.70	0.00	0.00	0.00	1.09	2841.00	25.12	0.00	0.00	0.00	0.00	0.00	0.00	0.00	
41.00	31.00	692.00	0.00	2815.00	65832.00	1.00	41.58	-2.20	3894.00	65832.00	23.39	10.00	30.00	2.30	5.29	1.05	0.00	23.39	0.00	0.00	0.00	1.16	2815.00	24.89	0.00	0.00	0.00	0.00	0.00	0.00	0.00	
42.00	384.00	312.00	0.00	2791.00	66695.00	1.00	40.59	-1.46	5488.00	66695.00	23.90	10.00	33.00	3.74	13.95	1.57	0.00	23.90	0.00	0.00	0.00	1.51	2791.00	24.68	0.00	0.00	0.00	0.00	0.00	0.00	0.00	
43.00	1286.00	178.00	0.00	2610.00	71446.00	1.00	30.81	-0.96	7030.00	71446.00	27.37	12.00	35.00	3.72	13.84	1.73	0.00	27.37	0.00	0.00	0.00	1.69	2610.00	23.08	0.01	0.00	0.00	0.00	0.00	0.00	0.00	
44.00	566.00	627.00	0.00	2585.00	66859.00	1.00	43.78	0.51	3392.00	66859.00	25.86	13.00	39.00	2.92	8.52	1.34	0.00	25.86	0.00	0.00	0.00	1.05	2585.00	22.86	0.00	0.00	0.00	0.00	0.00	0.00	0.00	
45.00	1628.00	376.00	0.00	2558.00	71507.00	1.00	43.01	-1.22	3339.00	71507.00	27.95	16.00	40.00	5.17	26.74	1.59	0.00	27.95	0.00	0.00	0.00	1.05	2558.00	22.62	0.00	0.00	0.00	0.00	0.00	0.00	0.00	
46.00	1017.00	726.00	0.00	2505.00	67336.00	1.00	41.39	-1.97	3339.00	67336.00	26.88	17.00	35.00	3.88	15.06	1.35	0.00	26.88	0.00	0.00	0.00	1.07	2505.00	22.15	0.00	0.00	0.00	0.00	0.00	0.00	0.00	
47.00	1463.00	373.00	0.00	2491.00	70777.00	1.00	44.98	-0.93	3480.00	70777.00	28.41	17.00	40.00	5.00	25.02	1.52	0.00	28.41	0.00	0.00	0.00	1.02	2491.00	22.03	0.00	0.00	0.00	0.00	0.00	0.00	0.00	
48.00	452.00	862.00	0.00	2447.00	63837.00	1.00	39.07	-0.14	3290.00	63837.00	26.09	12.00	34.00	2.79	7.81	1.23	0.00	26.09	0.00	0.00	0.00	1.06	2447.00	21.64	0.00	0.00	0.00	0.00	0.00	0.00	0.00	
49.00	1583.00	330.00	0.00	2367.00	64429.00	1.00	41.95	-1.06	3120.00	64429.00	27.22	17.00	37.00	4.31	18.60	1.48	0.00	27.22	0.00	0.00	0.00	1.03	2367.00	20.93	0.00	0.00	0.00	0.00	0.00	0.00	0.00	
50.00	730.00	595.00	0.00	2360.00	55255.00	1.00	41.97	-2.23	3363.00	55255.00	23.41	16.00	30.00	2.79	7.80	1.03	0.00	23.41	0.00	0.00	0.00	1.05	2360.00	20.87	0.01	0.00	0.00	0.00	0.00	0.00	0.00	
51.00	435.00	424.00	0.00	2356.00	58866.00	1.00	44.13	-1.66	3456.00	58866.00	24.99	17.00	33.00	2.72	7.39	1.21	0.00	24.99	0.00	0.00	0.00	0.99	2356.00	20.83	0.01	0.00	0.00	0.00	0.00	0.00	0.00	
52.00	558.00	734.00	0.00	2305.00	56365.00	1.00	38.08	0.45	3150.00	56365.00	24.45	17.00	32.00	3.19	10.18	1.16	0.00	24.45	0.00	0.00	0.00	1.08	2305.00	20.38	0.00	0.00	0.00	0.00	0.00	0.00	0.00	
53.00	851.00	810.00	0.00	2247.00	51021.00	1.00	36.44	-2.21	3300.00	51021.00	22.71	14.00	30.00	2.34	5.45	1.10	0.00	22.71	0.00	0.00	0.00	1.11	2247.00	19.87	0.00	0.00	0.00	0.00	0.00	0.00	0.00	
54.00	475.00	349.00	0.00	2216.00	59718.00	1.00	42.05	-2.12	2915.00	59718.00	26.95	10.00	34.00	2.91	8.46	1.30	0.00	26.95	0.00	0.00	0.00	1.00	2216.00	19.59	0.00	0.00	0.00	0.00	0.00	0.00	0.00	
55.00	1602.00	738.00	0.00	2186.00	66560.00	1.00	31.74	-0.79	4485.00	66560.00	30.45	17.00	42.00	5.76	33.22	1.52	0.00	30.45	0.00	0.00	0.00	1.35	2186.00	19.33	0.02	0.00	0.00	0.00	0.00	0.00	0.00	
56.00	569.00	292.00	0.00	2149.00	58496.00	1.00	41.03	-1.88	2744.00	58496.00	27.22	12.00	35.00	3.19	10.17	1.40	0.00	27.22	0.00	0.00	0.00	0.99	2149.00	19.00	0.00	0.00	0.00	0.00	0.00	0.00	0.00	
57.00	1172.00	255.00	0.00	2125.00	48107.00	1.00	43.66	0.69	2968.00	48107.00	22.64	13.00	30.00	3.56	12.66	1.18	0.00	22.64	0.00	0.00	0.00	0.98	2125.00	18.79	0.00	0.00	0.00	0.00	0.00	0.00	0.00	
58.00	1173.00	324.00	0.00	2118.00	57734.00	1.00	40.88	-1.35	2950.00	57734.00	27.26	16.00	37.00	4.33	18.74	1.53	0.00	27.26	0.00	0.00	0.00	0.97	2118.00	18.73	0.00	0.00	0.00	0.00	0.00	0.00	0.00	
59.00	211.00	1058.00	0.00	2072.00	55315.00	1.00	36.15	-1.64	2829.00	55315.00	26.70	17.00	35.00	2.83	7.99	1.19	0.00	26.70	0.00	0.00	0.00	1.10	2072.00	18.32	0.00	0.00	0.00	0.00	0.00	0.00	0.00	
60.00	606.00	328.00	0.00	2044.00	49145.00	1.00	39.27	-1.97	2891.00	49145.00	24.04	16.00	31.00	2.99	8.97	1.09	0.00	24.04	0.00	0.00	0.00	0.98	2044.00	18.07	0.01	0.00	0.00	0.00	0.00	0.00	0.00	
61.00	935.00	393.00	0.00	2006.00	53378.00	1.00	37.43	-2.07	2679.00	53378.00	26.61	17.00	37.00	3.90	15.23	1.54	0.00	26.61	0.00	0.00	0.00	1.01	2006.00	17.74	0.00	0.00	0.00	0.00	0.00	0.00	0.00	
62.00	836.00	748.00	0.00	1989.00	54797.00	1.00	33.36	-2.33	3906.00	54797.00	27.55	17.00	36.00	4.07	16.57	1.28	0.00	27.55	0.00	0.00	0.00	1.20	1989.00	17.59	0.02	0.00	0.00	0.00	0.00	0.00	0.00	
63.00	1294.00	700.00	0.00	1976.00	47355.00	1.00	36.55	-0.23	3250.00	47355.00	23.97	15.00	31.00	2.81	7.88	1.31	0.00	23.97	0.00	0.00	0.00	1.03	1976.00	17.47	0.02	0.00	0.00	0.00	0.00	0.00	0.00	
64.00	113.00	656.00	0.00	1960.00	48600.00	1.00	44.19	-1.21	3192.00	48600.00	24.80	17.00	31.00	1.83	3.36	1.03	0.00	24.80	0.00	0.00	0.00	0.95	1960.00	17.33	0.01	0.00	0.00	0.00	0.00	0.00	0.00	
65.00	831.00	299.00	0.00	1957.00	54059.00	1.00	36.56	-1.86	2494.00	54059.00	27.62	9.00	41.00	3.91	15.32	1.49	0.00	27.62	0.00	0.00	0.00	1.02	1957.00	17.30	0.01	0.00	0.00	0.00	0.00	0.00	0.00	
66.00	885.00	330.00	0.00	1917.00	51791.00	1.00	36.04	-1.59	2337.00	51791.00	27.02	17.00	34.00	3.43	11.79	1.27	0.00	27.02	0.00	0.00	0.00	1.02	1917.00	16.95	0.01	0.00	0.00	0.00	0.00	0.00	0.00	
67.00	114.00	383.00	0.00	1887.00	46093.00	1.00	39.20	-2.19	2652.00	46093.00	24.43	17.00	28.00	1.99	3.95	1.03	0.00	24.43	0.00	0.00	0.00	0.96	1887.00	16.69	0.01	0.00	0.00	0.00	0.00	0.00	0.00	
68.00	838.00	488.00	0.00	1816.00	51223.00	1.00	35.05	-2.23	3245.00	51223.00	28.21	16.00	38.00	4.19	17.56	1.29	0.00	28.21	0.00	0.00	0.00	1.04	1816.00	16.06	0.02	0.00	0.00	0.00	0.00	0.00	0.00	
69.00	472.00	248.00	0.00	1768.00	46565.00	1.00	34.95	-1.97	2352.00	46565.00	26.34	17.00	34.00	2.96	8.73	1.42	0.00	26.34	0.00	0.00	0.00	0.98	1768.00	15.63	0.00	0.00	0.00	0.00	0.00	0.00	0.00	
70.00	373.00	815.00	0.00	1768.00	41815.00	1.00	29.47	-1.28	2640.00	41815.00	23.65	17.00	33.00	3.02	9.15	1.36	0.00	23.65	0.00	0.00	0.00	1.08	1768.00	15.63	0.00	0.00	0.00	0.00	0.00	0.00	0.00	
71.00	1218.00	212.00	0.00	1761.00	43981.00	1.00	34.45	-1.59	2378.00	43981.00	24.98	15.00	37.00	4.61	21.26	1.52	0.00	24.98	0.00	0.00	0.00	0.95	1761.00	15.57	0.00	0.00	0.00	0.00	0.00	0.00	0.00	
72.00	846.00	109.00	0.00	1713.00	44240.00	1.00	36.81	-1.47	2142.00	44240.00	25.83	16.00	35.00	3.25	10.55	1.27	0.00	25.83	0.00	0.00	0.00	0.93	1713.00	15.15	0.00	0.00	0.00	0.00	0.00	0.00	0.00	
73.00	890.00	59.00	0.00	1690.00	42232.00	1.00	35.67	-0.95	2550.00	42232.00	24.99	16.00	33.00	3.36	11.29	1.26	0.00	24.99	0.00	0.00	0.00	0.97	1690.00	14.94	0.02	0.00	0.00	0.00	0.00	0.00	0.00	
74.00	436.00	182.00	0.00	1684.00	42717.00	1.00	34.59	-2.14	2250.00	42717.00	25.37	17.00	34.00	2.81	7.92	1.36	0.00	25.37	0.00	0.00	0.00	0.97	1684.00	14.89	0.00	0.00	0.00	0.00	0.00	0.00	0.00	
75.00	1438.00	425.00	0.00	1648.00	51398.00	1.00	29.18	-0.95	2530.00	51398.00	31.19	12.00	40.00	4.59	21.10	2.01	0.00	31.19	0.00	0.00	0.00	1.10	1648.00	14.57	0.00	0.00	0.00	0.00	0.00	0.00	0.00	
76.00	744.00	80.00	0.00	1642.00	42364.00	1.00	35.15	-1.62	2226.00	42364.00	25.80	17.00	34.00	2.86	8.17	1.36	0.00	25.80	0.00	0.00	0.00	0.92	1642.00	14.52	0.00	0.00	0.00	0.00	0.00	0.00	0.00	
77.00	649.00	221.00	0.00	1640.00	44664.00	1.00	32.84	-1.95	2214.00	44664.00	27.23	17.00	35.00	3.32	11.02	1.54	0.00	27.23	0.00	0.00	0.00	0.97	1640.00	14.50	0.00	0.00	0.00	0.00	0.00	0.00	0.00	
78.00	128.00	321.00	0.00	1621.00	39374.00	1.00	31.35	-2.15	2236.00	39374.00	24.29	15.00	32.00	2.97	8.84	1.36	0.00	24.29	0.00	0.00	0.00	1.02	1621.00	14.33	0.00	0.00	0.00	0.00	0.00	0.00	0.00	
79.00	253.00	307.00	0.00	1615.00	40280.00	1.00	41.30	-0.70	3717.00	40280.00	24.94	9.00	33.00	4.27	18.26	2.29	0.00	24.94	0.00	0.00	0.00	1.19	1615.00	14.28	0.00	0.00	0.00	0.00	0.00	0.00	0.00	
80.00	1372.00	141.00	0.00	1614.00	47418.00	1.00	32.54	-0.10	2184.00	47418.00	29.38	17.00	36.00	3.51	12.31	1.78	0.00	29.38	0.00	0.00	0.00	0.94	1614.00	14.27	0.00	0.00	0.00	0.00	0.00	0.00	0.00	
81.00	136.00	259.00	0.00	1599.00	40449.00	1.00	30.61	-2.02	2200.00	40449.00	25.30	17.00	32.00	2.95	8.69	1.32	0.00	25.30	0.00	0.00	0.00	1.01	1599.00	14.14	0.00	0.00	0.00	0.00	0.00	0.00	0.00	
82.00	1231.00	107.00	0.00	1592.00	43701.00	1.00	33.07	-1.41	2028.00	43701.00	27.45	16.00	38.00	3.85	14.83	1.64	0.00	27.45	0.00	0.00	0.00	0.93	1592.00	14.08	0.00	0.00	0.00	0.00	0.00	0.00	0.00	
83.00	557.00	1062.00	0.00	1586.00	40399.00	1.00	28.97	-1.61	2208.00	40399.00	25.47	14.00	36.00	3.91	15.29	1.34	0.00	25.47	0.00	0.00	0.00	1.09	1586.00	14.02	0.00	0.00	0.00	0.00	0.00	0.00	0.00	
84.00	928.00	147.00	0.00	1547.00	39431.00	1.00	32.35	-2.12	2100.00	39431.00	25.49	15.00	32.00	2.85	8.13	1.41	0.00	25.49	0.00	0.00	0.00	0.96	1547.00	13.68	0.00	0.00	0.00	0.00	0.00	0.00	0.00	
85.00	716.00	204.00	0.00	1547.00	40894.00	1.00	34.66	-1.75	2050.00	40894.00	26.43	17.00	33.00	3.34	11.13	1.42	0.00	26.43	0.00	0.00	0.00	0.92	1547.00	13.68	0.01	0.00	0.00	0.00	0.00	0.00	0.00	
86.00	501.00	172.00	0.00	1512.00	39356.00	1.00	31.12	-1.92	2014.00	39356.00	26.03	17.00	34.00	3.31	10.94	1.57	0.00	26.03	0.00	0.00	0.00	0.95	1512.00	13.37	0.00	0.00	0.00	0.00	0.00	0.00	0.00	
87.00	783.00	545.00	0.00	1501.00	43584.00	1.00	27.91	-2.23	2592.00	43584.00	29.04	15.00	37.00	3.83	14.63	1.51	0.00	29.04	0.00	0.00	0.00	1.14	1501.00	13.27	0.03	0.00	0.00	0.00	0.00	0.00	0.00	
88.00	1581.00	753.00	0.00	1420.00	35900.00	1.00	22.73	-0.79	3025.00	35900.00	25.28	17.00	38.00	4.87	23.75	1.25	0.00	25.28	0.00	0.00	0.00	1.32	1420.00	12.56	0.03	0.00	0.00	0.00	0.00	0.00	0.00	
89.00	654.00	291.00	0.00	1401.00	36850.00	1.00	28.13	-2.19	2385.00	36850.00	26.30	17.00	34.00	3.14	9.87	1.34	0.00	26.30	0.00	0.00	0.00	1.06	1401.00	12.39	0.02	0.00	0.00	0.00	0.00	0.00	0.00	
90.00	1117.00	253.00	0.00	1392.00	39399.00	1.00	30.98	0.78	2352.00	39399.00	28.30	16.00	35.00	3.96	15.69	1.35	0.00	28.30	0.00	0.00	0.00	0.98	1392.00	12.31	0.02	0.00	0.00	0.00	0.00	0.00	0.00	
91.00	1365.00	198.00	0.00	1373.00	42797.00	1.00	27.24	-0.24	1870.00	42797.00	31.17	16.00	38.00	3.96	15.71	2.07	0.00	31.17	0.00	0.00	0.00	0.96	1373.00	12.14	0.00	0.00	0.00	0.00	0.00	0.00	0.00	
92.00	772.00	224.00	0.00	1367.00	35325.00	1.00	28.55	0.40	1872.00	35325.00	25.84	10.00	37.00	4.24	18.01	1.57	0.00	25.84	0.00	0.00	0.00	0.96	1367.00	12.09	0.00	0.00	0.00	0.00	0.00	0.00	0.00	
93.00	606.00	527.00	0.00	1319.00	32917.00	1.00	24.09	-1.88	1947.00	32917.00	24.96	16.00	33.00	2.82	7.98	1.61	0.00	24.96	0.00	0.00	0.00	1.05	1319.00	11.66	0.00	0.00	0.00	0.00	0.00	0.00	0.00	
94.00	413.00	247.00	0.00	1310.00	30862.00	1.00	28.11	0.46	1739.00	30862.00	23.56	16.00	32.00	2.89	8.33	1.39	0.00	23.56	0.00	0.00	0.00	0.96	1310.00	11.58	0.00	0.00	0.00	0.00	0.00	0.00	0.00	
95.00	795.00	121.00	0.00	1291.00	34021.00	1.00	28.94	-2.14	1960.00	34021.00	26.35	16.00	33.00	2.89	8.33	1.33	0.00	26.35	0.00	0.00	0.00	0.95	1291.00	11.42	0.02	0.00	0.00	0.00	0.00	0.00	0.00	
96.00	766.00	528.00	0.00	1268.00	32942.00	1.00	23.71	-2.27	2544.00	32942.00	25.98	16.00	32.00	2.98	8.88	1.41	0.00	25.98	0.00	0.00	0.00	1.18	1268.00	11.21	0.03	0.00	0.00	0.00	0.00	0.00	0.00	
97.00	533.00	579.00	0.00	1245.00	29002.00	1.00	30.36	-0.78	2208.00	29002.00	23.29	17.00	31.00	2.50	6.25	1.10	0.00	23.29	0.00	0.00	0.00	0.94	1245.00	11.01	0.02	0.00	0.00	0.00	0.00	0.00	0.00	
98.00	195.00	333.00	0.00	1241.00	31232.00	1.00	24.27	-2.30	2024.00	31232.00	25.17	16.00	34.00	3.19	10.20	1.62	0.00	25.17	0.00	0.00	0.00	1.08	1241.00	10.97	0.00	0.00	0.00	0.00	0.00	0.00	0.00	
99.00	553.00	336.00	0.00	1221.00	31781.00	1.00	27.70	-0.83	2070.00	31781.00	26.03	12.00	32.00	2.40	5.76	1.26	0.00	26.03	0.00	0.00	0.00	1.00	1221.00	10.80	0.03	0.00	0.00	0.00	0.00	0.00	0.00	
100.00	997.00	361.00	0.00	1207.00	35473.00	1.00	23.59	-0.81	2256.00	35473.00	29.39	17.00	37.00	3.30	10.89	1.51	0.00	29.39	0.00	0.00	0.00	1.15	1207.00	10.67	0.03	0.00	0.00	0.00	0.00	0.00	0.00	
101.00	590.00	234.00	0.00	1163.00	30005.00	1.00	23.06	-1.75	1624.00	30005.00	25.80	16.00	34.00	3.10	9.59	1.30	0.00	25.80	0.00	0.00	0.00	1.01	1163.00	10.28	0.03	0.00	0.00	0.00	0.00	0.00	0.00	
102.00	530.00	345.00	0.00	1134.00	27868.00	1.00	21.68	-0.77	2499.00	27868.00	24.57	12.00	31.00	3.11	9.65	1.48	0.00	24.57	0.00	0.00	0.00	1.20	1134.00	10.03	0.03	0.00	0.00	0.00	0.00	0.00	0.00	
103.00	666.00	135.00	0.00	1089.00	24910.00	1.00	27.79	-0.86	1763.00	24910.00	22.87	16.00	30.00	3.20	10.26	1.21	0.00	22.87	0.00	0.00	0.00	0.96	1089.00	9.63	0.02	0.00	0.00	0.00	0.00	0.00	0.00	
104.00	326.00	357.00	0.00	1059.00	26796.00	1.00	27.68	0.59	1677.00	26796.00	25.30	17.00	32.00	2.47	6.11	1.59	0.00	25.30	0.00	0.00	0.00	0.88	1059.00	9.36	0.01	0.00	0.00	0.00	0.00	0.00	0.00	
105.00	638.00	459.00	0.00	1023.00	21928.00	1.00	23.12	0.24	1674.00	21928.00	21.43	13.00	28.00	2.53	6.43	1.64	0.00	21.43	0.00	0.00	0.00	0.99	1023.00	9.05	0.01	0.00	0.00	0.00	0.00	0.00	0.00	
106.00	1241.00	819.00	0.00	999.00	34044.00	1.00	18.72	-2.27	2295.00	34044.00	34.08	17.00	43.00	5.60	31.38	3.19	0.00	34.08	0.00	0.00	0.00	1.26	999.00	8.83	0.00	0.00	0.00	0.00	0.00	0.00	0.00	
107.00	547.00	558.00	0.00	977.00	25237.00	1.00	25.79	-0.80	1520.00	25237.00	25.83	17.00	31.00	2.94	8.67	1.18	0.00	25.83	0.00	0.00	0.00	0.89	977.00	8.64	0.03	0.00	0.00	0.00	0.00	0.00	0.00	
108.00	1081.00	722.00	0.00	936.00	27136.00	1.00	19.16	-0.85	2091.00	27136.00	28.99	17.00	38.00	4.67	21.81	1.71	0.00	28.99	0.00	0.00	0.00	1.20	936.00	8.28	0.03	0.00	0.00	0.00	0.00	0.00	0.00	
109.00	587.00	215.00	0.00	934.00	25146.00	1.00	19.55	-1.73	1400.00	25146.00	26.92	16.00	34.00	2.98	8.88	1.59	0.00	26.92	0.00	0.00	0.00	1.01	934.00	8.26	0.03	0.00	0.00	0.00	0.00	0.00	0.00	
110.00	406.00	368.00	0.00	926.00	21456.00	1.00	18.39	-2.06	1716.00	21456.00	23.17	16.00	30.00	2.82	7.96	1.72	0.00	23.17	0.00	0.00	0.00	1.13	926.00	8.19	0.00	0.00	0.00	0.00	0.00	0.00	0.00	
111.00	1792.00	353.00	0.00	910.00	27047.00	1.00	16.96	-1.03	2128.00	27047.00	29.72	17.00	39.00	4.32	18.64	2.68	0.00	29.72	0.00	0.00	0.00	1.27	910.00	8.05	0.00	0.00	0.00	0.00	0.00	0.00	0.00	
112.00	840.00	396.00	0.00	898.00	22735.00	1.00	25.09	-1.93	1248.00	22735.00	25.32	17.00	30.00	2.45	6.01	1.07	0.00	25.32	0.00	0.00	0.00	0.88	898.00	7.94	0.04	0.00	0.00	0.00	0.00	0.00	0.00	
113.00	203.00	573.00	0.00	890.00	21482.00	1.00	16.59	-2.26	2142.00	21482.00	24.14	17.00	29.00	2.50	6.24	1.76	0.00	24.14	0.00	0.00	0.00	1.28	890.00	7.87	0.00	0.00	0.00	0.00	0.00	0.00	0.00	
114.00	1361.00	267.00	0.00	885.00	27847.00	1.00	18.43	-0.76	1848.00	27847.00	31.47	17.00	39.00	3.81	14.48	1.87	0.00	31.47	0.00	0.00	0.00	1.17	885.00	7.83	0.04	0.00	0.00	0.00	0.00	0.00	0.00	
115.00	1349.00	278.00	0.00	871.00	25897.00	1.00	17.49	-0.77	2115.00	25897.00	29.73	17.00	37.00	4.51	20.34	1.87	0.00	29.73	0.00	0.00	0.00	1.21	871.00	7.70	0.04	0.00	0.00	0.00	0.00	0.00	0.00	
116.00	1342.00	679.00	0.00	861.00	24481.00	1.00	16.37	-1.03	2262.00	24481.00	28.43	17.00	42.00	5.14	26.38	2.77	0.00	28.43	0.00	0.00	0.00	1.30	861.00	7.61	0.00	0.00	0.00	0.00	0.00	0.00	0.00	
117.00	1114.00	8.00	0.00	828.00	22126.00	1.00	18.09	-1.49	1040.00	22126.00	26.72	12.00	35.00	3.08	9.47	1.40	0.00	26.72	0.00	0.00	0.00	0.95	828.00	7.32	0.00	0.00	0.00	0.00	0.00	0.00	0.00	
118.00	1098.00	239.00	0.00	793.00	20218.00	1.00	20.23	-2.36	1295.00	20218.00	25.50	17.00	33.00	3.31	10.98	1.49	0.00	25.50	0.00	0.00	0.00	0.96	793.00	7.01	0.04	0.00	0.00	0.00	0.00	0.00	0.00	
119.00	90.00	676.00	0.00	752.00	17976.00	1.00	21.36	-0.66	1178.00	17976.00	23.90	17.00	28.00	1.79	3.21	1.15	0.00	23.90	0.00	0.00	0.00	0.89	752.00	6.65	0.04	0.00	0.00	0.00	0.00	0.00	0.00	
120.00	1272.00	714.00	0.00	746.00	16826.00	1.00	17.71	-0.36	1296.00	16826.00	22.55	17.00	30.00	2.27	5.13	1.41	0.00	22.55	0.00	0.00	0.00	1.00	746.00	6.60	0.04	0.00	0.00	0.00	0.00	0.00	0.00	
121.00	435.00	118.00	0.00	708.00	18374.00	1.00	17.25	0.61	1312.00	18374.00	25.95	16.00	35.00	4.46	19.89	2.15	0.00	25.95	0.00	0.00	0.00	1.02	708.00	6.26	0.00	0.00	0.00	0.00	0.00	0.00	0.00	
122.00	1007.00	523.00	0.00	697.00	17987.00	1.00	20.78	-1.89	1134.00	17987.00	25.81	17.00	34.00	2.78	7.73	1.70	0.00	25.81	0.00	0.00	0.00	0.84	697.00	6.16	0.03	0.00	0.00	0.00	0.00	0.00	0.00	
123.00	1640.00	460.00	0.00	688.00	20400.00	1.00	15.34	-0.87	1452.00	20400.00	29.65	17.00	41.00	5.27	27.77	2.72	0.00	29.65	0.00	0.00	0.00	1.14	688.00	6.08	0.01	0.00	0.00	0.00	0.00	0.00	0.00	
124.00	1063.00	727.00	0.00	674.00	19155.00	1.00	16.92	-0.87	1295.00	19155.00	28.42	17.00	38.00	3.64	13.28	1.64	0.00	28.42	0.00	0.00	0.00	1.04	674.00	5.96	0.06	0.00	0.00	0.00	0.00	0.00	0.00	
125.00	540.00	262.00	0.00	657.00	15752.00	1.00	15.04	-1.87	1150.00	15752.00	23.98	17.00	30.00	2.85	8.15	2.02	0.00	23.98	0.00	0.00	0.00	1.02	657.00	5.81	0.00	0.00	0.00	0.00	0.00	0.00	0.00	
126.00	1408.00	330.00	0.00	653.00	19569.00	1.00	16.46	-0.72	1360.00	19569.00	29.97	17.00	38.00	4.44	19.74	2.58	0.00	29.97	0.00	0.00	0.00	1.01	653.00	5.77	0.01	0.00	0.00	0.00	0.00	0.00	0.00	
127.00	670.00	304.00	0.00	645.00	17297.00	1.00	16.60	-2.24	1320.00	17297.00	26.82	16.00	37.00	3.15	9.92	1.61	0.00	26.82	0.00	0.00	0.00	1.03	645.00	5.70	0.05	0.00	0.00	0.00	0.00	0.00	0.00	
128.00	670.00	615.00	0.00	601.00	15586.00	1.00	22.63	-2.00	1023.00	15586.00	25.93	6.00	70.00	9.46	89.47	4.87	0.00	25.93	0.00	0.00	0.00	0.73	601.00	5.31	0.00	0.00	0.00	0.00	0.00	0.00	0.00	
129.00	1153.00	27.00	0.00	585.00	15671.00	1.00	14.84	-1.36	987.00	15671.00	26.79	17.00	34.00	3.85	14.84	2.77	0.00	26.79	0.00	0.00	0.00	0.95	585.00	5.17	0.00	0.00	0.00	0.00	0.00	0.00	0.00	
130.00	706.00	25.00	0.00	553.00	14562.00	1.00	14.57	-2.06	1107.00	14562.00	26.33	17.00	34.00	3.70	13.70	2.41	0.00	26.33	0.00	0.00	0.00	1.00	553.00	4.89	0.00	0.00	0.00	0.00	0.00	0.00	0.00	
131.00	332.00	418.00	0.00	535.00	11490.00	1.00	14.35	0.12	920.00	11490.00	21.48	15.00	28.00	2.72	7.41	1.72	0.00	21.48	0.00	0.00	0.00	0.86	535.00	4.73	0.01	0.00	0.00	0.00	0.00	0.00	0.00	
132.00	1210.00	356.00	0.00	514.00	10186.00	1.00	17.58	0.51	1271.00	10186.00	19.82	15.00	31.00	2.87	8.23	1.56	0.00	19.82	0.00	0.00	0.00	0.92	514.00	4.54	0.00	0.00	0.00	0.00	0.00	0.00	0.00	
133.00	987.00	374.00	0.00	510.00	14807.00	1.00	11.73	-0.82	1295.00	14807.00	29.03	17.00	34.00	3.08	9.48	2.03	0.00	29.03	0.00	0.00	0.00	1.16	510.00	4.51	0.06	0.00	0.00	0.00	0.00	0.00	0.00	
134.00	984.00	521.00	0.00	455.00	10682.00	1.00	14.26	-2.28	832.00	10682.00	23.48	17.00	30.00	2.23	4.97	1.60	0.00	23.48	0.00	0.00	0.00	0.92	455.00	4.02	0.04	0.00	0.00	0.00	0.00	0.00	0.00	
135.00	865.00	389.00	0.00	451.00	11719.00	1.00	15.49	0.28	646.00	11719.00	25.98	17.00	32.00	2.45	6.02	1.78	0.00	25.98	0.00	0.00	0.00	0.79	451.00	3.99	0.04	0.00	0.00	0.00	0.00	0.00	0.00	
136.00	504.00	106.00	0.00	428.00	11720.00	1.00	14.89	-1.91	756.00	11720.00	27.38	17.00	33.00	3.43	11.77	2.45	0.00	27.38	0.00	0.00	0.00	0.78	428.00	3.78	0.02	0.00	0.00	0.00	0.00	0.00	0.00	
137.00	464.00	486.00	0.00	414.00	9630.00	1.00	17.58	-0.87	552.00	9630.00	23.26	17.00	28.00	2.68	7.21	1.56	0.00	23.26	0.00	0.00	0.00	0.67	414.00	3.66	0.04	0.00	0.00	0.00	0.00	0.00	0.00	
138.00	880.00	80.00	0.00	409.00	7881.00	1.00	12.61	-1.03	770.00	7881.00	19.27	16.00	25.00	1.89	3.57	1.09	0.00	19.27	0.00	0.00	0.00	0.95	409.00	3.62	0.06	0.00	0.00	0.00	0.00	0.00	0.00	
139.00	725.00	309.00	0.00	397.00	10047.00	1.00	10.76	-1.49	602.00	10047.00	25.31	17.00	32.00	3.28	10.75	2.08	0.00	25.31	0.00	0.00	0.00	0.90	397.00	3.51	0.05	0.00	0.00	0.00	0.00	0.00	0.00	
140.00	620.00	97.00	0.00	392.00	10233.00	1.00	12.84	-1.57	663.00	10233.00	26.10	17.00	33.00	2.94	8.67	2.39	0.00	26.10	0.00	0.00	0.00	0.81	392.00	3.47	0.04	0.00	0.00	0.00	0.00	0.00	0.00	
141.00	736.00	150.00	0.00	388.00	10185.00	1.00	15.85	-2.27	644.00	10185.00	26.25	17.00	32.00	2.54	6.44	1.50	0.00	26.25	0.00	0.00	0.00	0.74	388.00	3.43	0.07	0.00	0.00	0.00	0.00	0.00	0.00	
142.00	1405.00	883.00	0.00	349.00	7298.00	1.00	17.19	-1.05	840.00	7298.00	20.91	13.00	40.00	3.85	14.86	2.88	0.00	20.91	0.00	0.00	0.00	0.90	349.00	3.09	0.00	0.00	0.00	0.00	0.00	0.00	0.00	
143.00	676.00	121.00	0.00	345.00	8871.00	1.00	11.18	-0.79	650.00	8871.00	25.71	16.00	34.00	2.95	8.68	1.92	0.00	25.71	0.00	0.00	0.00	0.90	345.00	3.05	0.06	0.00	0.00	0.00	0.00	0.00	0.00	
144.00	889.00	353.00	0.00	311.00	8517.00	0.99	9.88	-1.70	385.00	8517.00	27.39	16.00	34.00	3.70	13.70	2.25	0.00	27.39	0.00	0.00	0.00	0.82	311.00	2.75	0.05	0.00	0.00	0.00	0.00	0.00	0.00	
145.00	1282.00	201.00	0.00	300.00	6664.00	1.00	10.36	-0.80	600.00	6664.00	22.21	17.00	27.00	2.33	5.41	1.49	0.00	22.21	0.00	0.00	0.00	0.88	300.00	2.65	0.07	0.00	0.00	0.00	0.00	0.00	0.00	
146.00	637.00	92.00	0.00	288.00	7922.00	0.99	9.21	-1.26	525.00	7922.00	27.51	17.00	35.00	3.40	11.56	2.65	0.00	27.51	0.00	0.00	0.00	0.89	288.00	2.55	0.05	0.00	0.00	0.00	0.00	0.00	0.00	
147.00	750.00	151.00	0.00	271.00	6884.00	1.00	10.09	0.65	598.00	6884.00	25.40	17.00	31.00	2.49	6.20	2.18	0.00	25.40	0.00	0.00	0.00	0.89	271.00	2.40	0.06	0.00	0.00	0.00	0.00	0.00	0.00	
148.00	630.00	604.00	0.00	269.00	8000.00	1.00	19.99	-1.20	690.00	8000.00	29.74	12.00	255.00	34.61	1197.81	9.53	0.00	29.74	0.00	0.00	0.00	0.61	269.00	2.38	0.00	0.00	0.00	0.00	0.00	0.00	0.00	
149.00	779.00	111.00	0.00	266.00	7240.00	0.99	9.39	-2.34	529.00	7240.00	27.22	17.00	34.00	2.83	8.02	1.99	0.00	27.22	0.00	0.00	0.00	0.88	266.00	2.35	0.07	0.00	0.00	0.00	0.00	0.00	0.00	
150.00	625.00	343.00	0.00	250.00	6148.00	0.99	9.04	-2.30	506.00	6148.00	24.59	17.00	29.00	2.73	7.44	1.66	0.00	24.59	0.00	0.00	0.00	0.88	250.00	2.21	0.08	0.00	0.00	0.00	0.00	0.00	0.00	
151.00	488.00	120.00	0.00	244.00	5785.00	1.00	13.02	0.78	361.00	5785.00	23.71	17.00	31.00	2.47	6.10	1.98	0.00	23.71	0.00	0.00	0.00	0.63	244.00	2.16	0.04	0.00	0.00	0.00	0.00	0.00	0.00	
152.00	695.00	1072.00	0.00	236.00	5592.00	0.99	7.24	-1.52	333.00	5592.00	23.69	17.00	34.00	3.19	10.17	2.45	0.00	23.69	0.00	0.00	0.00	0.87	236.00	2.09	0.00	0.00	0.00	0.00	0.00	0.00	0.00	
153.00	313.00	377.00	0.00	232.00	4966.00	1.00	11.59	-0.64	361.00	4966.00	21.41	15.00	26.00	2.49	6.20	1.47	0.00	21.41	0.00	0.00	0.00	0.65	232.00	2.05	0.06	0.00	0.00	0.00	0.00	0.00	0.00	
154.00	1204.00	758.00	0.00	177.00	4005.00	0.99	8.62	-2.21	300.00	4005.00	22.63	16.00	30.00	2.98	8.88	2.88	0.00	22.63	0.00	0.00	0.00	0.72	177.00	1.57	0.00	0.00	0.00	0.00	0.00	0.00	0.00	
155.00	271.00	1072.00	0.00	174.00	4422.00	0.98	5.78	-1.57	192.00	4422.00	25.41	15.00	31.00	3.34	11.18	2.70	0.00	25.41	0.00	0.00	0.00	0.81	174.00	1.54	0.00	0.00	0.00	0.00	0.00	0.00	0.00	
156.00	411.00	440.00	0.00	173.00	3739.00	0.99	7.89	-0.67	342.00	3739.00	21.61	15.00	26.00	1.99	3.96	1.57	0.00	21.61	0.00	0.00	0.00	0.78	173.00	1.53	0.09	0.00	0.00	0.00	0.00	0.00	0.00	
157.00	1652.00	482.00	0.00	172.00	5747.00	1.00	10.96	-0.97	270.00	5747.00	33.41	18.00	43.00	7.19	51.64	4.62	0.00	33.41	0.00	0.00	0.00	0.64	172.00	1.52	0.05	0.00	0.00	0.00	0.00	0.00	0.00	
158.00	747.00	377.00	0.00	171.00	3723.00	0.99	9.52	0.09	253.00	3723.00	21.77	17.00	26.00	2.11	4.45	1.90	0.00	21.77	0.00	0.00	0.00	0.62	171.00	1.51	0.07	0.00	0.00	0.00	0.00	0.00	0.00	
159.00	723.00	571.00	0.00	167.00	3856.00	0.99	6.71	-2.01	351.00	3856.00	23.09	17.00	26.00	2.07	4.28	1.71	0.00	23.09	0.00	0.00	0.00	0.82	167.00	1.48	0.09	0.00	0.00	0.00	0.00	0.00	0.00	
160.00	97.00	404.00	0.00	159.00	3648.00	0.99	7.60	-0.87	304.00	3648.00	22.94	17.00	27.00	2.05	4.22	1.66	0.00	22.94	0.00	0.00	0.00	0.74	159.00	1.41	0.09	0.00	0.00	0.00	0.00	0.00	0.00	
161.00	1213.00	776.00	0.00	154.00	3203.00	0.99	8.47	-0.74	306.00	3203.00	20.80	15.00	31.00	2.81	7.87	2.53	0.00	20.80	0.00	0.00	0.00	0.74	154.00	1.36	0.00	0.00	0.00	0.00	0.00	0.00	0.00	
162.00	727.00	167.00	0.00	151.00	3521.00	0.99	8.01	-1.80	200.00	3521.00	23.32	17.00	28.00	2.12	4.50	1.91	0.00	23.32	0.00	0.00	0.00	0.65	151.00	1.34	0.07	0.00	0.00	0.00	0.00	0.00	0.00	
163.00	1387.00	316.00	0.00	127.00	3349.00	1.00	10.11	-1.41	180.00	3349.00	26.37	17.00	31.00	3.62	13.14	3.07	0.00	26.37	0.00	0.00	0.00	0.51	127.00	1.12	0.06	0.00	0.00	0.00	0.00	0.00	0.00	
164.00	741.00	201.00	0.00	118.00	3276.00	0.99	6.10	-0.08	147.00	3276.00	27.76	17.00	34.00	3.88	15.07	3.43	0.00	27.76	0.00	0.00	0.00	0.62	118.00	1.04	0.08	0.00	0.00	0.00	0.00	0.00	0.00	
165.00	755.00	921.00	0.00	115.00	2547.00	0.98	5.51	0.66	288.00	2547.00	22.15	14.00	27.00	1.93	3.71	1.96	0.00	22.15	0.00	0.00	0.00	0.80	115.00	1.02	0.11	0.00	0.00	0.00	0.00	0.00	0.00	
166.00	914.00	737.00	0.00	112.00	2898.00	0.97	3.97	-0.84	506.00	2898.00	25.88	17.00	33.00	3.24	10.52	3.69	0.00	25.88	0.00	0.00	0.00	1.04	112.00	0.99	0.14	0.00	0.00	0.00	0.00	0.00	0.00	
167.00	1235.00	772.00	0.00	105.00	3448.00	0.99	6.29	0.05	126.00	3448.00	32.84	17.00	46.00	7.92	62.69	7.29	0.00	32.84	0.00	0.00	0.00	0.55	105.00	0.93	0.00	0.00	0.00	0.00	0.00	0.00	0.00	
168.00	342.00	397.00	0.00	102.00	2617.00	0.99	8.55	0.69	144.00	2617.00	25.66	17.00	29.00	2.81	7.87	2.94	0.00	25.66	0.00	0.00	0.00	0.49	102.00	0.90	0.06	0.00	0.00	0.00	0.00	0.00	0.00	
169.00	864.00	893.00	0.00	89.00	1789.00	0.98	5.13	-1.00	192.00	1789.00	20.10	17.00	23.00	1.47	2.16	1.47	0.00	20.10	0.00	0.00	0.00	0.69	89.00	0.79	0.12	0.00	0.00	0.00	0.00	0.00	0.00	
170.00	656.00	474.00	0.00	88.00	2060.00	0.99	6.37	-1.96	135.00	2060.00	23.41	14.00	31.00	4.02	16.18	3.89	0.00	23.41	0.00	0.00	0.00	0.55	88.00	0.78	0.05	0.00	0.00	0.00	0.00	0.00	0.00	
171.00	724.00	159.00	0.00	76.00	1810.00	0.99	7.63	-1.58	88.00	1810.00	23.82	17.00	28.00	2.16	4.66	1.44	0.00	23.82	0.00	0.00	0.00	0.47	76.00	0.67	0.14	0.00	0.00	0.00	0.00	0.00	0.00	
172.00	1393.00	347.00	0.00	71.00	1566.00	0.99	6.52	-2.31	100.00	1566.00	22.06	17.00	26.00	2.86	8.20	3.37	0.00	22.06	0.00	0.00	0.00	0.51	71.00	0.63	0.00	0.00	0.00	0.00	0.00	0.00	0.00	
