ID	centroid_x	centroid_y	centroid_z	volume	integrated_intensity	eccentricity	elongation	orientation	bounding_box_volume	sum	mean	minimum	maximum	sigma	variance	surface_gradient	interior_gradient	surface_intensity	interior_intensity	intensity_ratio	convexity	radius_variation	surface_area	shape	shared_boundary	t_energy	t_entropy	inverse_diff_moment	inertia	cluster_shade	cluster_prominence	
1.00	917.00	700.00	0.00	8992.00	253963.00	1.00	90.24	0.04	13516.00	253963.00	28.24	2.00	42.00	5.16	26.59	1.19	0.00	28.24	0.00	0.00	0.00	1.44	8992.00	79.51	0.01	0.00	0.00	0.00	0.00	0.00	0.00	
2.00	733.00	663.00	0.00	6536.00	189152.00	1.00	71.91	-1.99	9879.00	189152.00	28.94	5.00	42.00	4.84	23.44	1.34	0.00	28.94	0.00	0.00	0.00	1.37	6536.00	57.79	0.01	0.00	0.00	0.00	0.00	0.00	0.00	
3.00	459.00	509.00	0.00	5211.00	126466.00	1.00	56.35	-0.84	8366.00	126466.00	24.27	10.00	33.00	3.14	9.88	1.33	0.00	24.27	0.00	0.00	0.00	1.36	5211.00	46.08	0.00	0.00	0.00	0.00	0.00	0.00	0.00	
4.00	993.00	208.00	0.00	5201.00	141072.00	1.00	43.40	-2.10	12222.00	141072.00	27.12	10.00	37.00	3.62	13.11	1.59	0.00	27.12	0.00	0.00	0.00	1.85	5201.00	45.99	0.01	0.00	0.00	0.00	0.00	0.00	0.00	
5.00	487.00	1007.00	0.00	4688.00	124843.00	1.00	61.41	0.51	6622.00	124843.00	26.63	9.00	37.00	4.19	17.58	1.44	0.00	26.63	0.00	0.00	0.00	1.20	4688.00	41.45	0.00	0.00	0.00	0.00	0.00	0.00	0.00	
6.00	997.00	1009.00	0.00	4667.00	132754.00	1.00	65.24	-0.34	6006.00	132754.00	28.45	13.00	41.00	5.16	26.65	1.52	0.00	28.45	0.00	0.00	0.00	1.19	4667.00	41.27	0.00	0.00	0.00	0.00	0.00	0.00	0.00	
7.00	299.00	980.00	0.00	4568.00	122392.00	1.00	58.36	0.50	6192.00	122392.00	26.79	12.00	41.00	3.69	13.61	1.58	0.00	26.79	0.00	0.00	0.00	1.22	4568.00	40.39	0.00	0.00	0.00	0.00	0.00	0.00	0.00	
8.00	1468.00	862.00	0.00	4515.00	136059.00	1.00	60.96	-0.69	6160.00	136059.00	30.13	14.00	48.00	6.42	41.25	1.75	0.00	30.13	0.00	0.00	0.00	1.19	4515.00	39.92	0.00	0.00	0.00	0.00	0.00	0.00	0.00	
9.00	847.00	934.00	0.00	4495.00	122569.00	1.00	62.54	0.25	6142.00	122569.00	27.27	8.00	40.00	4.53	20.55	1.52	0.00	27.27	0.00	0.00	0.00	1.17	4495.00	39.75	0.00	0.00	0.00	0.00	0.00	0.00	0.00	
10.00	186.00	990.00	0.00	4454.00	130124.00	1.00	58.06	0.68	6150.00	130124.00	29.22	3.00	108.00	8.70	75.74	4.13	0.00	29.22	0.00	0.00	0.00	1.23	4454.00	39.38	0.00	0.00	0.00	0.00	0.00	0.00	0.00	
11.00	1695.00	916.00	0.00	4451.00	141432.00	1.00	60.50	-0.54	5616.00	141432.00	31.78	14.00	48.00	7.11	50.51	1.74	0.00	31.78	0.00	0.00	0.00	1.19	4451.00	39.36	0.00	0.00	0.00	0.00	0.00	0.00	0.00	
12.00	1570.00	835.00	0.00	4441.00	129545.00	1.00	58.99	-0.80	6241.00	129545.00	29.17	11.00	46.00	6.15	37.79	1.74	0.00	29.17	0.00	0.00	0.00	1.19	4441.00	39.27	0.00	0.00	0.00	0.00	0.00	0.00	0.00	
13.00	775.00	945.00	0.00	4429.00	114182.00	1.00	62.18	0.32	5913.00	114182.00	25.78	9.00	40.00	4.29	18.40	1.57	0.00	25.78	0.00	0.00	0.00	1.17	4429.00	39.16	0.00	0.00	0.00	0.00	0.00	0.00	0.00	
14.00	117.00	1037.00	0.00	4408.00	108805.00	1.00	56.82	0.60	6000.00	108805.00	24.68	8.00	34.00	3.10	9.59	1.27	0.00	24.68	0.00	0.00	0.00	1.22	4408.00	38.98	0.00	0.00	0.00	0.00	0.00	0.00	0.00	
15.00	713.00	885.00	0.00	4367.00	119911.00	1.00	61.88	0.46	5767.00	119911.00	27.46	12.00	40.00	4.77	22.76	1.49	0.00	27.46	0.00	0.00	0.00	1.16	4367.00	38.61	0.00	0.00	0.00	0.00	0.00	0.00	0.00	
16.00	1194.00	782.00	0.00	4327.00	124072.00	1.00	61.69	-1.21	5913.00	124072.00	28.67	6.00	47.00	5.34	28.53	1.55	0.00	28.67	0.00	0.00	0.00	1.16	4327.00	38.26	0.00	0.00	0.00	0.00	0.00	0.00	0.00	
17.00	835.00	654.00	0.00	4263.00	116219.00	1.00	57.44	-1.08	5832.00	116219.00	27.26	10.00	37.00	4.76	22.69	1.37	0.00	27.26	0.00	0.00	0.00	1.22	4263.00	37.69	0.01	0.00	0.00	0.00	0.00	0.00	0.00	
18.00	994.00	938.00	0.00	4257.00	125198.00	1.00	62.87	-0.39	5402.00	125198.00	29.41	14.00	40.00	5.45	29.70	1.36	0.00	29.41	0.00	0.00	0.00	1.17	4257.00	37.64	0.00	0.00	0.00	0.00	0.00	0.00	0.00	
19.00	383.00	1005.00	0.00	4203.00	100307.00	1.00	58.16	0.62	5760.00	100307.00	23.87	9.00	33.00	3.13	9.82	1.24	0.00	23.87	0.00	0.00	0.00	1.18	4203.00	37.16	0.01	0.00	0.00	0.00	0.00	0.00	0.00	
20.00	1019.00	832.00	0.00	4189.00	115391.00	1.00	62.58	-0.04	5850.00	115391.00	27.55	13.00	42.00	5.19	26.91	1.63	0.00	27.55	0.00	0.00	0.00	1.15	4189.00	37.04	0.00	0.00	0.00	0.00	0.00	0.00	0.00	
21.00	248.00	749.00	0.00	4069.00	106646.00	1.00	56.78	-2.21	5698.00	106646.00	26.21	9.00	35.00	3.09	9.57	1.40	0.00	26.21	0.00	0.00	0.00	1.17	4069.00	35.98	0.00	0.00	0.00	0.00	0.00	0.00	0.00	
22.00	905.00	875.00	0.00	4065.00	108824.00	1.00	60.23	-0.66	5254.00	108824.00	26.77	13.00	39.00	4.38	19.17	1.33	0.00	26.77	0.00	0.00	0.00	1.14	4065.00	35.94	0.01	0.00	0.00	0.00	0.00	0.00	0.00	
23.00	1381.00	773.00	0.00	3990.00	117585.00	1.00	57.37	-0.79	5550.00	117585.00	29.47	15.00	42.00	5.59	31.26	1.72	0.00	29.47	0.00	0.00	0.00	1.15	3990.00	35.28	0.00	0.00	0.00	0.00	0.00	0.00	0.00	
24.00	473.00	857.00	0.00	3989.00	106469.00	1.00	55.67	0.73	5550.00	106469.00	26.69	14.00	37.00	3.64	13.24	1.42	0.00	26.69	0.00	0.00	0.00	1.17	3989.00	35.27	0.00	0.00	0.00	0.00	0.00	0.00	0.00	
25.00	326.00	847.00	0.00	3965.00	105364.00	1.00	53.20	-2.27	5624.00	105364.00	26.57	14.00	39.00	3.68	13.55	1.38	0.00	26.57	0.00	0.00	0.00	1.19	3965.00	35.06	0.00	0.00	0.00	0.00	0.00	0.00	0.00	
26.00	1029.00	745.00	0.00	3964.00	108922.00	1.00	60.30	-1.56	5402.00	108922.00	27.48	10.00	42.00	5.07	25.66	1.61	0.00	27.48	0.00	0.00	0.00	1.13	3964.00	35.05	0.00	0.00	0.00	0.00	0.00	0.00	0.00	
27.00	802.00	301.00	0.00	3946.00	101102.00	1.00	46.33	0.77	6396.00	101102.00	25.62	14.00	34.00	3.95	15.57	1.63	0.00	25.62	0.00	0.00	0.00	1.36	3946.00	34.89	0.00	0.00	0.00	0.00	0.00	0.00	0.00	
28.00	936.00	821.00	0.00	3927.00	110272.00	1.00	59.64	-0.78	5475.00	110272.00	28.08	10.00	41.00	4.76	22.68	1.49	0.00	28.08	0.00	0.00	0.00	1.13	3927.00	34.72	0.01	0.00	0.00	0.00	0.00	0.00	0.00	
29.00	1117.00	825.00	0.00	3902.00	112428.00	1.00	59.09	-0.22	4896.00	112428.00	28.81	12.00	41.00	6.10	37.19	1.73	0.00	28.81	0.00	0.00	0.00	1.13	3902.00	34.50	0.00	0.00	0.00	0.00	0.00	0.00	0.00	
30.00	847.00	817.00	0.00	3889.00	90608.00	1.00	59.90	0.46	5328.00	90608.00	23.30	10.00	35.00	3.09	9.58	1.42	0.00	23.30	0.00	0.00	0.00	1.13	3889.00	34.39	0.00	0.00	0.00	0.00	0.00	0.00	0.00	
31.00	1596.00	741.00	0.00	3871.00	114335.00	1.00	52.98	-0.89	5396.00	114335.00	29.54	15.00	47.00	6.10	37.19	1.65	0.00	29.54	0.00	0.00	0.00	1.18	3871.00	34.23	0.00	0.00	0.00	0.00	0.00	0.00	0.00	
32.00	582.00	1049.00	0.00	3790.00	106029.00	1.00	52.95	-1.74	4740.00	106029.00	27.98	13.00	39.00	4.46	19.93	1.32	0.00	27.98	0.00	0.00	0.00	1.20	3790.00	33.51	0.00	0.00	0.00	0.00	0.00	0.00	0.00	
33.00	1735.00	702.00	0.00	3766.00	113364.00	1.00	52.23	-0.74	5254.00	113364.00	30.10	13.00	45.00	6.36	40.41	1.87	0.00	30.10	0.00	0.00	0.00	1.17	3766.00	33.30	0.00	0.00	0.00	0.00	0.00	0.00	0.00	
34.00	475.00	327.00	0.00	3724.00	93448.00	1.00	47.81	0.47	5148.00	93448.00	25.09	11.00	33.00	3.58	12.81	1.50	0.00	25.09	0.00	0.00	0.00	1.24	3724.00	32.93	0.00	0.00	0.00	0.00	0.00	0.00	0.00	
35.00	1701.00	824.00	0.00	3722.00	119496.00	1.00	52.23	-0.47	5226.00	119496.00	32.11	9.00	48.00	6.95	48.24	1.93	0.00	32.11	0.00	0.00	0.00	1.15	3722.00	32.91	0.00	0.00	0.00	0.00	0.00	0.00	0.00	
36.00	724.00	221.00	0.00	3694.00	91945.00	1.00	48.01	-0.24	5376.00	91945.00	24.89	9.00	34.00	3.83	14.65	1.75	0.00	24.89	0.00	0.00	0.00	1.24	3694.00	32.66	0.00	0.00	0.00	0.00	0.00	0.00	0.00	
37.00	1473.00	763.00	0.00	3690.00	109940.00	1.00	51.01	-1.05	5226.00	109940.00	29.79	15.00	46.00	6.00	36.00	1.87	0.00	29.79	0.00	0.00	0.00	1.17	3690.00	32.63	0.00	0.00	0.00	0.00	0.00	0.00	0.00	
38.00	840.00	725.00	0.00	3631.00	85498.00	1.00	52.97	0.58	4608.00	85498.00	23.55	8.00	33.00	3.25	10.57	1.40	0.00	23.55	0.00	0.00	0.00	1.17	3631.00	32.11	0.01	0.00	0.00	0.00	0.00	0.00	0.00	
39.00	1185.00	709.00	0.00	3605.00	102124.00	1.00	57.40	-0.87	5040.00	102124.00	28.33	13.00	44.00	5.42	29.37	1.66	0.00	28.33	0.00	0.00	0.00	1.10	3605.00	31.88	0.00	0.00	0.00	0.00	0.00	0.00	0.00	
40.00	971.00	298.00	0.00	3590.00	112224.00	1.00	53.57	-2.32	4970.00	112224.00	31.26	10.00	41.00	4.30	18.49	1.65	0.00	31.26	0.00	0.00	0.00	1.13	3590.00	31.74	0.00	0.00	0.00	0.00	0.00	0.00	0.00	
41.00	631.00	691.00	0.00	3572.00	94406.00	1.00	57.29	-2.28	4485.00	94406.00	26.43	13.00	36.00	3.50	12.24	1.43	0.00	26.43	0.00	0.00	0.00	1.14	3572.00	31.58	0.01	0.00	0.00	0.00	0.00	0.00	0.00	
42.00	55.00	575.00	0.00	3545.00	85862.00	1.00	50.40	0.59	4958.00	85862.00	24.22	5.00	35.00	3.12	9.70	1.42	0.00	24.22	0.00	0.00	0.00	1.16	3545.00	31.35	0.00	0.00	0.00	0.00	0.00	0.00	0.00	
43.00	235.00	637.00	0.00	3542.00	84683.00	1.00	50.17	-2.02	4788.00	84683.00	23.91	13.00	33.00	2.95	8.71	1.26	0.00	23.91	0.00	0.00	0.00	1.15	3542.00	31.32	0.00	0.00	0.00	0.00	0.00	0.00	0.00	
44.00	1517.00	649.00	0.00	3508.00	103971.00	1.00	52.79	-0.88	4690.00	103971.00	29.64	8.00	43.00	5.59	31.28	1.77	0.00	29.64	0.00	0.00	0.00	1.13	3508.00	31.02	0.00	0.00	0.00	0.00	0.00	0.00	0.00	
45.00	788.00	603.00	0.00	3503.00	96441.00	1.00	54.95	-2.22	4224.00	96441.00	27.53	4.00	38.00	3.97	15.74	1.41	0.00	27.53	0.00	0.00	0.00	1.13	3503.00	30.97	0.02	0.00	0.00	0.00	0.00	0.00	0.00	
46.00	497.00	775.00	0.00	3472.00	88598.00	1.00	52.68	0.69	4828.00	88598.00	25.52	7.00	34.00	3.68	13.51	1.32	0.00	25.52	0.00	0.00	0.00	1.12	3472.00	30.70	0.00	0.00	0.00	0.00	0.00	0.00	0.00	
47.00	164.00	667.00	0.00	3446.00	86333.00	1.00	50.07	-2.17	4608.00	86333.00	25.05	9.00	31.00	2.41	5.82	1.20	0.00	25.05	0.00	0.00	0.00	1.14	3446.00	30.47	0.01	0.00	0.00	0.00	0.00	0.00	0.00	
48.00	1294.00	704.00	0.00	3434.00	94640.00	1.00	52.05	-0.92	4757.00	94640.00	27.56	13.00	41.00	5.82	33.88	1.68	0.00	27.56	0.00	0.00	0.00	1.12	3434.00	30.36	0.00	0.00	0.00	0.00	0.00	0.00	0.00	
49.00	1363.00	560.00	0.00	3395.00	100698.00	1.00	53.03	-0.86	4422.00	100698.00	29.66	13.00	44.00	5.38	28.97	1.83	0.00	29.66	0.00	0.00	0.00	1.10	3395.00	30.02	0.00	0.00	0.00	0.00	0.00	0.00	0.00	
50.00	1127.00	664.00	0.00	3386.00	93411.00	1.00	54.61	-0.99	4485.00	93411.00	27.59	13.00	36.00	4.29	18.37	1.54	0.00	27.59	0.00	0.00	0.00	1.09	3386.00	29.94	0.00	0.00	0.00	0.00	0.00	0.00	0.00	
51.00	1093.00	732.00	0.00	3367.00	88873.00	1.00	53.39	-0.58	4692.00	88873.00	26.40	15.00	36.00	4.05	16.43	1.54	0.00	26.40	0.00	0.00	0.00	1.11	3367.00	29.77	0.01	0.00	0.00	0.00	0.00	0.00	0.00	
52.00	1283.00	568.00	0.00	3364.00	93852.00	1.00	54.30	-0.95	4356.00	93852.00	27.90	15.00	39.00	4.70	22.09	1.79	0.00	27.90	0.00	0.00	0.00	1.10	3364.00	29.75	0.00	0.00	0.00	0.00	0.00	0.00	0.00	
53.00	1646.00	565.00	0.00	3332.00	94056.00	1.00	48.84	-0.98	4402.00	94056.00	28.23	15.00	42.00	5.71	32.56	1.69	0.00	28.23	0.00	0.00	0.00	1.14	3332.00	29.46	0.00	0.00	0.00	0.00	0.00	0.00	0.00	
54.00	291.00	685.00	0.00	3319.00	87134.00	1.00	48.17	-2.04	5676.00	87134.00	26.25	9.00	34.00	4.39	19.29	1.59	0.00	26.25	0.00	0.00	0.00	1.19	3319.00	29.35	0.00	0.00	0.00	0.00	0.00	0.00	0.00	
55.00	570.00	628.00	0.00	3255.00	78228.00	1.00	53.57	-2.14	4352.00	78228.00	24.03	15.00	33.00	2.93	8.60	1.46	0.00	24.03	0.00	0.00	0.00	1.08	3255.00	28.78	0.00	0.00	0.00	0.00	0.00	0.00	0.00	
56.00	885.00	220.00	0.00	3193.00	83960.00	1.00	41.84	-1.75	4368.00	83960.00	26.30	13.00	35.00	4.30	18.52	1.60	0.00	26.30	0.00	0.00	0.00	1.20	3193.00	28.23	0.00	0.00	0.00	0.00	0.00	0.00	0.00	
57.00	846.00	556.00	0.00	3171.00	87021.00	1.00	53.09	-2.25	4160.00	87021.00	27.44	13.00	40.00	4.32	18.70	1.77	0.00	27.44	0.00	0.00	0.00	1.08	3171.00	28.04	0.00	0.00	0.00	0.00	0.00	0.00	0.00	
58.00	434.00	797.00	0.00	3169.00	79651.00	1.00	49.25	0.48	4402.00	79651.00	25.13	7.00	36.00	3.64	13.27	1.46	0.00	25.13	0.00	0.00	0.00	1.10	3169.00	28.02	0.00	0.00	0.00	0.00	0.00	0.00	0.00	
59.00	1062.00	554.00	0.00	3165.00	80724.00	1.00	54.29	-1.13	4160.00	80724.00	25.51	14.00	35.00	4.31	18.56	1.49	0.00	25.51	0.00	0.00	0.00	1.07	3165.00	27.99	0.00	0.00	0.00	0.00	0.00	0.00	0.00	
60.00	415.00	577.00	0.00	3161.00	85210.00	1.00	48.83	-2.18	4200.00	85210.00	26.96	14.00	36.00	3.15	9.91	1.54	0.00	26.96	0.00	0.00	0.00	1.11	3161.00	27.95	0.00	0.00	0.00	0.00	0.00	0.00	0.00	
61.00	1357.00	678.00	0.00	3134.00	87004.00	1.00	47.78	-0.91	4410.00	87004.00	27.76	15.00	40.00	5.22	27.23	1.48	0.00	27.76	0.00	0.00	0.00	1.12	3134.00	27.71	0.01	0.00	0.00	0.00	0.00	0.00	0.00	
62.00	701.00	532.00	0.00	3129.00	85626.00	1.00	51.85	-1.92	4020.00	85626.00	27.37	3.00	37.00	3.80	14.46	1.85	0.00	27.37	0.00	0.00	0.00	1.08	3129.00	27.67	0.00	0.00	0.00	0.00	0.00	0.00	0.00	
63.00	650.00	579.00	0.00	3116.00	75912.00	1.00	53.45	0.66	3844.00	75912.00	24.36	13.00	37.00	2.96	8.76	1.38	0.00	24.36	0.00	0.00	0.00	1.07	3116.00	27.55	0.00	0.00	0.00	0.00	0.00	0.00	0.00	
64.00	1438.00	625.00	0.00	3112.00	79697.00	1.00	48.33	-0.98	4092.00	79697.00	25.61	13.00	36.00	3.47	12.02	1.60	0.00	25.61	0.00	0.00	0.00	1.11	3112.00	27.52	0.00	0.00	0.00	0.00	0.00	0.00	0.00	
65.00	1154.00	569.00	0.00	3103.00	79304.00	1.00	51.66	-1.55	4087.00	79304.00	25.56	13.00	39.00	3.63	13.19	1.61	0.00	25.56	0.00	0.00	0.00	1.07	3103.00	27.44	0.00	0.00	0.00	0.00	0.00	0.00	0.00	
66.00	562.00	729.00	0.00	3054.00	81712.00	1.00	45.63	0.76	4420.00	81712.00	26.76	15.00	35.00	3.68	13.52	1.54	0.00	26.76	0.00	0.00	0.00	1.14	3054.00	27.00	0.00	0.00	0.00	0.00	0.00	0.00	0.00	
67.00	404.00	660.00	0.00	3041.00	78855.00	1.00	45.39	-2.28	4355.00	78855.00	25.93	14.00	33.00	2.92	8.50	1.51	0.00	25.93	0.00	0.00	0.00	1.14	3041.00	26.89	0.00	0.00	0.00	0.00	0.00	0.00	0.00	
68.00	922.00	582.00	0.00	3040.00	83636.00	1.00	50.49	-1.40	4020.00	83636.00	27.51	10.00	41.00	4.85	23.53	1.70	0.00	27.51	0.00	0.00	0.00	1.07	3040.00	26.88	0.00	0.00	0.00	0.00	0.00	0.00	0.00	
69.00	1217.00	563.00	0.00	3021.00	92815.00	1.00	48.41	-1.04	4092.00	92815.00	30.72	6.00	42.00	5.01	25.07	1.82	0.00	30.72	0.00	0.00	0.00	1.09	3021.00	26.71	0.01	0.00	0.00	0.00	0.00	0.00	0.00	
70.00	942.00	488.00	0.00	3002.00	87553.00	1.00	51.71	-0.98	3780.00	87553.00	29.16	6.00	41.00	4.86	23.66	1.67	0.00	29.16	0.00	0.00	0.00	1.07	3002.00	26.54	0.00	0.00	0.00	0.00	0.00	0.00	0.00	
71.00	988.00	539.00	0.00	2992.00	81158.00	1.00	53.34	-1.70	4225.00	81158.00	27.13	15.00	35.00	4.29	18.37	1.61	0.00	27.13	0.00	0.00	0.00	1.05	2992.00	26.46	0.00	0.00	0.00	0.00	0.00	0.00	0.00	
72.00	380.00	512.00	0.00	2979.00	77753.00	1.00	49.89	0.74	3844.00	77753.00	26.10	11.00	35.00	3.22	10.40	1.59	0.00	26.10	0.00	0.00	0.00	1.07	2979.00	26.34	0.00	0.00	0.00	0.00	0.00	0.00	0.00	
73.00	1640.00	469.00	0.00	2966.00	81938.00	1.00	47.74	-1.12	4140.00	81938.00	27.63	14.00	44.00	6.14	37.74	1.80	0.00	27.63	0.00	0.00	0.00	1.08	2966.00	26.23	0.00	0.00	0.00	0.00	0.00	0.00	0.00	
74.00	107.00	651.00	0.00	2963.00	66386.00	1.00	45.49	-2.24	3968.00	66386.00	22.40	12.00	31.00	2.27	5.17	1.27	0.00	22.40	0.00	0.00	0.00	1.12	2963.00	26.20	0.00	0.00	0.00	0.00	0.00	0.00	0.00	
75.00	1481.00	502.00	0.00	2949.00	88747.00	1.00	47.20	-0.98	3828.00	88747.00	30.09	13.00	45.00	5.88	34.62	1.88	0.00	30.09	0.00	0.00	0.00	1.09	2949.00	26.08	0.00	0.00	0.00	0.00	0.00	0.00	0.00	
76.00	296.00	542.00	0.00	2944.00	76681.00	1.00	47.06	-2.27	4160.00	76681.00	26.05	13.00	34.00	2.94	8.66	1.41	0.00	26.05	0.00	0.00	0.00	1.09	2944.00	26.03	0.00	0.00	0.00	0.00	0.00	0.00	0.00	
77.00	1547.00	485.00	0.00	2902.00	84178.00	1.00	46.93	-0.86	3835.00	84178.00	29.01	9.00	41.00	5.78	33.38	1.86	0.00	29.01	0.00	0.00	0.00	1.09	2902.00	25.66	0.00	0.00	0.00	0.00	0.00	0.00	0.00	
78.00	1125.00	489.00	0.00	2895.00	75152.00	1.00	50.14	-1.39	3591.00	75152.00	25.96	11.00	39.00	4.51	20.31	1.77	0.00	25.96	0.00	0.00	0.00	1.05	2895.00	25.60	0.00	0.00	0.00	0.00	0.00	0.00	0.00	
79.00	541.00	553.00	0.00	2874.00	72708.00	1.00	48.72	-2.22	3660.00	72708.00	25.30	14.00	34.00	3.50	12.23	1.55	0.00	25.30	0.00	0.00	0.00	1.06	2874.00	25.41	0.00	0.00	0.00	0.00	0.00	0.00	0.00	
80.00	894.00	441.00	0.00	2832.00	81084.00	1.00	49.86	-1.67	4356.00	81084.00	28.63	12.00	39.00	4.03	16.22	1.71	0.00	28.63	0.00	0.00	0.00	1.04	2832.00	25.04	0.00	0.00	0.00	0.00	0.00	0.00	0.00	
81.00	918.00	264.00	0.00	2818.00	69869.00	1.00	46.40	-2.27	3906.00	69869.00	24.79	14.00	34.00	3.46	11.97	1.46	0.00	24.79	0.00	0.00	0.00	1.09	2818.00	24.92	0.01	0.00	0.00	0.00	0.00	0.00	0.00	
82.00	735.00	580.00	0.00	2809.00	63423.00	1.00	48.85	-2.33	3721.00	63423.00	22.58	6.00	31.00	3.00	9.00	1.28	0.00	22.58	0.00	0.00	0.00	1.06	2809.00	24.84	0.01	0.00	0.00	0.00	0.00	0.00	0.00	
83.00	1273.00	481.00	0.00	2786.00	73232.00	1.00	47.73	-1.22	3596.00	73232.00	26.29	15.00	38.00	4.56	20.83	1.69	0.00	26.29	0.00	0.00	0.00	1.05	2786.00	24.63	0.00	0.00	0.00	0.00	0.00	0.00	0.00	
84.00	56.00	782.00	0.00	2780.00	66355.00	1.00	40.36	0.68	4356.00	66355.00	23.87	11.00	31.00	2.54	6.47	1.35	0.00	23.87	0.00	0.00	0.00	1.19	2780.00	24.58	0.00	0.00	0.00	0.00	0.00	0.00	0.00	
85.00	1328.00	406.00	0.00	2754.00	78439.00	1.00	47.31	-1.12	3705.00	78439.00	28.48	13.00	39.00	4.92	24.21	1.82	0.00	28.48	0.00	0.00	0.00	1.05	2754.00	24.35	0.00	0.00	0.00	0.00	0.00	0.00	0.00	
86.00	1635.00	636.00	0.00	2745.00	88161.00	1.00	44.51	-0.01	3588.00	88161.00	32.12	14.00	45.00	6.12	37.43	1.98	0.00	32.12	0.00	0.00	0.00	1.05	2745.00	24.27	0.00	0.00	0.00	0.00	0.00	0.00	0.00	
87.00	318.00	471.00	0.00	2708.00	66559.00	1.00	45.06	-2.25	3599.00	66559.00	24.58	15.00	33.00	2.98	8.90	1.33	0.00	24.58	0.00	0.00	0.00	1.07	2708.00	23.94	0.00	0.00	0.00	0.00	0.00	0.00	0.00	
88.00	729.00	718.00	0.00	2695.00	73237.00	1.00	34.82	-1.80	3840.00	73237.00	27.18	9.00	39.00	3.97	15.74	1.22	0.00	27.18	0.00	0.00	0.00	1.33	2695.00	23.83	0.04	0.00	0.00	0.00	0.00	0.00	0.00	
89.00	1196.00	472.00	0.00	2673.00	68328.00	1.00	47.05	-1.13	3360.00	68328.00	25.56	14.00	34.00	4.04	16.34	1.70	0.00	25.56	0.00	0.00	0.00	1.04	2673.00	23.64	0.00	0.00	0.00	0.00	0.00	0.00	0.00	
90.00	825.00	479.00	0.00	2661.00	70391.00	1.00	46.59	-1.71	3640.00	70391.00	26.45	15.00	37.00	4.32	18.70	1.68	0.00	26.45	0.00	0.00	0.00	1.03	2661.00	23.53	0.00	0.00	0.00	0.00	0.00	0.00	0.00	
91.00	845.00	381.00	0.00	2659.00	72334.00	1.00	47.45	-1.58	3472.00	72334.00	27.20	13.00	34.00	3.43	11.77	1.58	0.00	27.20	0.00	0.00	0.00	1.03	2659.00	23.51	0.00	0.00	0.00	0.00	0.00	0.00	0.00	
92.00	604.00	537.00	0.00	2644.00	62681.00	1.00	47.58	-2.20	3422.00	62681.00	23.71	14.00	31.00	3.01	9.08	1.48	0.00	23.71	0.00	0.00	0.00	1.04	2644.00	23.38	0.00	0.00	0.00	0.00	0.00	0.00	0.00	
93.00	1357.00	486.00	0.00	2642.00	75367.00	1.00	42.59	-1.14	3752.00	75367.00	28.53	15.00	41.00	4.83	23.35	1.94	0.00	28.53	0.00	0.00	0.00	1.08	2642.00	23.36	0.00	0.00	0.00	0.00	0.00	0.00	0.00	
94.00	635.00	456.00	0.00	2639.00	59796.00	1.00	42.88	-1.93	3519.00	59796.00	22.66	9.00	31.00	2.41	5.82	1.50	0.00	22.66	0.00	0.00	0.00	1.12	2639.00	23.33	0.00	0.00	0.00	0.00	0.00	0.00	0.00	
95.00	1450.00	435.00	0.00	2627.00	74068.00	1.00	44.24	-0.86	3540.00	74068.00	28.19	10.00	39.00	5.53	30.61	1.88	0.00	28.19	0.00	0.00	0.00	1.06	2627.00	23.23	0.00	0.00	0.00	0.00	0.00	0.00	0.00	
96.00	704.00	461.00	0.00	2613.00	74484.00	1.00	43.83	-1.54	3536.00	74484.00	28.51	9.00	37.00	3.70	13.72	1.84	0.00	28.51	0.00	0.00	0.00	1.04	2613.00	23.10	0.00	0.00	0.00	0.00	0.00	0.00	0.00	
97.00	1636.00	366.00	0.00	2578.00	76159.00	1.00	45.79	-0.88	3422.00	76159.00	29.54	6.00	42.00	5.80	33.62	1.97	0.00	29.54	0.00	0.00	0.00	1.03	2578.00	22.80	0.00	0.00	0.00	0.00	0.00	0.00	0.00	
98.00	987.00	449.00	0.00	2569.00	70551.00	1.00	47.19	-1.63	3591.00	70551.00	27.46	12.00	37.00	4.49	20.18	1.62	0.00	27.46	0.00	0.00	0.00	1.01	2569.00	22.72	0.00	0.00	0.00	0.00	0.00	0.00	0.00	
99.00	768.00	446.00	0.00	2553.00	70037.00	1.00	43.70	-2.07	3472.00	70037.00	27.43	9.00	38.00	3.86	14.93	1.73	0.00	27.43	0.00	0.00	0.00	1.05	2553.00	22.57	0.00	0.00	0.00	0.00	0.00	0.00	0.00	
100.00	1251.00	422.00	0.00	2540.00	71961.00	1.00	44.31	-1.24	3213.00	71961.00	28.33	15.00	38.00	4.43	19.61	1.92	0.00	28.33	0.00	0.00	0.00	1.04	2540.00	22.46	0.00	0.00	0.00	0.00	0.00	0.00	0.00	
101.00	658.00	747.00	0.00	2519.00	64919.00	1.00	42.27	-1.09	3640.00	64919.00	25.77	11.00	36.00	3.37	11.36	1.43	0.00	25.77	0.00	0.00	0.00	1.07	2519.00	22.27	0.02	0.00	0.00	0.00	0.00	0.00	0.00	
102.00	530.00	485.00	0.00	2511.00	68216.00	1.00	42.76	-2.14	3472.00	68216.00	27.17	8.00	38.00	3.91	15.27	1.80	0.00	27.17	0.00	0.00	0.00	1.05	2511.00	22.20	0.00	0.00	0.00	0.00	0.00	0.00	0.00	
103.00	500.00	445.00	0.00	2510.00	67732.00	1.00	44.58	-2.29	3660.00	67732.00	26.98	8.00	35.00	3.99	15.92	1.70	0.00	26.98	0.00	0.00	0.00	1.03	2510.00	22.19	0.01	0.00	0.00	0.00	0.00	0.00	0.00	
104.00	1083.00	423.00	0.00	2501.00	66635.00	1.00	44.69	-1.38	3339.00	66635.00	26.64	15.00	39.00	4.49	20.20	1.70	0.00	26.64	0.00	0.00	0.00	1.02	2501.00	22.11	0.00	0.00	0.00	0.00	0.00	0.00	0.00	
105.00	1463.00	360.00	0.00	2498.00	71147.00	1.00	41.81	-1.21	3234.00	71147.00	28.48	15.00	40.00	4.83	23.33	1.84	0.00	28.48	0.00	0.00	0.00	1.06	2498.00	22.09	0.00	0.00	0.00	0.00	0.00	0.00	0.00	
106.00	400.00	1057.00	0.00	2494.00	67224.00	1.00	37.96	-1.63	3139.00	67224.00	26.95	13.00	36.00	3.66	13.41	1.28	0.00	26.95	0.00	0.00	0.00	1.14	2494.00	22.05	0.01	0.00	0.00	0.00	0.00	0.00	0.00	
107.00	880.00	328.00	0.00	2473.00	70170.00	1.00	44.69	-1.33	3286.00	70170.00	28.37	13.00	38.00	4.02	16.15	1.68	0.00	28.37	0.00	0.00	0.00	1.02	2473.00	21.87	0.00	0.00	0.00	0.00	0.00	0.00	0.00	
108.00	658.00	383.00	0.00	2460.00	70283.00	1.00	44.89	-1.82	2958.00	70283.00	28.57	8.00	38.00	3.82	14.60	1.57	0.00	28.57	0.00	0.00	0.00	1.03	2460.00	21.75	0.01	0.00	0.00	0.00	0.00	0.00	0.00	
109.00	192.00	582.00	0.00	2459.00	55689.00	1.00	41.07	0.67	3360.00	55689.00	22.65	12.00	31.00	2.30	5.29	1.26	0.00	22.65	0.00	0.00	0.00	1.07	2459.00	21.74	0.00	0.00	0.00	0.00	0.00	0.00	0.00	
110.00	1101.00	342.00	0.00	2458.00	62178.00	1.00	45.36	-1.59	3348.00	62178.00	25.30	15.00	36.00	3.99	15.94	1.87	0.00	25.30	0.00	0.00	0.00	1.01	2458.00	21.73	0.00	0.00	0.00	0.00	0.00	0.00	0.00	
111.00	605.00	327.00	0.00	2443.00	56137.00	1.00	46.53	-2.17	3192.00	56137.00	22.98	8.00	31.00	2.98	8.88	1.49	0.00	22.98	0.00	0.00	0.00	1.01	2443.00	21.60	0.00	0.00	0.00	0.00	0.00	0.00	0.00	
112.00	254.00	443.00	0.00	2427.00	59640.00	1.00	40.14	-2.07	3162.00	59640.00	24.57	10.00	31.00	3.17	10.02	1.46	0.00	24.57	0.00	0.00	0.00	1.08	2427.00	21.46	0.00	0.00	0.00	0.00	0.00	0.00	0.00	
113.00	1382.00	329.00	0.00	2414.00	70645.00	1.00	46.64	-0.63	3465.00	70645.00	29.26	10.00	39.00	5.33	28.37	1.79	0.00	29.26	0.00	0.00	0.00	1.04	2414.00	21.35	0.00	0.00	0.00	0.00	0.00	0.00	0.00	
114.00	397.00	373.00	0.00	2397.00	55412.00	1.00	43.12	-1.89	3000.00	55412.00	23.12	15.00	33.00	3.12	9.73	1.46	0.00	23.12	0.00	0.00	0.00	1.02	2397.00	21.19	0.00	0.00	0.00	0.00	0.00	0.00	0.00	
115.00	945.00	403.00	0.00	2394.00	68039.00	1.00	45.00	-1.51	3240.00	68039.00	28.42	15.00	41.00	4.43	19.61	1.62	0.00	28.42	0.00	0.00	0.00	1.00	2394.00	21.17	0.01	0.00	0.00	0.00	0.00	0.00	0.00	
116.00	22.00	532.00	0.00	2373.00	54733.00	1.00	41.70	0.62	3074.00	54733.00	23.06	12.00	33.00	2.66	7.07	1.28	0.00	23.06	0.00	0.00	0.00	1.08	2373.00	20.98	0.00	0.00	0.00	0.00	0.00	0.00	0.00	
117.00	1238.00	312.00	0.00	2358.00	66046.00	1.00	42.71	-1.20	3000.00	66046.00	28.01	12.00	38.00	4.53	20.49	1.82	0.00	28.01	0.00	0.00	0.00	1.02	2358.00	20.85	0.00	0.00	0.00	0.00	0.00	0.00	0.00	
118.00	1586.00	329.00	0.00	2358.00	63035.00	1.00	39.66	-1.10	3150.00	63035.00	26.73	6.00	36.00	4.34	18.86	1.83	0.00	26.73	0.00	0.00	0.00	1.07	2358.00	20.85	0.00	0.00	0.00	0.00	0.00	0.00	0.00	
119.00	425.00	422.00	0.00	2355.00	58369.00	1.00	40.22	-2.03	3120.00	58369.00	24.79	13.00	33.00	3.28	10.74	1.61	0.00	24.79	0.00	0.00	0.00	1.05	2355.00	20.82	0.00	0.00	0.00	0.00	0.00	0.00	0.00	
120.00	652.00	280.00	0.00	2341.00	67361.00	1.00	41.56	-1.41	3200.00	67361.00	28.77	13.00	38.00	3.81	14.55	1.89	0.00	28.77	0.00	0.00	0.00	1.01	2341.00	20.70	0.00	0.00	0.00	0.00	0.00	0.00	0.00	
121.00	99.00	367.00	0.00	2332.00	57204.00	1.00	39.84	-2.06	3127.00	57204.00	24.53	14.00	32.00	2.65	7.04	1.46	0.00	24.53	0.00	0.00	0.00	1.06	2332.00	20.62	0.00	0.00	0.00	0.00	0.00	0.00	0.00	
122.00	990.00	381.00	0.00	2328.00	65290.00	1.00	45.67	-0.95	3248.00	65290.00	28.05	14.00	39.00	3.97	15.74	1.82	0.00	28.05	0.00	0.00	0.00	1.00	2328.00	20.58	0.01	0.00	0.00	0.00	0.00	0.00	0.00	
123.00	1328.00	317.00	0.00	2319.00	65668.00	1.00	42.64	-0.95	3021.00	65668.00	28.32	12.00	39.00	4.99	24.87	1.87	0.00	28.32	0.00	0.00	0.00	1.01	2319.00	20.51	0.00	0.00	0.00	0.00	0.00	0.00	0.00	
124.00	604.00	386.00	0.00	2313.00	59820.00	1.00	45.01	-1.90	3024.00	59820.00	25.86	9.00	35.00	3.12	9.75	1.63	0.00	25.86	0.00	0.00	0.00	1.01	2313.00	20.45	0.01	0.00	0.00	0.00	0.00	0.00	0.00	
125.00	1246.00	254.00	0.00	2297.00	62071.00	1.00	43.74	-0.90	2970.00	62071.00	27.02	13.00	36.00	4.40	19.33	1.88	0.00	27.02	0.00	0.00	0.00	1.00	2297.00	20.31	0.00	0.00	0.00	0.00	0.00	0.00	0.00	
126.00	398.00	311.00	0.00	2278.00	50548.00	1.00	43.54	-2.00	3074.00	50548.00	22.19	14.00	30.00	3.23	10.41	1.51	0.00	22.19	0.00	0.00	0.00	1.00	2278.00	20.14	0.00	0.00	0.00	0.00	0.00	0.00	0.00	
127.00	216.00	389.00	0.00	2255.00	56194.00	1.00	38.41	-2.10	3038.00	56194.00	24.92	13.00	34.00	2.99	8.97	1.52	0.00	24.92	0.00	0.00	0.00	1.07	2255.00	19.94	0.00	0.00	0.00	0.00	0.00	0.00	0.00	
128.00	73.00	466.00	0.00	2251.00	52547.00	1.00	37.44	-2.22	3135.00	52547.00	23.34	13.00	30.00	2.39	5.73	1.36	0.00	23.34	0.00	0.00	0.00	1.09	2251.00	19.90	0.00	0.00	0.00	0.00	0.00	0.00	0.00	
129.00	985.00	136.00	0.00	2250.00	60997.00	1.00	43.77	-1.38	3127.00	60997.00	27.11	6.00	35.00	4.23	17.90	1.80	0.00	27.11	0.00	0.00	0.00	0.98	2250.00	19.89	0.00	0.00	0.00	0.00	0.00	0.00	0.00	
130.00	553.00	277.00	0.00	2236.00	60534.00	1.00	41.47	-1.89	3000.00	60534.00	27.07	9.00	35.00	3.48	12.14	1.80	0.00	27.07	0.00	0.00	0.00	1.00	2236.00	19.77	0.00	0.00	0.00	0.00	0.00	0.00	0.00	
131.00	528.00	342.00	0.00	2218.00	56752.00	1.00	43.18	-1.67	3068.00	56752.00	25.59	8.00	34.00	3.43	11.75	1.53	0.00	25.59	0.00	0.00	0.00	0.99	2218.00	19.61	0.01	0.00	0.00	0.00	0.00	0.00	0.00	
132.00	186.00	323.00	0.00	2202.00	54923.00	1.00	38.38	-2.05	3000.00	54923.00	24.94	14.00	32.00	2.89	8.36	1.48	0.00	24.94	0.00	0.00	0.00	1.04	2202.00	19.47	0.00	0.00	0.00	0.00	0.00	0.00	0.00	
133.00	1156.00	405.00	0.00	2188.00	61796.00	1.00	38.58	-1.29	2852.00	61796.00	28.24	15.00	39.00	4.75	22.58	1.98	0.00	28.24	0.00	0.00	0.00	1.02	2188.00	19.35	0.00	0.00	0.00	0.00	0.00	0.00	0.00	
134.00	1172.00	249.00	0.00	2185.00	53064.00	1.00	43.21	-1.30	2907.00	53064.00	24.29	14.00	33.00	3.13	9.80	1.64	0.00	24.29	0.00	0.00	0.00	0.98	2185.00	19.32	0.00	0.00	0.00	0.00	0.00	0.00	0.00	
135.00	1179.00	325.00	0.00	2145.00	53702.00	1.00	40.95	-1.31	2950.00	53702.00	25.04	11.00	34.00	4.01	16.08	1.76	0.00	25.04	0.00	0.00	0.00	0.99	2145.00	18.97	0.00	0.00	0.00	0.00	0.00	0.00	0.00	
136.00	341.00	407.00	0.00	2135.00	46158.00	1.00	41.01	0.76	2915.00	46158.00	21.62	13.00	31.00	2.91	8.44	1.50	0.00	21.62	0.00	0.00	0.00	0.99	2135.00	18.88	0.00	0.00	0.00	0.00	0.00	0.00	0.00	
137.00	750.00	156.00	0.00	2133.00	50735.00	1.00	43.48	-1.39	2860.00	50735.00	23.79	9.00	35.00	3.56	12.68	1.59	0.00	23.79	0.00	0.00	0.00	0.98	2133.00	18.86	0.01	0.00	0.00	0.00	0.00	0.00	0.00	
138.00	559.00	415.00	0.00	2131.00	59824.00	1.00	43.87	0.24	2600.00	59824.00	28.07	5.00	35.00	3.28	10.74	1.60	0.00	28.07	0.00	0.00	0.00	1.03	2131.00	18.84	0.02	0.00	0.00	0.00	0.00	0.00	0.00	
139.00	581.00	218.00	0.00	2122.00	54379.00	1.00	41.64	-1.80	2726.00	54379.00	25.63	12.00	35.00	3.48	12.13	1.66	0.00	25.63	0.00	0.00	0.00	0.99	2122.00	18.76	0.01	0.00	0.00	0.00	0.00	0.00	0.00	
140.00	878.00	168.00	0.00	2115.00	57284.00	1.00	39.07	-1.69	2700.00	57284.00	27.08	7.00	35.00	3.64	13.26	1.66	0.00	27.08	0.00	0.00	0.00	1.00	2115.00	18.70	0.01	0.00	0.00	0.00	0.00	0.00	0.00	
141.00	932.00	636.00	0.00	2114.00	62281.00	1.00	36.11	-1.22	3128.00	62281.00	29.46	11.00	42.00	4.10	16.80	1.58	0.00	29.46	0.00	0.00	0.00	1.07	2114.00	18.69	0.02	0.00	0.00	0.00	0.00	0.00	0.00	
142.00	320.00	340.00	0.00	2094.00	54261.00	1.00	38.19	-2.35	2964.00	54261.00	25.91	9.00	34.00	3.58	12.82	1.70	0.00	25.91	0.00	0.00	0.00	1.03	2094.00	18.52	0.00	0.00	0.00	0.00	0.00	0.00	0.00	
143.00	790.00	370.00	0.00	2088.00	48806.00	1.00	39.53	-1.92	2891.00	48806.00	23.37	9.00	31.00	2.70	7.27	1.51	0.00	23.37	0.00	0.00	0.00	0.99	2088.00	18.46	0.01	0.00	0.00	0.00	0.00	0.00	0.00	
144.00	716.00	292.00	0.00	2041.00	54470.00	1.00	37.70	-2.10	2750.00	54470.00	26.69	14.00	34.00	3.54	12.55	1.74	0.00	26.69	0.00	0.00	0.00	1.02	2041.00	18.05	0.00	0.00	0.00	0.00	0.00	0.00	0.00	
145.00	1114.00	240.00	0.00	2033.00	54672.00	1.00	37.55	-1.68	2745.00	54672.00	26.89	15.00	37.00	4.19	17.52	1.89	0.00	26.89	0.00	0.00	0.00	0.98	2033.00	17.98	0.00	0.00	0.00	0.00	0.00	0.00	0.00	
146.00	710.00	374.00	0.00	2032.00	55451.00	1.00	41.22	-2.03	2700.00	55451.00	27.29	15.00	34.00	3.39	11.46	1.65	0.00	27.29	0.00	0.00	0.00	0.99	2032.00	17.97	0.01	0.00	0.00	0.00	0.00	0.00	0.00	
147.00	1307.00	178.00	0.00	2023.00	56325.00	1.00	37.45	-1.31	2668.00	56325.00	27.84	9.00	38.00	4.59	21.11	1.82	0.00	27.84	0.00	0.00	0.00	0.99	2023.00	17.89	0.01	0.00	0.00	0.00	0.00	0.00	0.00	
148.00	777.00	533.00	0.00	2016.00	47717.00	1.00	36.04	-1.76	2709.00	47717.00	23.67	15.00	34.00	3.09	9.55	1.55	0.00	23.67	0.00	0.00	0.00	1.01	2016.00	17.83	0.00	0.00	0.00	0.00	0.00	0.00	0.00	
149.00	1468.00	128.00	0.00	2013.00	54550.00	1.00	39.01	-1.40	2464.00	54550.00	27.10	15.00	37.00	4.69	21.97	1.95	0.00	27.10	0.00	0.00	0.00	0.98	2013.00	17.80	0.00	0.00	0.00	0.00	0.00	0.00	0.00	
150.00	1344.00	264.00	0.00	1988.00	52488.00	1.00	35.58	-1.48	2562.00	52488.00	26.40	11.00	37.00	4.61	21.24	1.86	0.00	26.40	0.00	0.00	0.00	0.99	1988.00	17.58	0.00	0.00	0.00	0.00	0.00	0.00	0.00	
151.00	581.00	147.00	0.00	1950.00	47031.00	1.00	38.92	-1.78	2688.00	47031.00	24.12	15.00	32.00	2.96	8.77	1.57	0.00	24.12	0.00	0.00	0.00	0.96	1950.00	17.24	0.00	0.00	0.00	0.00	0.00	0.00	0.00	
152.00	560.00	98.00	0.00	1947.00	51960.00	1.00	37.66	-1.62	2408.00	51960.00	26.69	15.00	34.00	3.35	11.24	1.60	0.00	26.69	0.00	0.00	0.00	0.97	1947.00	17.22	0.00	0.00	0.00	0.00	0.00	0.00	0.00	
153.00	495.00	175.00	0.00	1924.00	44929.00	1.00	38.29	-1.84	2530.00	44929.00	23.35	13.00	32.00	2.49	6.19	1.44	0.00	23.35	0.00	0.00	0.00	0.96	1924.00	17.01	0.00	0.00	0.00	0.00	0.00	0.00	0.00	
154.00	1230.00	197.00	0.00	1913.00	55210.00	1.00	37.05	-0.89	2548.00	55210.00	28.86	15.00	37.00	4.36	18.97	2.02	0.00	28.86	0.00	0.00	0.00	1.00	1913.00	16.92	0.00	0.00	0.00	0.00	0.00	0.00	0.00	
155.00	115.00	305.00	0.00	1913.00	44486.00	1.00	35.11	-2.10	2576.00	44486.00	23.25	13.00	31.00	3.03	9.16	1.52	0.00	23.25	0.00	0.00	0.00	1.03	1913.00	16.92	0.00	0.00	0.00	0.00	0.00	0.00	0.00	
156.00	1249.00	140.00	0.00	1911.00	53870.00	1.00	37.80	-1.25	2576.00	53870.00	28.19	12.00	36.00	4.36	19.03	2.01	0.00	28.19	0.00	0.00	0.00	0.97	1911.00	16.90	0.00	0.00	0.00	0.00	0.00	0.00	0.00	
157.00	1031.00	312.00	0.00	1908.00	52393.00	1.00	40.36	0.63	2912.00	52393.00	27.46	15.00	35.00	3.86	14.91	1.83	0.00	27.46	0.00	0.00	0.00	1.01	1908.00	16.87	0.01	0.00	0.00	0.00	0.00	0.00	0.00	
158.00	264.00	199.00	0.00	1900.00	48238.00	1.00	37.14	-2.16	2544.00	48238.00	25.39	15.00	34.00	3.48	12.08	1.72	0.00	25.39	0.00	0.00	0.00	0.99	1900.00	16.80	0.00	0.00	0.00	0.00	0.00	0.00	0.00	
159.00	501.00	386.00	0.00	1890.00	47309.00	1.00	33.66	-2.27	3074.00	47309.00	25.03	10.00	33.00	3.71	13.78	1.45	0.00	25.03	0.00	0.00	0.00	1.11	1890.00	16.71	0.03	0.00	0.00	0.00	0.00	0.00	0.00	
160.00	1157.00	157.00	0.00	1883.00	50374.00	1.00	37.93	-0.94	2491.00	50374.00	26.75	11.00	35.00	4.09	16.76	1.95	0.00	26.75	0.00	0.00	0.00	0.98	1883.00	16.65	0.00	0.00	0.00	0.00	0.00	0.00	0.00	
161.00	787.00	98.00	0.00	1880.00	48141.00	1.00	37.85	-1.48	2520.00	48141.00	25.61	10.00	33.00	3.24	10.49	1.71	0.00	25.61	0.00	0.00	0.00	0.95	1880.00	16.62	0.00	0.00	0.00	0.00	0.00	0.00	0.00	
162.00	1360.00	183.00	0.00	1861.00	51548.00	1.00	38.77	-1.47	2340.00	51548.00	27.70	14.00	37.00	4.37	19.09	1.87	0.00	27.70	0.00	0.00	0.00	0.96	1861.00	16.46	0.01	0.00	0.00	0.00	0.00	0.00	0.00	
163.00	237.00	494.00	0.00	1852.00	47123.00	1.00	33.21	0.36	2537.00	47123.00	25.44	10.00	33.00	2.99	8.92	1.58	0.00	25.44	0.00	0.00	0.00	1.03	1852.00	16.38	0.01	0.00	0.00	0.00	0.00	0.00	0.00	
164.00	1119.00	114.00	0.00	1846.00	43688.00	1.00	38.01	-1.82	2420.00	43688.00	23.67	15.00	33.00	3.04	9.26	1.56	0.00	23.67	0.00	0.00	0.00	0.95	1846.00	16.32	0.00	0.00	0.00	0.00	0.00	0.00	0.00	
165.00	1081.00	160.00	0.00	1833.00	44303.00	1.00	37.21	-1.48	2464.00	44303.00	24.17	15.00	30.00	2.63	6.94	1.60	0.00	24.17	0.00	0.00	0.00	0.95	1833.00	16.21	0.00	0.00	0.00	0.00	0.00	0.00	0.00	
166.00	640.00	215.00	0.00	1811.00	46821.00	1.00	34.81	-2.03	2420.00	46821.00	25.85	15.00	36.00	3.86	14.93	1.86	0.00	25.85	0.00	0.00	0.00	1.00	1811.00	16.01	0.00	0.00	0.00	0.00	0.00	0.00	0.00	
167.00	251.00	297.00	0.00	1782.00	43859.00	1.00	42.25	-2.32	3021.00	43859.00	24.61	10.00	34.00	4.17	17.37	2.05	0.00	24.61	0.00	0.00	0.00	1.04	1782.00	15.76	0.00	0.00	0.00	0.00	0.00	0.00	0.00	
168.00	1354.00	115.00	0.00	1774.00	45692.00	1.00	33.86	-1.70	2280.00	45692.00	25.76	14.00	37.00	4.24	17.95	1.84	0.00	25.76	0.00	0.00	0.00	0.96	1774.00	15.69	0.00	0.00	0.00	0.00	0.00	0.00	0.00	
169.00	482.00	238.00	0.00	1706.00	39913.00	1.00	34.08	-1.96	2173.00	39913.00	23.40	13.00	34.00	3.11	9.69	1.45	0.00	23.40	0.00	0.00	0.00	0.98	1706.00	15.08	0.01	0.00	0.00	0.00	0.00	0.00	0.00	
170.00	778.00	194.00	0.00	1704.00	44411.00	1.00	34.15	-2.01	2255.00	44411.00	26.06	5.00	33.00	4.04	16.36	1.93	0.00	26.06	0.00	0.00	0.00	0.99	1704.00	15.07	0.01	0.00	0.00	0.00	0.00	0.00	0.00	
171.00	734.00	58.00	0.00	1698.00	43160.00	1.00	35.71	-1.86	2142.00	43160.00	25.42	15.00	35.00	3.49	12.21	1.90	0.00	25.42	0.00	0.00	0.00	0.94	1698.00	15.01	0.00	0.00	0.00	0.00	0.00	0.00	0.00	
172.00	340.00	290.00	0.00	1691.00	42741.00	1.00	32.50	-2.09	2236.00	42741.00	25.28	13.00	34.00	3.12	9.73	1.76	0.00	25.28	0.00	0.00	0.00	1.01	1691.00	14.95	0.00	0.00	0.00	0.00	0.00	0.00	0.00	
173.00	932.00	161.00	0.00	1669.00	40963.00	1.00	34.65	-1.66	2132.00	40963.00	24.54	9.00	32.00	3.19	10.15	1.56	0.00	24.54	0.00	0.00	0.00	0.94	1669.00	14.76	0.00	0.00	0.00	0.00	0.00	0.00	0.00	
174.00	494.00	103.00	0.00	1657.00	41484.00	1.00	34.63	-2.10	2244.00	41484.00	25.04	11.00	35.00	3.80	14.43	1.72	0.00	25.04	0.00	0.00	0.00	0.96	1657.00	14.65	0.00	0.00	0.00	0.00	0.00	0.00	0.00	
175.00	786.00	702.00	0.00	1637.00	43048.00	1.00	29.95	0.31	2257.00	43048.00	26.30	15.00	33.00	3.69	13.64	1.38	0.00	26.30	0.00	0.00	0.00	1.03	1637.00	14.47	0.02	0.00	0.00	0.00	0.00	0.00	0.00	
176.00	408.00	235.00	0.00	1623.00	40293.00	1.00	32.37	-2.10	2193.00	40293.00	24.83	14.00	34.00	3.29	10.84	1.84	0.00	24.83	0.00	0.00	0.00	0.99	1623.00	14.35	0.00	0.00	0.00	0.00	0.00	0.00	0.00	
177.00	975.00	91.00	0.00	1591.00	40759.00	1.00	33.57	-1.76	2080.00	40759.00	25.62	8.00	35.00	3.68	13.52	1.89	0.00	25.62	0.00	0.00	0.00	0.93	1591.00	14.07	0.00	0.00	0.00	0.00	0.00	0.00	0.00	
178.00	1771.00	785.00	0.00	1574.00	56445.00	1.00	25.83	-0.32	2660.00	56445.00	35.86	15.00	48.00	6.76	45.69	3.01	0.00	35.86	0.00	0.00	0.00	1.15	1574.00	13.92	0.00	0.00	0.00	0.00	0.00	0.00	0.00	
179.00	664.00	106.00	0.00	1563.00	36714.00	1.00	33.41	-1.89	2080.00	36714.00	23.49	7.00	31.00	3.33	11.07	1.78	0.00	23.49	0.00	0.00	0.00	0.94	1563.00	13.82	0.00	0.00	0.00	0.00	0.00	0.00	0.00	
180.00	847.00	103.00	0.00	1556.00	37288.00	1.00	33.32	-1.60	2028.00	37288.00	23.96	14.00	33.00	3.30	10.89	1.64	0.00	23.96	0.00	0.00	0.00	0.92	1556.00	13.76	0.00	0.00	0.00	0.00	0.00	0.00	0.00	
181.00	725.00	748.00	0.00	1545.00	44946.00	1.00	27.92	-1.87	2546.00	44946.00	29.09	9.00	38.00	5.33	28.39	1.73	0.00	29.09	0.00	0.00	0.00	1.07	1545.00	13.66	0.03	0.00	0.00	0.00	0.00	0.00	0.00	
182.00	432.00	183.00	0.00	1518.00	37596.00	1.00	30.36	-2.09	2040.00	37596.00	24.77	13.00	33.00	2.99	8.97	1.75	0.00	24.77	0.00	0.00	0.00	0.99	1518.00	13.42	0.00	0.00	0.00	0.00	0.00	0.00	0.00	
183.00	1243.00	93.00	0.00	1493.00	41186.00	1.00	30.95	-1.23	2028.00	41186.00	27.59	12.00	40.00	4.44	19.69	2.28	0.00	27.59	0.00	0.00	0.00	0.95	1493.00	13.20	0.00	0.00	0.00	0.00	0.00	0.00	0.00	
184.00	1033.00	71.00	0.00	1397.00	35980.00	1.00	30.21	-1.50	2120.00	35980.00	25.76	13.00	34.00	3.74	14.00	2.02	0.00	25.76	0.00	0.00	0.00	0.92	1397.00	12.35	0.00	0.00	0.00	0.00	0.00	0.00	0.00	
185.00	574.00	36.00	0.00	1343.00	32925.00	1.00	29.96	-1.98	1786.00	32925.00	24.52	13.00	37.00	4.04	16.31	1.82	0.00	24.52	0.00	0.00	0.00	0.92	1343.00	11.88	0.00	0.00	0.00	0.00	0.00	0.00	0.00	
186.00	635.00	27.00	0.00	1322.00	33456.00	1.00	29.01	-2.21	1845.00	33456.00	25.31	14.00	34.00	3.78	14.28	2.00	0.00	25.31	0.00	0.00	0.00	0.95	1322.00	11.69	0.00	0.00	0.00	0.00	0.00	0.00	0.00	
187.00	621.00	95.00	0.00	1309.00	33334.00	1.00	27.64	-1.99	1800.00	33334.00	25.47	7.00	34.00	3.68	13.57	1.87	0.00	25.47	0.00	0.00	0.00	0.96	1309.00	11.57	0.01	0.00	0.00	0.00	0.00	0.00	0.00	
188.00	791.00	1064.00	0.00	1272.00	31978.00	1.00	24.11	-1.56	1782.00	31978.00	25.14	13.00	39.00	4.19	17.60	1.66	0.00	25.14	0.00	0.00	0.00	1.06	1272.00	11.25	0.00	0.00	0.00	0.00	0.00	0.00	0.00	
189.00	835.00	188.00	0.00	1231.00	28845.00	1.00	31.79	-1.70	1813.00	28845.00	23.43	13.00	31.00	2.78	7.71	1.48	0.00	23.43	0.00	0.00	0.00	0.87	1231.00	10.88	0.01	0.00	0.00	0.00	0.00	0.00	0.00	
190.00	185.00	1064.00	0.00	1203.00	26938.00	1.00	23.00	-1.58	1701.00	26938.00	22.39	14.00	31.00	2.94	8.67	1.48	0.00	22.39	0.00	0.00	0.00	1.04	1203.00	10.64	0.00	0.00	0.00	0.00	0.00	0.00	0.00	
191.00	1155.00	19.00	0.00	1178.00	30420.00	1.00	28.60	-1.22	1680.00	30420.00	25.82	15.00	36.00	3.61	13.03	1.94	0.00	25.82	0.00	0.00	0.00	0.88	1178.00	10.42	0.01	0.00	0.00	0.00	0.00	0.00	0.00	
192.00	893.00	10.00	0.00	1142.00	29538.00	1.00	23.38	-1.50	1404.00	29538.00	25.87	13.00	33.00	3.18	10.09	1.44	0.00	25.87	0.00	0.00	0.00	0.97	1142.00	10.10	0.00	0.00	0.00	0.00	0.00	0.00	0.00	
193.00	523.00	232.00	0.00	1103.00	28134.00	1.00	28.54	0.59	1558.00	28134.00	25.51	15.00	33.00	3.31	10.96	1.28	0.00	25.51	0.00	0.00	0.00	0.92	1103.00	9.75	0.03	0.00	0.00	0.00	0.00	0.00	0.00	
194.00	429.00	98.00	0.00	1089.00	28621.00	1.00	22.91	-1.89	1612.00	28621.00	26.28	15.00	35.00	4.12	16.95	2.28	0.00	26.28	0.00	0.00	0.00	0.97	1089.00	9.63	0.00	0.00	0.00	0.00	0.00	0.00	0.00	
195.00	701.00	1065.00	0.00	1004.00	23300.00	1.00	21.39	-1.57	1375.00	23300.00	23.21	15.00	34.00	3.77	14.18	1.51	0.00	23.21	0.00	0.00	0.00	0.97	1004.00	8.88	0.00	0.00	0.00	0.00	0.00	0.00	0.00	
196.00	1787.00	366.00	0.00	940.00	26154.00	1.00	21.30	-0.88	2300.00	26154.00	27.82	10.00	39.00	6.38	40.65	3.50	0.00	27.82	0.00	0.00	0.00	1.21	940.00	8.31	0.00	0.00	0.00	0.00	0.00	0.00	0.00	
197.00	1113.00	8.00	0.00	906.00	23523.00	1.00	19.01	-1.54	1071.00	23523.00	25.96	14.00	31.00	3.38	11.43	1.43	0.00	25.96	0.00	0.00	0.00	0.97	906.00	8.01	0.01	0.00	0.00	0.00	0.00	0.00	0.00	
198.00	694.00	8.00	0.00	836.00	19354.00	1.00	18.79	-1.73	1050.00	19354.00	23.15	13.00	29.00	2.60	6.75	1.43	0.00	23.15	0.00	0.00	0.00	0.96	836.00	7.39	0.00	0.00	0.00	0.00	0.00	0.00	0.00	
199.00	676.00	721.00	0.00	774.00	18890.00	1.00	23.40	-0.71	990.00	18890.00	24.41	14.00	30.00	2.54	6.47	1.37	0.00	24.41	0.00	0.00	0.00	0.82	774.00	6.84	0.05	0.00	0.00	0.00	0.00	0.00	0.00	
200.00	7.00	687.00	0.00	771.00	18216.00	1.00	16.88	0.07	1113.00	18216.00	23.63	13.00	29.00	2.14	4.57	1.43	0.00	23.63	0.00	0.00	0.00	0.98	771.00	6.82	0.00	0.00	0.00	0.00	0.00	0.00	0.00	
201.00	545.00	239.00	0.00	709.00	16049.00	1.00	19.31	0.72	1120.00	16049.00	22.64	10.00	30.00	2.50	6.25	1.38	0.00	22.64	0.00	0.00	0.00	0.93	709.00	6.27	0.05	0.00	0.00	0.00	0.00	0.00	0.00	
202.00	219.00	881.00	0.00	568.00	15846.00	1.00	15.12	-1.84	987.00	15846.00	27.90	15.00	37.00	5.00	25.04	3.52	0.00	27.90	0.00	0.00	0.00	0.94	568.00	5.02	0.00	0.00	0.00	0.00	0.00	0.00	0.00	
203.00	520.00	399.00	0.00	562.00	12743.00	1.00	15.32	-2.31	1024.00	12743.00	22.67	7.00	33.00	3.39	11.48	1.87	0.00	22.67	0.00	0.00	0.00	0.98	562.00	4.97	0.08	0.00	0.00	0.00	0.00	0.00	0.00	
204.00	530.00	418.00	0.00	534.00	12862.00	1.00	16.25	-0.13	703.00	12862.00	24.09	8.00	34.00	3.48	12.13	1.66	0.00	24.09	0.00	0.00	0.00	0.81	534.00	4.72	0.08	0.00	0.00	0.00	0.00	0.00	0.00	
205.00	1008.00	306.00	0.00	329.00	6721.00	1.00	11.19	0.31	496.00	6721.00	20.43	15.00	27.00	2.64	6.95	1.36	0.00	20.43	0.00	0.00	0.00	0.80	329.00	2.91	0.10	0.00	0.00	0.00	0.00	0.00	0.00	
206.00	749.00	305.00	0.00	210.00	4602.00	1.00	12.09	0.76	272.00	4602.00	21.91	13.00	32.00	3.94	15.55	2.71	0.00	21.91	0.00	0.00	0.00	0.59	210.00	1.86	0.00	0.00	0.00	0.00	0.00	0.00	0.00	
207.00	1330.00	689.00	0.00	188.00	4030.00	0.99	6.18	-0.63	560.00	4030.00	21.44	15.00	26.00	2.36	5.58	2.17	0.00	21.44	0.00	0.00	0.00	0.98	188.00	1.66	0.10	0.00	0.00	0.00	0.00	0.00	0.00	
208.00	1731.00	763.00	0.00	142.00	2912.00	1.00	11.57	0.10	169.00	2912.00	20.51	13.00	28.00	3.23	10.46	2.93	0.00	20.51	0.00	0.00	0.00	0.50	142.00	1.26	0.00	0.00	0.00	0.00	0.00	0.00	0.00	
209.00	275.00	1073.00	0.00	140.00	2801.00	0.98	4.60	-1.59	160.00	2801.00	20.01	11.00	30.00	3.37	11.36	3.21	0.00	20.01	0.00	0.00	0.00	0.84	140.00	1.24	0.00	0.00	0.00	0.00	0.00	0.00	0.00	
210.00	894.00	1068.00	0.00	103.00	1916.00	0.99	8.97	0.54	120.00	1916.00	18.60	14.00	24.00	2.65	7.01	1.73	0.00	18.60	0.00	0.00	0.00	0.52	103.00	0.91	0.00	0.00	0.00	0.00	0.00	0.00	0.00	
211.00	669.00	145.00	0.00	80.00	1801.00	0.99	7.04	-1.47	126.00	1801.00	22.51	12.00	29.00	4.14	17.14	5.30	0.00	22.51	0.00	0.00	0.00	0.55	80.00	0.71	0.00	0.00	0.00	0.00	0.00	0.00	0.00	
213.00	1161.00	684.00	0.00	73.00	1828.00	0.98	5.66	0.59	120.00	1828.00	25.04	17.00	30.00	3.03	9.15	3.23	0.00	25.04	0.00	0.00	0.00	0.55	73.00	0.65	0.12	0.00	0.00	0.00	0.00	0.00	0.00	
