ID	centroid_x	centroid_y	centroid_z	volume	integrated_intensity	eccentricity	elongation	orientation	bounding_box_volume	sum	mean	minimum	maximum	sigma	variance	surface_gradient	interior_gradient	surface_intensity	interior_intensity	intensity_ratio	convexity	radius_variation	surface_area	shape	shared_boundary	t_energy	t_entropy	inverse_diff_moment	inertia	cluster_shade	cluster_prominence	
1.00	928.00	677.00	0.00	7124.00	208911.00	1.00	71.37	0.19	9879.00	208911.00	29.32	7.00	42.00	4.62	21.33	1.26	0.00	29.32	0.00	0.00	0.00	1.46	7124.00	62.99	0.01	0.00	0.00	0.00	0.00	0.00	0.00	
2.00	221.00	630.00	0.00	5716.00	130353.00	1.00	55.73	-1.47	8120.00	130353.00	22.80	10.00	33.00	3.13	9.80	1.19	0.00	22.80	0.00	0.00	0.00	1.38	5716.00	50.54	0.00	0.00	0.00	0.00	0.00	0.00	0.00	
3.00	128.00	663.00	0.00	5610.00	132645.00	1.00	57.76	-1.50	8175.00	132645.00	23.64	11.00	33.00	3.07	9.41	1.24	0.00	23.64	0.00	0.00	0.00	1.38	5610.00	49.60	0.00	0.00	0.00	0.00	0.00	0.00	0.00	
4.00	728.00	658.00	0.00	5526.00	165058.00	1.00	56.89	-2.35	8740.00	165058.00	29.87	8.00	44.00	4.65	21.63	1.51	0.00	29.87	0.00	0.00	0.00	1.40	5526.00	48.86	0.01	0.00	0.00	0.00	0.00	0.00	0.00	
5.00	486.00	1010.00	0.00	4765.00	127416.00	1.00	62.66	0.55	6715.00	127416.00	26.74	10.00	37.00	4.69	21.97	1.55	0.00	26.74	0.00	0.00	0.00	1.20	4765.00	42.13	0.00	0.00	0.00	0.00	0.00	0.00	0.00	
6.00	462.00	507.00	0.00	4739.00	113875.00	1.00	54.23	-0.89	7802.00	113875.00	24.03	8.00	35.00	2.99	8.94	1.31	0.00	24.03	0.00	0.00	0.00	1.35	4739.00	41.90	0.01	0.00	0.00	0.00	0.00	0.00	0.00	
7.00	118.00	1037.00	0.00	4659.00	111797.00	1.00	58.52	0.72	6320.00	111797.00	24.00	5.00	31.00	2.93	8.57	1.24	0.00	24.00	0.00	0.00	0.00	1.24	4659.00	41.20	0.00	0.00	0.00	0.00	0.00	0.00	0.00	
8.00	1678.00	921.00	0.00	4633.00	142053.00	1.00	62.46	-0.69	6241.00	142053.00	30.66	12.00	49.00	6.82	46.50	1.86	0.00	30.66	0.00	0.00	0.00	1.19	4633.00	40.97	0.00	0.00	0.00	0.00	0.00	0.00	0.00	
9.00	999.00	1008.00	0.00	4605.00	134368.00	1.00	65.66	-0.77	6080.00	134368.00	29.18	10.00	41.00	5.24	27.48	1.57	0.00	29.18	0.00	0.00	0.00	1.19	4605.00	40.72	0.00	0.00	0.00	0.00	0.00	0.00	0.00	
10.00	1465.00	857.00	0.00	4568.00	135663.00	1.00	60.57	-0.83	6400.00	135663.00	29.70	14.00	46.00	6.63	43.97	1.83	0.00	29.70	0.00	0.00	0.00	1.20	4568.00	40.39	0.00	0.00	0.00	0.00	0.00	0.00	0.00	
11.00	297.00	984.00	0.00	4494.00	117516.00	1.00	58.01	0.45	6020.00	117516.00	26.15	13.00	36.00	3.38	11.41	1.55	0.00	26.15	0.00	0.00	0.00	1.21	4494.00	39.74	0.00	0.00	0.00	0.00	0.00	0.00	0.00	
12.00	577.00	1043.00	0.00	4490.00	121873.00	1.00	60.90	-1.98	5658.00	121873.00	27.14	9.00	38.00	4.22	17.78	1.31	0.00	27.14	0.00	0.00	0.00	1.23	4490.00	39.70	0.00	0.00	0.00	0.00	0.00	0.00	0.00	
13.00	1569.00	837.00	0.00	4470.00	128795.00	1.00	59.16	-0.82	6320.00	128795.00	28.81	13.00	47.00	6.23	38.76	1.77	0.00	28.81	0.00	0.00	0.00	1.20	4470.00	39.52	0.00	0.00	0.00	0.00	0.00	0.00	0.00	
14.00	848.00	936.00	0.00	4459.00	121370.00	1.00	61.99	0.25	5976.00	121370.00	27.22	9.00	40.00	4.66	21.69	1.55	0.00	27.22	0.00	0.00	0.00	1.18	4459.00	39.43	0.00	0.00	0.00	0.00	0.00	0.00	0.00	
15.00	779.00	948.00	0.00	4394.00	114734.00	1.00	62.13	0.35	5760.00	114734.00	26.11	12.00	37.00	4.30	18.51	1.53	0.00	26.11	0.00	0.00	0.00	1.17	4394.00	38.85	0.00	0.00	0.00	0.00	0.00	0.00	0.00	
16.00	386.00	1005.00	0.00	4392.00	105179.00	1.00	58.91	0.65	5904.00	105179.00	23.95	10.00	33.00	3.23	10.42	1.34	0.00	23.95	0.00	0.00	0.00	1.20	4392.00	38.83	0.01	0.00	0.00	0.00	0.00	0.00	0.00	
17.00	1189.00	776.00	0.00	4382.00	124420.00	1.00	61.95	-1.21	6205.00	124420.00	28.39	10.00	45.00	5.22	27.26	1.88	0.00	28.39	0.00	0.00	0.00	1.17	4382.00	38.75	0.00	0.00	0.00	0.00	0.00	0.00	0.00	
18.00	481.00	870.00	0.00	4371.00	116872.00	1.00	61.57	-2.15	5472.00	116872.00	26.74	13.00	35.00	3.28	10.75	1.25	0.00	26.74	0.00	0.00	0.00	1.17	4371.00	38.65	0.00	0.00	0.00	0.00	0.00	0.00	0.00	
19.00	713.00	884.00	0.00	4361.00	118441.00	1.00	62.06	0.49	5767.00	118441.00	27.16	13.00	38.00	4.54	20.63	1.58	0.00	27.16	0.00	0.00	0.00	1.16	4361.00	38.56	0.00	0.00	0.00	0.00	0.00	0.00	0.00	
20.00	992.00	938.00	0.00	4291.00	128961.00	1.00	62.19	-0.15	5700.00	128961.00	30.05	5.00	41.00	5.15	26.49	1.44	0.00	30.05	0.00	0.00	0.00	1.17	4291.00	37.94	0.00	0.00	0.00	0.00	0.00	0.00	0.00	
21.00	479.00	328.00	0.00	4250.00	104988.00	1.00	56.39	0.49	5832.00	104988.00	24.70	9.00	34.00	3.53	12.44	1.56	0.00	24.70	0.00	0.00	0.00	1.26	4250.00	37.58	0.00	0.00	0.00	0.00	0.00	0.00	0.00	
22.00	1017.00	829.00	0.00	4236.00	116896.00	1.00	62.09	-0.21	5400.00	116896.00	27.60	11.00	41.00	4.97	24.75	1.54	0.00	27.60	0.00	0.00	0.00	1.16	4236.00	37.46	0.00	0.00	0.00	0.00	0.00	0.00	0.00	
23.00	331.00	326.00	0.00	4159.00	105624.00	1.00	46.46	0.39	6348.00	105624.00	25.40	10.00	34.00	3.32	11.00	1.48	0.00	25.40	0.00	0.00	0.00	1.38	4159.00	36.77	0.00	0.00	0.00	0.00	0.00	0.00	0.00	
24.00	1034.00	744.00	0.00	4139.00	115711.00	1.00	60.73	-1.67	5772.00	115711.00	27.96	11.00	43.00	5.51	30.40	1.64	0.00	27.96	0.00	0.00	0.00	1.15	4139.00	36.60	0.01	0.00	0.00	0.00	0.00	0.00	0.00	
25.00	802.00	302.00	0.00	4109.00	102663.00	1.00	46.77	0.67	6806.00	102663.00	24.98	13.00	37.00	3.67	13.50	1.56	0.00	24.98	0.00	0.00	0.00	1.40	4109.00	36.33	0.00	0.00	0.00	0.00	0.00	0.00	0.00	
26.00	1696.00	823.00	0.00	4079.00	125326.00	1.00	56.56	-0.63	5538.00	125326.00	30.72	10.00	46.00	6.62	43.78	1.95	0.00	30.72	0.00	0.00	0.00	1.17	4079.00	36.07	0.00	0.00	0.00	0.00	0.00	0.00	0.00	
27.00	1378.00	773.00	0.00	4065.00	118304.00	1.00	58.19	-0.88	5624.00	118304.00	29.10	13.00	44.00	5.37	28.86	1.72	0.00	29.10	0.00	0.00	0.00	1.15	4065.00	35.94	0.00	0.00	0.00	0.00	0.00	0.00	0.00	
28.00	328.00	845.00	0.00	4012.00	105072.00	1.00	53.87	-2.24	5538.00	105072.00	26.19	12.00	37.00	3.65	13.30	1.34	0.00	26.19	0.00	0.00	0.00	1.20	4012.00	35.47	0.00	0.00	0.00	0.00	0.00	0.00	0.00	
29.00	184.00	985.00	0.00	3992.00	111226.00	1.00	51.70	0.61	5670.00	111226.00	27.86	3.00	110.00	8.38	70.24	3.89	0.00	27.86	0.00	0.00	0.00	1.23	3992.00	35.30	0.00	0.00	0.00	0.00	0.00	0.00	0.00	
30.00	1114.00	823.00	0.00	3990.00	113288.00	1.00	59.85	-0.30	4968.00	113288.00	28.39	10.00	41.00	5.88	34.58	1.69	0.00	28.39	0.00	0.00	0.00	1.14	3990.00	35.28	0.00	0.00	0.00	0.00	0.00	0.00	0.00	
31.00	944.00	822.00	0.00	3974.00	113238.00	1.00	59.69	-0.66	5625.00	113238.00	28.49	8.00	41.00	4.12	17.00	1.40	0.00	28.49	0.00	0.00	0.00	1.13	3974.00	35.14	0.01	0.00	0.00	0.00	0.00	0.00	0.00	
32.00	902.00	866.00	0.00	3925.00	101593.00	1.00	58.17	-0.63	5472.00	101593.00	25.88	6.00	36.00	4.07	16.54	1.47	0.00	25.88	0.00	0.00	0.00	1.13	3925.00	34.71	0.01	0.00	0.00	0.00	0.00	0.00	0.00	
33.00	52.00	579.00	0.00	3900.00	91470.00	1.00	47.99	0.68	6237.00	91470.00	23.45	6.00	37.00	3.41	11.61	1.55	0.00	23.45	0.00	0.00	0.00	1.31	3900.00	34.48	0.00	0.00	0.00	0.00	0.00	0.00	0.00	
34.00	1595.00	740.00	0.00	3863.00	112019.00	1.00	53.83	-0.84	5106.00	112019.00	29.00	12.00	45.00	6.46	41.72	1.75	0.00	29.00	0.00	0.00	0.00	1.17	3863.00	34.16	0.00	0.00	0.00	0.00	0.00	0.00	0.00	
35.00	831.00	649.00	0.00	3825.00	105827.00	1.00	57.24	-1.50	5440.00	105827.00	27.67	10.00	39.00	4.39	19.29	1.47	0.00	27.67	0.00	0.00	0.00	1.12	3825.00	33.82	0.01	0.00	0.00	0.00	0.00	0.00	0.00	
36.00	1011.00	200.00	0.00	3817.00	106078.00	1.00	46.00	-2.21	6424.00	106078.00	27.79	10.00	38.00	3.88	15.04	1.77	0.00	27.79	0.00	0.00	0.00	1.32	3817.00	33.75	0.00	0.00	0.00	0.00	0.00	0.00	0.00	
37.00	852.00	813.00	0.00	3780.00	85391.00	1.00	59.43	0.61	5183.00	85391.00	22.59	11.00	33.00	3.10	9.64	1.41	0.00	22.59	0.00	0.00	0.00	1.12	3780.00	33.42	0.00	0.00	0.00	0.00	0.00	0.00	0.00	
38.00	627.00	695.00	0.00	3764.00	100818.00	1.00	59.54	-0.97	5040.00	100818.00	26.78	5.00	37.00	3.86	14.91	1.41	0.00	26.78	0.00	0.00	0.00	1.13	3764.00	33.28	0.01	0.00	0.00	0.00	0.00	0.00	0.00	
39.00	504.00	773.00	0.00	3710.00	94487.00	1.00	56.16	-2.29	4761.00	94487.00	25.47	8.00	33.00	3.35	11.23	1.37	0.00	25.47	0.00	0.00	0.00	1.13	3710.00	32.80	0.00	0.00	0.00	0.00	0.00	0.00	0.00	
40.00	1507.00	643.00	0.00	3666.00	108950.00	1.00	53.78	-1.03	4757.00	108950.00	29.72	6.00	44.00	5.40	29.21	1.73	0.00	29.72	0.00	0.00	0.00	1.14	3666.00	32.42	0.00	0.00	0.00	0.00	0.00	0.00	0.00	
41.00	1481.00	769.00	0.00	3666.00	109993.00	1.00	52.34	-0.75	5040.00	109993.00	30.00	14.00	45.00	6.29	39.62	1.81	0.00	30.00	0.00	0.00	0.00	1.16	3666.00	32.42	0.00	0.00	0.00	0.00	0.00	0.00	0.00	
42.00	1180.00	700.00	0.00	3661.00	102197.00	1.00	57.56	-0.90	4554.00	102197.00	27.92	9.00	42.00	5.33	28.39	1.76	0.00	27.92	0.00	0.00	0.00	1.12	3661.00	32.37	0.00	0.00	0.00	0.00	0.00	0.00	0.00	
43.00	844.00	729.00	0.00	3656.00	84984.00	1.00	56.60	-1.72	5320.00	84984.00	23.25	13.00	33.00	2.96	8.78	1.41	0.00	23.25	0.00	0.00	0.00	1.11	3656.00	32.33	0.01	0.00	0.00	0.00	0.00	0.00	0.00	
44.00	300.00	689.00	0.00	3643.00	94921.00	1.00	51.62	-2.10	5576.00	94921.00	26.06	9.00	34.00	4.31	18.55	1.50	0.00	26.06	0.00	0.00	0.00	1.16	3643.00	32.21	0.00	0.00	0.00	0.00	0.00	0.00	0.00	
45.00	1746.00	696.00	0.00	3615.00	108106.00	1.00	49.43	-0.78	5112.00	108106.00	29.90	14.00	47.00	6.30	39.75	1.86	0.00	29.90	0.00	0.00	0.00	1.19	3615.00	31.96	0.00	0.00	0.00	0.00	0.00	0.00	0.00	
46.00	970.00	303.00	0.00	3608.00	112425.00	1.00	52.25	-2.14	5100.00	112425.00	31.16	13.00	42.00	4.71	22.17	1.74	0.00	31.16	0.00	0.00	0.00	1.13	3608.00	31.90	0.00	0.00	0.00	0.00	0.00	0.00	0.00	
47.00	917.00	591.00	0.00	3607.00	96146.00	1.00	55.65	-0.09	4680.00	96146.00	26.66	9.00	39.00	4.83	23.29	1.53	0.00	26.66	0.00	0.00	0.00	1.11	3607.00	31.89	0.01	0.00	0.00	0.00	0.00	0.00	0.00	
48.00	789.00	601.00	0.00	3602.00	101167.00	1.00	55.42	-2.05	4615.00	101167.00	28.09	6.00	41.00	3.87	14.98	1.40	0.00	28.09	0.00	0.00	0.00	1.12	3602.00	31.85	0.02	0.00	0.00	0.00	0.00	0.00	0.00	
49.00	249.00	745.00	0.00	3524.00	89737.00	1.00	51.52	0.63	4964.00	89737.00	25.46	8.00	36.00	3.03	9.18	1.37	0.00	25.46	0.00	0.00	0.00	1.14	3524.00	31.16	0.00	0.00	0.00	0.00	0.00	0.00	0.00	
50.00	1634.00	473.00	0.00	3480.00	94027.00	1.00	53.69	-1.55	4736.00	94027.00	27.02	13.00	45.00	6.18	38.15	1.63	0.00	27.02	0.00	0.00	0.00	1.10	3480.00	30.77	0.00	0.00	0.00	0.00	0.00	0.00	0.00	
51.00	387.00	516.00	0.00	3458.00	89027.00	1.00	50.95	-2.04	4818.00	89027.00	25.75	8.00	37.00	3.61	13.02	1.50	0.00	25.75	0.00	0.00	0.00	1.14	3458.00	30.58	0.01	0.00	0.00	0.00	0.00	0.00	0.00	
52.00	1360.00	556.00	0.00	3457.00	101675.00	1.00	53.68	-1.04	4488.00	101675.00	29.41	15.00	42.00	4.96	24.61	1.85	0.00	29.41	0.00	0.00	0.00	1.11	3457.00	30.57	0.00	0.00	0.00	0.00	0.00	0.00	0.00	
53.00	726.00	221.00	0.00	3450.00	86109.00	1.00	47.36	-0.33	5103.00	86109.00	24.96	11.00	35.00	4.06	16.51	1.72	0.00	24.96	0.00	0.00	0.00	1.22	3450.00	30.51	0.00	0.00	0.00	0.00	0.00	0.00	0.00	
54.00	248.00	488.00	0.00	3432.00	84203.00	1.00	48.91	0.12	4680.00	84203.00	24.53	7.00	33.00	3.31	10.93	1.31	0.00	24.53	0.00	0.00	0.00	1.20	3432.00	30.35	0.01	0.00	0.00	0.00	0.00	0.00	0.00	
55.00	1302.00	711.00	0.00	3428.00	98173.00	1.00	52.82	-0.74	4489.00	98173.00	28.64	9.00	41.00	5.95	35.43	1.89	0.00	28.64	0.00	0.00	0.00	1.12	3428.00	30.31	0.00	0.00	0.00	0.00	0.00	0.00	0.00	
56.00	1124.00	664.00	0.00	3400.00	86207.00	1.00	55.19	-0.91	4160.00	86207.00	25.35	9.00	35.00	4.29	18.38	1.56	0.00	25.35	0.00	0.00	0.00	1.10	3400.00	30.06	0.00	0.00	0.00	0.00	0.00	0.00	0.00	
57.00	440.00	795.00	0.00	3384.00	81046.00	1.00	51.73	0.61	4480.00	81046.00	23.95	10.00	36.00	3.27	10.72	1.40	0.00	23.95	0.00	0.00	0.00	1.12	3384.00	29.92	0.00	0.00	0.00	0.00	0.00	0.00	0.00	
58.00	1645.00	569.00	0.00	3377.00	96093.00	1.00	50.28	-0.90	4480.00	96093.00	28.46	13.00	42.00	5.45	29.68	1.78	0.00	28.46	0.00	0.00	0.00	1.13	3377.00	29.86	0.00	0.00	0.00	0.00	0.00	0.00	0.00	
59.00	1355.00	677.00	0.00	3323.00	90840.00	1.00	50.72	-1.08	4818.00	90840.00	27.34	10.00	39.00	5.49	30.18	1.60	0.00	27.34	0.00	0.00	0.00	1.11	3323.00	29.38	0.00	0.00	0.00	0.00	0.00	0.00	0.00	
60.00	572.00	624.00	0.00	3276.00	77650.00	1.00	53.59	-2.09	4160.00	77650.00	23.70	13.00	33.00	3.25	10.59	1.58	0.00	23.70	0.00	0.00	0.00	1.09	3276.00	28.97	0.00	0.00	0.00	0.00	0.00	0.00	0.00	
61.00	1216.00	564.00	0.00	3272.00	97202.00	1.00	51.14	-1.21	4221.00	97202.00	29.71	9.00	41.00	5.18	26.85	1.78	0.00	29.71	0.00	0.00	0.00	1.11	3272.00	28.93	0.01	0.00	0.00	0.00	0.00	0.00	0.00	
62.00	1437.00	629.00	0.00	3260.00	80409.00	1.00	50.32	-1.00	4284.00	80409.00	24.67	12.00	34.00	3.22	10.38	1.56	0.00	24.67	0.00	0.00	0.00	1.11	3260.00	28.83	0.00	0.00	0.00	0.00	0.00	0.00	0.00	
63.00	1279.00	569.00	0.00	3247.00	88521.00	1.00	54.86	-0.34	3843.00	88521.00	27.26	10.00	42.00	4.68	21.88	1.74	0.00	27.26	0.00	0.00	0.00	1.10	3247.00	28.71	0.01	0.00	0.00	0.00	0.00	0.00	0.00	
64.00	645.00	580.00	0.00	3247.00	77443.00	1.00	53.46	-1.82	4030.00	77443.00	23.85	10.00	35.00	3.01	9.04	1.32	0.00	23.85	0.00	0.00	0.00	1.08	3247.00	28.71	0.00	0.00	0.00	0.00	0.00	0.00	0.00	
65.00	405.00	660.00	0.00	3202.00	80987.00	1.00	48.42	-2.29	4356.00	80987.00	25.29	13.00	34.00	2.96	8.79	1.49	0.00	25.29	0.00	0.00	0.00	1.12	3202.00	28.31	0.00	0.00	0.00	0.00	0.00	0.00	0.00	
66.00	664.00	738.00	0.00	3195.00	79402.00	1.00	49.19	-2.27	4970.00	79402.00	24.85	10.00	37.00	2.98	8.89	1.32	0.00	24.85	0.00	0.00	0.00	1.13	3195.00	28.25	0.01	0.00	0.00	0.00	0.00	0.00	0.00	
67.00	567.00	731.00	0.00	3179.00	82465.00	1.00	46.88	-2.23	4550.00	82465.00	25.94	6.00	35.00	3.62	13.13	1.41	0.00	25.94	0.00	0.00	0.00	1.14	3179.00	28.11	0.01	0.00	0.00	0.00	0.00	0.00	0.00	
68.00	845.00	563.00	0.00	3143.00	86846.00	1.00	51.69	-1.74	4608.00	86846.00	27.63	10.00	39.00	4.34	18.82	1.79	0.00	27.63	0.00	0.00	0.00	1.07	3143.00	27.79	0.00	0.00	0.00	0.00	0.00	0.00	0.00	
69.00	768.00	480.00	0.00	3129.00	88023.00	1.00	52.82	-1.89	4030.00	88023.00	28.13	7.00	36.00	4.04	16.34	1.61	0.00	28.13	0.00	0.00	0.00	1.07	3129.00	27.67	0.00	0.00	0.00	0.00	0.00	0.00	0.00	
70.00	1060.00	557.00	0.00	3120.00	81070.00	1.00	53.82	-1.35	4290.00	81070.00	25.98	14.00	36.00	4.60	21.20	1.68	0.00	25.98	0.00	0.00	0.00	1.07	3120.00	27.59	0.00	0.00	0.00	0.00	0.00	0.00	0.00	
71.00	415.00	586.00	0.00	3076.00	80692.00	1.00	47.73	-2.29	4148.00	80692.00	26.23	13.00	36.00	3.18	10.11	1.63	0.00	26.23	0.00	0.00	0.00	1.11	3076.00	27.20	0.00	0.00	0.00	0.00	0.00	0.00	0.00	
72.00	699.00	532.00	0.00	3073.00	84566.00	1.00	50.91	-1.79	4209.00	84566.00	27.52	14.00	38.00	3.89	15.14	1.66	0.00	27.52	0.00	0.00	0.00	1.07	3073.00	27.17	0.00	0.00	0.00	0.00	0.00	0.00	0.00	
73.00	298.00	543.00	0.00	3064.00	79668.00	1.00	49.10	-2.27	4095.00	79668.00	26.00	12.00	34.00	3.12	9.74	1.51	0.00	26.00	0.00	0.00	0.00	1.09	3064.00	27.09	0.00	0.00	0.00	0.00	0.00	0.00	0.00	
74.00	1093.00	727.00	0.00	3054.00	83762.00	1.00	48.21	-0.49	4485.00	83762.00	27.43	13.00	36.00	3.90	15.17	1.58	0.00	27.43	0.00	0.00	0.00	1.12	3054.00	27.00	0.01	0.00	0.00	0.00	0.00	0.00	0.00	
75.00	980.00	541.00	0.00	3019.00	81544.00	1.00	52.85	-2.10	3969.00	81544.00	27.01	12.00	37.00	4.27	18.25	1.69	0.00	27.01	0.00	0.00	0.00	1.06	3019.00	26.69	0.00	0.00	0.00	0.00	0.00	0.00	0.00	
76.00	1154.00	571.00	0.00	3013.00	74585.00	1.00	51.52	-1.29	3770.00	74585.00	24.75	11.00	40.00	3.48	12.12	1.53	0.00	24.75	0.00	0.00	0.00	1.07	3013.00	26.64	0.01	0.00	0.00	0.00	0.00	0.00	0.00	
77.00	1479.00	501.00	0.00	2965.00	87317.00	1.00	47.61	-0.97	4087.00	87317.00	29.45	13.00	43.00	5.41	29.25	1.88	0.00	29.45	0.00	0.00	0.00	1.09	2965.00	26.22	0.00	0.00	0.00	0.00	0.00	0.00	0.00	
78.00	1193.00	474.00	0.00	2945.00	75473.00	1.00	51.75	-1.22	3906.00	75473.00	25.63	13.00	35.00	3.99	15.89	1.66	0.00	25.63	0.00	0.00	0.00	1.05	2945.00	26.04	0.00	0.00	0.00	0.00	0.00	0.00	0.00	
79.00	544.00	556.00	0.00	2910.00	73622.00	1.00	48.74	-2.05	3712.00	73622.00	25.30	13.00	33.00	3.22	10.36	1.53	0.00	25.30	0.00	0.00	0.00	1.06	2910.00	25.73	0.00	0.00	0.00	0.00	0.00	0.00	0.00	
80.00	1628.00	630.00	0.00	2883.00	91454.00	1.00	45.61	-0.38	3819.00	91454.00	31.72	9.00	45.00	6.25	39.08	2.06	0.00	31.72	0.00	0.00	0.00	1.08	2883.00	25.49	0.00	0.00	0.00	0.00	0.00	0.00	0.00	
81.00	938.00	492.00	0.00	2868.00	81032.00	1.00	49.18	-1.70	3953.00	81032.00	28.25	12.00	39.00	4.27	18.24	1.75	0.00	28.25	0.00	0.00	0.00	1.05	2868.00	25.36	0.00	0.00	0.00	0.00	0.00	0.00	0.00	
82.00	1129.00	487.00	0.00	2860.00	73939.00	1.00	49.55	-1.35	3584.00	73939.00	25.85	10.00	38.00	4.29	18.36	1.83	0.00	25.85	0.00	0.00	0.00	1.05	2860.00	25.29	0.00	0.00	0.00	0.00	0.00	0.00	0.00	
83.00	532.00	492.00	0.00	2826.00	73995.00	1.00	47.88	-2.27	3780.00	73995.00	26.18	7.00	33.00	3.65	13.32	1.70	0.00	26.18	0.00	0.00	0.00	1.06	2826.00	24.99	0.01	0.00	0.00	0.00	0.00	0.00	0.00	
84.00	1334.00	413.00	0.00	2782.00	78689.00	1.00	47.40	-1.26	3770.00	78689.00	28.29	13.00	40.00	4.98	24.82	1.82	0.00	28.29	0.00	0.00	0.00	1.05	2782.00	24.60	0.00	0.00	0.00	0.00	0.00	0.00	0.00	
85.00	894.00	436.00	0.00	2782.00	80140.00	1.00	47.66	-1.71	3410.00	80140.00	28.81	10.00	41.00	3.84	14.71	1.77	0.00	28.81	0.00	0.00	0.00	1.05	2782.00	24.60	0.00	0.00	0.00	0.00	0.00	0.00	0.00	
86.00	1546.00	485.00	0.00	2769.00	78985.00	1.00	44.97	-0.88	3782.00	78985.00	28.52	10.00	40.00	5.10	25.99	1.82	0.00	28.52	0.00	0.00	0.00	1.08	2769.00	24.48	0.00	0.00	0.00	0.00	0.00	0.00	0.00	
87.00	635.00	458.00	0.00	2756.00	61912.00	1.00	43.85	-1.91	3744.00	61912.00	22.46	9.00	32.00	2.81	7.88	1.57	0.00	22.46	0.00	0.00	0.00	1.12	2756.00	24.37	0.00	0.00	0.00	0.00	0.00	0.00	0.00	
88.00	57.00	785.00	0.00	2741.00	64006.00	1.00	39.71	0.65	4200.00	64006.00	23.35	11.00	30.00	2.25	5.06	1.36	0.00	23.35	0.00	0.00	0.00	1.19	2741.00	24.24	0.00	0.00	0.00	0.00	0.00	0.00	0.00	
89.00	1358.00	487.00	0.00	2725.00	77295.00	1.00	44.76	-1.01	3776.00	77295.00	28.37	13.00	41.00	4.94	24.38	1.94	0.00	28.37	0.00	0.00	0.00	1.07	2725.00	24.10	0.00	0.00	0.00	0.00	0.00	0.00	0.00	
90.00	1279.00	477.00	0.00	2699.00	68800.00	1.00	45.49	-1.28	3618.00	68800.00	25.49	9.00	41.00	4.62	21.30	1.73	0.00	25.49	0.00	0.00	0.00	1.05	2699.00	23.87	0.00	0.00	0.00	0.00	0.00	0.00	0.00	
91.00	608.00	536.00	0.00	2670.00	58713.00	1.00	47.35	0.74	3363.00	58713.00	21.99	8.00	31.00	2.53	6.43	1.27	0.00	21.99	0.00	0.00	0.00	1.04	2670.00	23.61	0.01	0.00	0.00	0.00	0.00	0.00	0.00	
92.00	1083.00	424.00	0.00	2669.00	70361.00	1.00	47.42	-1.51	3294.00	70361.00	26.36	11.00	40.00	4.65	21.61	1.66	0.00	26.36	0.00	0.00	0.00	1.03	2669.00	23.60	0.00	0.00	0.00	0.00	0.00	0.00	0.00	
93.00	829.00	476.00	0.00	2655.00	71517.00	1.00	47.41	-1.78	3240.00	71517.00	26.94	9.00	41.00	4.29	18.44	1.66	0.00	26.94	0.00	0.00	0.00	1.04	2655.00	23.48	0.00	0.00	0.00	0.00	0.00	0.00	0.00	
94.00	873.00	333.00	0.00	2652.00	72916.00	1.00	47.28	-1.43	3640.00	72916.00	27.49	6.00	39.00	4.23	17.92	1.89	0.00	27.49	0.00	0.00	0.00	1.05	2652.00	23.45	0.00	0.00	0.00	0.00	0.00	0.00	0.00	
95.00	1001.00	382.00	0.00	2651.00	71148.00	1.00	49.12	-1.63	3363.00	71148.00	26.84	12.00	39.00	4.60	21.12	1.84	0.00	26.84	0.00	0.00	0.00	1.03	2651.00	23.44	0.00	0.00	0.00	0.00	0.00	0.00	0.00	
96.00	1251.00	424.00	0.00	2633.00	73753.00	1.00	45.74	-1.15	3456.00	73753.00	28.01	8.00	37.00	4.73	22.41	1.86	0.00	28.01	0.00	0.00	0.00	1.04	2633.00	23.28	0.00	0.00	0.00	0.00	0.00	0.00	0.00	
97.00	558.00	417.00	0.00	2625.00	72468.00	1.00	45.95	-1.52	3630.00	72468.00	27.61	10.00	36.00	3.23	10.41	1.58	0.00	27.61	0.00	0.00	0.00	1.03	2625.00	23.21	0.02	0.00	0.00	0.00	0.00	0.00	0.00	
98.00	981.00	452.00	0.00	2609.00	67843.00	1.00	47.61	-1.81	3304.00	67843.00	26.00	9.00	38.00	4.62	21.32	1.62	0.00	26.00	0.00	0.00	0.00	1.03	2609.00	23.07	0.01	0.00	0.00	0.00	0.00	0.00	0.00	
99.00	711.00	382.00	0.00	2602.00	69553.00	1.00	48.91	-2.30	3248.00	69553.00	26.73	8.00	35.00	3.72	13.80	1.67	0.00	26.73	0.00	0.00	0.00	1.03	2602.00	23.01	0.01	0.00	0.00	0.00	0.00	0.00	0.00	
100.00	314.00	467.00	0.00	2600.00	63924.00	1.00	43.45	-2.22	3596.00	63924.00	24.59	8.00	34.00	3.62	13.10	1.43	0.00	24.59	0.00	0.00	0.00	1.07	2600.00	22.99	0.00	0.00	0.00	0.00	0.00	0.00	0.00	
101.00	204.00	568.00	0.00	2585.00	57886.00	1.00	41.97	0.78	3600.00	57886.00	22.39	9.00	28.00	2.38	5.66	1.35	0.00	22.39	0.00	0.00	0.00	1.09	2585.00	22.86	0.00	0.00	0.00	0.00	0.00	0.00	0.00	
102.00	737.00	710.00	0.00	2584.00	64095.00	1.00	37.53	-2.10	4891.00	64095.00	24.80	9.00	35.00	4.02	16.16	1.33	0.00	24.80	0.00	0.00	0.00	1.43	2584.00	22.85	0.04	0.00	0.00	0.00	0.00	0.00	0.00	
103.00	845.00	380.00	0.00	2526.00	67412.00	1.00	46.68	-1.39	3074.00	67412.00	26.69	7.00	35.00	3.07	9.43	1.59	0.00	26.69	0.00	0.00	0.00	1.03	2526.00	22.34	0.01	0.00	0.00	0.00	0.00	0.00	0.00	
104.00	702.00	461.00	0.00	2526.00	72300.00	1.00	41.91	-1.58	3400.00	72300.00	28.62	11.00	38.00	3.94	15.53	1.77	0.00	28.62	0.00	0.00	0.00	1.04	2526.00	22.34	0.00	0.00	0.00	0.00	0.00	0.00	0.00	
105.00	736.00	583.00	0.00	2521.00	57351.00	1.00	43.38	0.73	3660.00	57351.00	22.75	9.00	31.00	3.00	9.02	1.12	0.00	22.75	0.00	0.00	0.00	1.06	2521.00	22.29	0.02	0.00	0.00	0.00	0.00	0.00	0.00	
106.00	949.00	408.00	0.00	2509.00	70112.00	1.00	45.26	-1.43	3060.00	70112.00	27.94	5.00	37.00	4.10	16.83	1.71	0.00	27.94	0.00	0.00	0.00	1.03	2509.00	22.19	0.01	0.00	0.00	0.00	0.00	0.00	0.00	
107.00	508.00	388.00	0.00	2493.00	61059.00	1.00	43.90	-2.16	3420.00	61059.00	24.49	8.00	36.00	3.95	15.60	1.66	0.00	24.49	0.00	0.00	0.00	1.04	2493.00	22.04	0.01	0.00	0.00	0.00	0.00	0.00	0.00	
108.00	1099.00	343.00	0.00	2459.00	62753.00	1.00	45.49	-1.66	3410.00	62753.00	25.52	14.00	35.00	4.10	16.82	1.96	0.00	25.52	0.00	0.00	0.00	1.01	2459.00	21.74	0.00	0.00	0.00	0.00	0.00	0.00	0.00	
109.00	658.00	388.00	0.00	2452.00	68693.00	1.00	46.26	-2.09	2916.00	68693.00	28.02	10.00	36.00	3.45	11.89	1.43	0.00	28.02	0.00	0.00	0.00	1.03	2452.00	21.68	0.01	0.00	0.00	0.00	0.00	0.00	0.00	
110.00	652.00	286.00	0.00	2443.00	68331.00	1.00	43.38	-1.42	3328.00	68331.00	27.97	14.00	37.00	3.73	13.91	1.82	0.00	27.97	0.00	0.00	0.00	1.02	2443.00	21.60	0.00	0.00	0.00	0.00	0.00	0.00	0.00	
111.00	188.00	327.00	0.00	2428.00	59863.00	1.00	42.32	-2.01	3180.00	59863.00	24.66	14.00	34.00	2.73	7.43	1.43	0.00	24.66	0.00	0.00	0.00	1.04	2428.00	21.47	0.00	0.00	0.00	0.00	0.00	0.00	0.00	
112.00	1245.00	257.00	0.00	2426.00	64845.00	1.00	46.64	-0.72	3306.00	64845.00	26.73	11.00	37.00	4.70	22.08	1.85	0.00	26.73	0.00	0.00	0.00	1.00	2426.00	21.45	0.00	0.00	0.00	0.00	0.00	0.00	0.00	
113.00	425.00	423.00	0.00	2404.00	58554.00	1.00	41.68	-2.15	3360.00	58554.00	24.36	13.00	34.00	3.26	10.65	1.57	0.00	24.36	0.00	0.00	0.00	1.05	2404.00	21.26	0.00	0.00	0.00	0.00	0.00	0.00	0.00	
114.00	1395.00	339.00	0.00	2401.00	68148.00	1.00	45.14	-0.95	3192.00	68148.00	28.38	11.00	38.00	5.07	25.70	1.89	0.00	28.38	0.00	0.00	0.00	1.01	2401.00	21.23	0.00	0.00	0.00	0.00	0.00	0.00	0.00	
115.00	1333.00	329.00	0.00	2398.00	66288.00	1.00	43.72	-1.19	3060.00	66288.00	27.64	15.00	39.00	4.65	21.66	1.94	0.00	27.64	0.00	0.00	0.00	1.02	2398.00	21.20	0.00	0.00	0.00	0.00	0.00	0.00	0.00	
116.00	256.00	296.00	0.00	2394.00	57787.00	1.00	45.50	-0.85	4148.00	57787.00	24.14	11.00	35.00	4.26	18.19	1.80	0.00	24.14	0.00	0.00	0.00	1.24	2394.00	21.17	0.00	0.00	0.00	0.00	0.00	0.00	0.00	
117.00	1239.00	313.00	0.00	2392.00	67657.00	1.00	43.04	-1.20	3286.00	67657.00	28.28	11.00	39.00	4.56	20.83	2.04	0.00	28.28	0.00	0.00	0.00	1.02	2392.00	21.15	0.00	0.00	0.00	0.00	0.00	0.00	0.00	
118.00	396.00	375.00	0.00	2369.00	53529.00	1.00	42.83	-2.12	3078.00	53529.00	22.60	9.00	32.00	3.14	9.86	1.49	0.00	22.60	0.00	0.00	0.00	1.02	2369.00	20.95	0.00	0.00	0.00	0.00	0.00	0.00	0.00	
119.00	402.00	1058.00	0.00	2367.00	63560.00	1.00	36.43	-1.62	3066.00	63560.00	26.85	12.00	36.00	3.65	13.34	1.16	0.00	26.85	0.00	0.00	0.00	1.14	2367.00	20.93	0.01	0.00	0.00	0.00	0.00	0.00	0.00	
120.00	560.00	279.00	0.00	2366.00	64072.00	1.00	44.12	-1.86	3127.00	64072.00	27.08	6.00	35.00	3.90	15.21	1.82	0.00	27.08	0.00	0.00	0.00	1.01	2366.00	20.92	0.00	0.00	0.00	0.00	0.00	0.00	0.00	
121.00	101.00	369.00	0.00	2348.00	56889.00	1.00	41.21	-2.15	3068.00	56889.00	24.23	10.00	32.00	2.86	8.16	1.56	0.00	24.23	0.00	0.00	0.00	1.04	2348.00	20.76	0.00	0.00	0.00	0.00	0.00	0.00	0.00	
122.00	912.00	270.00	0.00	2346.00	58306.00	1.00	45.99	-1.74	2968.00	58306.00	24.85	13.00	34.00	3.29	10.86	1.57	0.00	24.85	0.00	0.00	0.00	1.00	2346.00	20.74	0.01	0.00	0.00	0.00	0.00	0.00	0.00	
123.00	1450.00	426.00	0.00	2336.00	66683.00	1.00	38.75	-1.05	3392.00	66683.00	28.55	15.00	41.00	5.17	26.75	2.01	0.00	28.55	0.00	0.00	0.00	1.07	2336.00	20.66	0.00	0.00	0.00	0.00	0.00	0.00	0.00	
124.00	1584.00	330.00	0.00	2331.00	62721.00	1.00	40.26	-1.09	3264.00	62721.00	26.91	12.00	37.00	4.32	18.65	1.80	0.00	26.91	0.00	0.00	0.00	1.05	2331.00	20.61	0.01	0.00	0.00	0.00	0.00	0.00	0.00	
125.00	1460.00	362.00	0.00	2331.00	66375.00	1.00	40.78	-1.24	3185.00	66375.00	28.47	12.00	41.00	4.96	24.61	1.94	0.00	28.47	0.00	0.00	0.00	1.03	2331.00	20.61	0.00	0.00	0.00	0.00	0.00	0.00	0.00	
126.00	345.00	410.00	0.00	2266.00	47901.00	1.00	44.35	-2.15	3192.00	47901.00	21.14	9.00	28.00	2.55	6.48	1.45	0.00	21.14	0.00	0.00	0.00	0.99	2266.00	20.04	0.00	0.00	0.00	0.00	0.00	0.00	0.00	
127.00	606.00	388.00	0.00	2262.00	57499.00	1.00	45.04	-1.89	3024.00	57499.00	25.42	13.00	34.00	2.99	8.96	1.50	0.00	25.42	0.00	0.00	0.00	1.00	2262.00	20.00	0.01	0.00	0.00	0.00	0.00	0.00	0.00	
128.00	218.00	389.00	0.00	2258.00	55784.00	1.00	38.33	-2.12	3100.00	55784.00	24.71	13.00	32.00	3.03	9.21	1.50	0.00	24.71	0.00	0.00	0.00	1.07	2258.00	19.97	0.00	0.00	0.00	0.00	0.00	0.00	0.00	
129.00	604.00	329.00	0.00	2249.00	51551.00	1.00	42.17	-2.07	3068.00	51551.00	22.92	14.00	33.00	3.07	9.45	1.67	0.00	22.92	0.00	0.00	0.00	1.00	2249.00	19.89	0.00	0.00	0.00	0.00	0.00	0.00	0.00	
130.00	578.00	225.00	0.00	2224.00	57455.00	1.00	42.02	-1.59	2880.00	57455.00	25.83	13.00	35.00	3.11	9.68	1.57	0.00	25.83	0.00	0.00	0.00	0.99	2224.00	19.67	0.01	0.00	0.00	0.00	0.00	0.00	0.00	
131.00	1632.00	365.00	0.00	2224.00	67650.00	1.00	40.46	-0.78	2970.00	67650.00	30.42	13.00	42.00	5.84	34.10	2.09	0.00	30.42	0.00	0.00	0.00	1.02	2224.00	19.67	0.01	0.00	0.00	0.00	0.00	0.00	0.00	
132.00	500.00	447.00	0.00	2214.00	58050.00	1.00	46.13	-0.03	3080.00	58050.00	26.22	8.00	34.00	3.58	12.79	1.54	0.00	26.22	0.00	0.00	0.00	1.02	2214.00	19.58	0.01	0.00	0.00	0.00	0.00	0.00	0.00	
133.00	73.00	465.00	0.00	2213.00	51806.00	1.00	37.25	-2.25	3080.00	51806.00	23.41	13.00	30.00	2.42	5.84	1.46	0.00	23.41	0.00	0.00	0.00	1.09	2213.00	19.57	0.00	0.00	0.00	0.00	0.00	0.00	0.00	
134.00	1176.00	325.00	0.00	2202.00	53985.00	1.00	41.60	-1.49	2989.00	53985.00	24.52	10.00	33.00	3.65	13.31	1.83	0.00	24.52	0.00	0.00	0.00	0.99	2202.00	19.47	0.00	0.00	0.00	0.00	0.00	0.00	0.00	
135.00	398.00	310.00	0.00	2168.00	47862.00	1.00	41.34	-2.07	2850.00	47862.00	22.08	13.00	31.00	3.61	13.05	1.49	0.00	22.08	0.00	0.00	0.00	0.99	2168.00	19.17	0.00	0.00	0.00	0.00	0.00	0.00	0.00	
136.00	1027.00	312.00	0.00	2163.00	56604.00	1.00	43.45	-1.92	2964.00	56604.00	26.17	11.00	37.00	4.49	20.20	1.73	0.00	26.17	0.00	0.00	0.00	0.99	2163.00	19.13	0.01	0.00	0.00	0.00	0.00	0.00	0.00	
137.00	784.00	703.00	0.00	2162.00	56675.00	1.00	35.86	0.06	2747.00	56675.00	26.21	15.00	36.00	3.75	14.06	1.59	0.00	26.21	0.00	0.00	0.00	1.09	2162.00	19.12	0.01	0.00	0.00	0.00	0.00	0.00	0.00	
138.00	946.00	233.00	0.00	2159.00	52441.00	1.00	41.30	-1.56	2940.00	52441.00	24.29	9.00	32.00	3.38	11.40	1.62	0.00	24.29	0.00	0.00	0.00	0.98	2159.00	19.09	0.02	0.00	0.00	0.00	0.00	0.00	0.00	
139.00	1158.00	410.00	0.00	2159.00	59433.00	1.00	38.44	-1.31	2852.00	59433.00	27.53	13.00	38.00	4.31	18.61	1.87	0.00	27.53	0.00	0.00	0.00	1.01	2159.00	19.09	0.00	0.00	0.00	0.00	0.00	0.00	0.00	
140.00	715.00	296.00	0.00	2158.00	57340.00	1.00	39.93	-2.05	2856.00	57340.00	26.57	13.00	34.00	3.83	14.69	1.82	0.00	26.57	0.00	0.00	0.00	1.01	2158.00	19.08	0.00	0.00	0.00	0.00	0.00	0.00	0.00	
141.00	908.00	745.00	0.00	2156.00	55915.00	1.00	37.47	-1.68	2665.00	55915.00	25.93	13.00	37.00	4.21	17.75	1.57	0.00	25.93	0.00	0.00	0.00	1.04	2156.00	19.06	0.02	0.00	0.00	0.00	0.00	0.00	0.00	
142.00	794.00	372.00	0.00	2152.00	49382.00	1.00	43.05	-1.98	2805.00	49382.00	22.95	10.00	31.00	2.90	8.39	1.48	0.00	22.95	0.00	0.00	0.00	1.00	2152.00	19.03	0.01	0.00	0.00	0.00	0.00	0.00	0.00	
143.00	727.00	747.00	0.00	2120.00	61011.00	1.00	33.04	-1.92	3212.00	61011.00	28.78	13.00	38.00	4.54	20.60	1.53	0.00	28.78	0.00	0.00	0.00	1.17	2120.00	18.75	0.02	0.00	0.00	0.00	0.00	0.00	0.00	
144.00	1080.00	164.00	0.00	2108.00	50133.00	1.00	43.06	-1.46	2856.00	50133.00	23.78	14.00	31.00	2.85	8.10	1.65	0.00	23.78	0.00	0.00	0.00	0.97	2108.00	18.64	0.00	0.00	0.00	0.00	0.00	0.00	0.00	
145.00	892.00	221.00	0.00	2094.00	53951.00	1.00	31.63	-2.04	3744.00	53951.00	25.76	9.00	35.00	4.37	19.11	1.55	0.00	25.76	0.00	0.00	0.00	1.24	2094.00	18.52	0.02	0.00	0.00	0.00	0.00	0.00	0.00	
146.00	874.00	679.00	0.00	2093.00	46008.00	1.00	35.94	0.40	3149.00	46008.00	21.98	9.00	32.00	3.27	10.67	1.12	0.00	21.98	0.00	0.00	0.00	1.09	2093.00	18.51	0.04	0.00	0.00	0.00	0.00	0.00	0.00	
147.00	976.00	135.00	0.00	2075.00	56632.00	1.00	40.45	-1.52	2726.00	56632.00	27.29	7.00	38.00	3.32	11.00	1.57	0.00	27.29	0.00	0.00	0.00	0.97	2075.00	18.35	0.01	0.00	0.00	0.00	0.00	0.00	0.00	
148.00	1336.00	256.00	0.00	2018.00	53476.00	1.00	37.58	-1.18	2688.00	53476.00	26.50	12.00	38.00	4.78	22.84	1.99	0.00	26.50	0.00	0.00	0.00	1.00	2018.00	17.84	0.00	0.00	0.00	0.00	0.00	0.00	0.00	
149.00	1175.00	245.00	0.00	2011.00	48797.00	1.00	39.76	-1.23	2632.00	48797.00	24.27	14.00	33.00	3.06	9.35	1.85	0.00	24.27	0.00	0.00	0.00	0.97	2011.00	17.78	0.00	0.00	0.00	0.00	0.00	0.00	0.00	
150.00	116.00	307.00	0.00	1991.00	47099.00	1.00	37.16	-2.14	2646.00	47099.00	23.66	10.00	33.00	3.15	9.91	1.54	0.00	23.66	0.00	0.00	0.00	1.01	1991.00	17.60	0.00	0.00	0.00	0.00	0.00	0.00	0.00	
151.00	642.00	216.00	0.00	1986.00	52624.00	1.00	36.76	-1.68	2728.00	52624.00	26.50	14.00	37.00	3.49	12.21	1.89	0.00	26.50	0.00	0.00	0.00	0.98	1986.00	17.56	0.00	0.00	0.00	0.00	0.00	0.00	0.00	
152.00	789.00	103.00	0.00	1976.00	49900.00	1.00	40.34	-1.63	2585.00	49900.00	25.25	14.00	34.00	3.55	12.63	1.70	0.00	25.25	0.00	0.00	0.00	0.96	1976.00	17.47	0.00	0.00	0.00	0.00	0.00	0.00	0.00	
153.00	780.00	532.00	0.00	1972.00	45340.00	1.00	36.60	-1.56	3055.00	45340.00	22.99	9.00	35.00	3.40	11.54	1.69	0.00	22.99	0.00	0.00	0.00	1.03	1972.00	17.44	0.00	0.00	0.00	0.00	0.00	0.00	0.00	
154.00	582.00	147.00	0.00	1957.00	47425.00	1.00	39.13	-1.77	2632.00	47425.00	24.23	15.00	35.00	3.21	10.30	1.68	0.00	24.23	0.00	0.00	0.00	0.96	1957.00	17.30	0.00	0.00	0.00	0.00	0.00	0.00	0.00	
155.00	1363.00	180.00	0.00	1950.00	53561.00	1.00	39.48	-1.22	2392.00	53561.00	27.47	14.00	39.00	4.40	19.32	1.87	0.00	27.47	0.00	0.00	0.00	0.97	1950.00	17.24	0.01	0.00	0.00	0.00	0.00	0.00	0.00	
156.00	1153.00	153.00	0.00	1949.00	52445.00	1.00	38.88	-1.25	2576.00	52445.00	26.91	13.00	39.00	3.86	14.89	2.01	0.00	26.91	0.00	0.00	0.00	0.97	1949.00	17.23	0.00	0.00	0.00	0.00	0.00	0.00	0.00	
157.00	1221.00	201.00	0.00	1948.00	54358.00	1.00	37.50	-0.93	2600.00	54358.00	27.90	10.00	36.00	4.27	18.24	2.07	0.00	27.90	0.00	0.00	0.00	1.00	1948.00	17.22	0.00	0.00	0.00	0.00	0.00	0.00	0.00	
158.00	496.00	175.00	0.00	1932.00	45579.00	1.00	39.03	-1.96	2592.00	45579.00	23.59	13.00	31.00	3.01	9.07	1.56	0.00	23.59	0.00	0.00	0.00	0.97	1932.00	17.08	0.00	0.00	0.00	0.00	0.00	0.00	0.00	
159.00	263.00	438.00	0.00	1911.00	45809.00	1.00	34.55	-1.51	2730.00	45809.00	23.97	9.00	31.00	3.13	9.79	1.42	0.00	23.97	0.00	0.00	0.00	1.04	1911.00	16.90	0.02	0.00	0.00	0.00	0.00	0.00	0.00	
160.00	273.00	198.00	0.00	1905.00	48642.00	1.00	36.62	-1.99	2520.00	48642.00	25.53	15.00	35.00	3.34	11.15	1.69	0.00	25.53	0.00	0.00	0.00	0.99	1905.00	16.84	0.00	0.00	0.00	0.00	0.00	0.00	0.00	
161.00	1303.00	176.00	0.00	1879.00	52230.00	1.00	36.12	-1.44	2537.00	52230.00	27.80	14.00	36.00	4.31	18.57	1.87	0.00	27.80	0.00	0.00	0.00	0.97	1879.00	16.61	0.00	0.00	0.00	0.00	0.00	0.00	0.00	
162.00	745.00	157.00	0.00	1874.00	44208.00	1.00	38.66	-1.71	2530.00	44208.00	23.59	14.00	31.00	2.86	8.17	1.64	0.00	23.59	0.00	0.00	0.00	0.95	1874.00	16.57	0.00	0.00	0.00	0.00	0.00	0.00	0.00	
163.00	1250.00	140.00	0.00	1865.00	53460.00	1.00	37.22	-1.07	2430.00	53460.00	28.66	13.00	38.00	4.37	19.13	2.04	0.00	28.66	0.00	0.00	0.00	0.97	1865.00	16.49	0.00	0.00	0.00	0.00	0.00	0.00	0.00	
164.00	865.00	198.00	0.00	1864.00	46665.00	1.00	38.17	0.24	2806.00	46665.00	25.03	10.00	37.00	3.96	15.67	1.43	0.00	25.03	0.00	0.00	0.00	1.05	1864.00	16.48	0.04	0.00	0.00	0.00	0.00	0.00	0.00	
165.00	1460.00	131.00	0.00	1861.00	49340.00	1.00	35.41	-1.53	2580.00	49340.00	26.51	15.00	38.00	4.64	21.55	2.04	0.00	26.51	0.00	0.00	0.00	0.97	1861.00	16.46	0.00	0.00	0.00	0.00	0.00	0.00	0.00	
166.00	1104.00	243.00	0.00	1854.00	48319.00	1.00	34.77	-1.78	2580.00	48319.00	26.06	13.00	36.00	4.08	16.65	1.97	0.00	26.06	0.00	0.00	0.00	0.98	1854.00	16.39	0.00	0.00	0.00	0.00	0.00	0.00	0.00	
167.00	1118.00	107.00	0.00	1784.00	41003.00	1.00	36.32	-1.82	2365.00	41003.00	22.98	13.00	36.00	3.65	13.30	1.68	0.00	22.98	0.00	0.00	0.00	0.96	1784.00	15.77	0.00	0.00	0.00	0.00	0.00	0.00	0.00	
168.00	560.00	100.00	0.00	1781.00	46632.00	1.00	35.08	-1.69	2296.00	46632.00	26.18	15.00	35.00	3.09	9.55	1.64	0.00	26.18	0.00	0.00	0.00	0.96	1781.00	15.75	0.00	0.00	0.00	0.00	0.00	0.00	0.00	
169.00	1364.00	105.00	0.00	1773.00	46776.00	1.00	35.28	-1.37	2365.00	46776.00	26.38	9.00	37.00	4.33	18.78	2.09	0.00	26.38	0.00	0.00	0.00	0.95	1773.00	15.68	0.00	0.00	0.00	0.00	0.00	0.00	0.00	
170.00	478.00	245.00	0.00	1746.00	39395.00	1.00	35.69	-1.91	2184.00	39395.00	22.56	10.00	30.00	2.86	8.20	1.41	0.00	22.56	0.00	0.00	0.00	0.97	1746.00	15.44	0.01	0.00	0.00	0.00	0.00	0.00	0.00	
171.00	668.00	107.00	0.00	1736.00	42058.00	1.00	36.31	-1.80	2332.00	42058.00	24.23	8.00	39.00	3.60	12.93	1.76	0.00	24.23	0.00	0.00	0.00	0.94	1736.00	15.35	0.00	0.00	0.00	0.00	0.00	0.00	0.00	
172.00	968.00	91.00	0.00	1718.00	43384.00	1.00	35.66	-1.64	2268.00	43384.00	25.25	10.00	35.00	3.71	13.78	1.71	0.00	25.25	0.00	0.00	0.00	0.93	1718.00	15.19	0.00	0.00	0.00	0.00	0.00	0.00	0.00	
173.00	433.00	185.00	0.00	1684.00	41610.00	1.00	33.68	-2.05	2279.00	41610.00	24.71	13.00	34.00	2.97	8.83	1.76	0.00	24.71	0.00	0.00	0.00	0.97	1684.00	14.89	0.00	0.00	0.00	0.00	0.00	0.00	0.00	
174.00	781.00	203.00	0.00	1652.00	43660.00	1.00	32.56	-1.76	2400.00	43660.00	26.43	12.00	36.00	3.93	15.43	1.89	0.00	26.43	0.00	0.00	0.00	0.97	1652.00	14.61	0.01	0.00	0.00	0.00	0.00	0.00	0.00	
175.00	409.00	238.00	0.00	1633.00	39353.00	1.00	32.52	-2.07	2184.00	39353.00	24.10	12.00	30.00	2.83	8.02	1.56	0.00	24.10	0.00	0.00	0.00	0.98	1633.00	14.44	0.00	0.00	0.00	0.00	0.00	0.00	0.00	
176.00	847.00	107.00	0.00	1630.00	37909.00	1.00	34.59	-1.64	2226.00	37909.00	23.26	14.00	33.00	3.39	11.51	1.63	0.00	23.26	0.00	0.00	0.00	0.93	1630.00	14.41	0.00	0.00	0.00	0.00	0.00	0.00	0.00	
177.00	1033.00	71.00	0.00	1603.00	40493.00	1.00	33.49	-1.38	2106.00	40493.00	25.26	13.00	34.00	3.28	10.79	1.84	0.00	25.26	0.00	0.00	0.00	0.93	1603.00	14.17	0.00	0.00	0.00	0.00	0.00	0.00	0.00	
178.00	1771.00	785.00	0.00	1592.00	56316.00	1.00	25.82	-0.35	2730.00	56316.00	35.37	13.00	48.00	7.05	49.70	3.20	0.00	35.37	0.00	0.00	0.00	1.17	1592.00	14.08	0.00	0.00	0.00	0.00	0.00	0.00	0.00	
179.00	529.00	339.00	0.00	1585.00	41181.00	1.00	36.96	0.71	2162.00	41181.00	25.98	15.00	33.00	3.03	9.20	1.59	0.00	25.98	0.00	0.00	0.00	0.92	1585.00	14.01	0.02	0.00	0.00	0.00	0.00	0.00	0.00	
180.00	932.00	152.00	0.00	1584.00	37677.00	1.00	34.56	-1.31	2132.00	37677.00	23.79	11.00	33.00	2.89	8.33	1.66	0.00	23.79	0.00	0.00	0.00	0.93	1584.00	14.01	0.01	0.00	0.00	0.00	0.00	0.00	0.00	
181.00	491.00	98.00	0.00	1565.00	39589.00	1.00	32.64	-2.16	2107.00	39589.00	25.30	14.00	35.00	3.89	15.11	1.85	0.00	25.30	0.00	0.00	0.00	0.96	1565.00	13.84	0.00	0.00	0.00	0.00	0.00	0.00	0.00	
182.00	891.00	18.00	0.00	1554.00	41218.00	1.00	31.93	-1.21	2028.00	41218.00	26.52	11.00	34.00	3.02	9.11	1.71	0.00	26.52	0.00	0.00	0.00	0.95	1554.00	13.74	0.00	0.00	0.00	0.00	0.00	0.00	0.00	
183.00	737.00	58.00	0.00	1552.00	39305.00	1.00	32.25	-1.78	2028.00	39305.00	25.33	13.00	36.00	3.77	14.19	2.05	0.00	25.33	0.00	0.00	0.00	0.93	1552.00	13.72	0.00	0.00	0.00	0.00	0.00	0.00	0.00	
184.00	27.00	547.00	0.00	1516.00	33182.00	1.00	25.98	-2.10	2632.00	33182.00	21.89	7.00	28.00	3.00	9.03	1.29	0.00	21.89	0.00	0.00	0.00	1.18	1516.00	13.40	0.03	0.00	0.00	0.00	0.00	0.00	0.00	
185.00	1242.00	94.00	0.00	1496.00	40474.00	1.00	30.49	-1.28	2014.00	40474.00	27.05	13.00	35.00	4.37	19.06	2.19	0.00	27.05	0.00	0.00	0.00	0.95	1496.00	13.23	0.00	0.00	0.00	0.00	0.00	0.00	0.00	
186.00	619.00	96.00	0.00	1450.00	37090.00	1.00	30.28	-1.87	1938.00	37090.00	25.58	10.00	34.00	3.65	13.33	1.96	0.00	25.58	0.00	0.00	0.00	0.94	1450.00	12.82	0.00	0.00	0.00	0.00	0.00	0.00	0.00	
187.00	830.00	193.00	0.00	1444.00	31929.00	1.00	34.05	0.39	1760.00	31929.00	22.11	13.00	29.00	2.70	7.30	1.28	0.00	22.11	0.00	0.00	0.00	0.93	1444.00	12.77	0.02	0.00	0.00	0.00	0.00	0.00	0.00	
188.00	1146.00	23.00	0.00	1375.00	33048.00	1.00	30.17	-1.54	1872.00	33048.00	24.03	14.00	35.00	4.10	16.81	1.92	0.00	24.03	0.00	0.00	0.00	0.89	1375.00	12.16	0.00	0.00	0.00	0.00	0.00	0.00	0.00	
189.00	882.00	166.00	0.00	1374.00	38276.00	1.00	29.17	-1.16	2268.00	38276.00	27.86	12.00	34.00	3.02	9.09	1.68	0.00	27.86	0.00	0.00	0.00	0.99	1374.00	12.15	0.02	0.00	0.00	0.00	0.00	0.00	0.00	
190.00	794.00	1064.00	0.00	1359.00	34209.00	1.00	24.95	-1.57	1904.00	34209.00	25.17	9.00	37.00	4.31	18.60	1.69	0.00	25.17	0.00	0.00	0.00	1.08	1359.00	12.02	0.00	0.00	0.00	0.00	0.00	0.00	0.00	
191.00	584.00	45.00	0.00	1327.00	31449.00	1.00	29.55	-1.96	1739.00	31449.00	23.70	14.00	35.00	3.85	14.85	1.92	0.00	23.70	0.00	0.00	0.00	0.92	1327.00	11.73	0.00	0.00	0.00	0.00	0.00	0.00	0.00	
192.00	188.00	1064.00	0.00	1296.00	28463.00	1.00	23.81	-1.58	1820.00	28463.00	21.96	14.00	32.00	2.87	8.26	1.41	0.00	21.96	0.00	0.00	0.00	1.06	1296.00	11.46	0.00	0.00	0.00	0.00	0.00	0.00	0.00	
193.00	709.00	1065.00	0.00	1264.00	30510.00	1.00	23.55	-1.58	1775.00	30510.00	24.14	15.00	33.00	3.95	15.59	1.75	0.00	24.14	0.00	0.00	0.00	1.09	1264.00	11.18	0.00	0.00	0.00	0.00	0.00	0.00	0.00	
194.00	646.00	33.00	0.00	1248.00	31973.00	1.00	26.89	-1.75	1683.00	31973.00	25.62	13.00	34.00	3.51	12.30	2.01	0.00	25.62	0.00	0.00	0.00	0.91	1248.00	11.04	0.00	0.00	0.00	0.00	0.00	0.00	0.00	
195.00	428.00	100.00	0.00	1204.00	31281.00	1.00	24.78	-1.83	1674.00	31281.00	25.98	14.00	38.00	3.65	13.34	2.16	0.00	25.98	0.00	0.00	0.00	0.96	1204.00	10.65	0.00	0.00	0.00	0.00	0.00	0.00	0.00	
196.00	1097.00	11.00	0.00	1150.00	28907.00	1.00	24.91	-1.55	1404.00	28907.00	25.14	13.00	34.00	3.27	10.71	1.62	0.00	25.14	0.00	0.00	0.00	0.95	1150.00	10.17	0.00	0.00	0.00	0.00	0.00	0.00	0.00	
197.00	699.00	13.00	0.00	1149.00	26059.00	1.00	26.34	-1.88	1457.00	26059.00	22.68	13.00	31.00	2.81	7.92	1.45	0.00	22.68	0.00	0.00	0.00	0.93	1149.00	10.16	0.00	0.00	0.00	0.00	0.00	0.00	0.00	
198.00	21.00	524.00	0.00	1134.00	28239.00	1.00	23.84	-2.01	1800.00	28239.00	24.90	15.00	33.00	2.28	5.21	1.46	0.00	24.90	0.00	0.00	0.00	1.02	1134.00	10.03	0.03	0.00	0.00	0.00	0.00	0.00	0.00	
199.00	518.00	236.00	0.00	1113.00	27551.00	1.00	28.26	0.59	1435.00	27551.00	24.75	7.00	31.00	3.01	9.09	1.37	0.00	24.75	0.00	0.00	0.00	0.90	1113.00	9.84	0.03	0.00	0.00	0.00	0.00	0.00	0.00	
200.00	1837.00	379.00	0.00	932.00	27409.00	1.00	18.74	-0.91	2244.00	27409.00	29.41	10.00	41.00	6.35	40.34	3.37	0.00	29.41	0.00	0.00	0.00	1.28	932.00	8.24	0.00	0.00	0.00	0.00	0.00	0.00	0.00	
201.00	222.00	874.00	0.00	600.00	16553.00	1.00	14.94	-1.98	1274.00	16553.00	27.59	11.00	39.00	4.70	22.07	3.47	0.00	27.59	0.00	0.00	0.00	1.06	600.00	5.31	0.00	0.00	0.00	0.00	0.00	0.00	0.00	
202.00	527.00	436.00	0.00	523.00	13589.00	1.00	15.93	-0.31	819.00	13589.00	25.98	11.00	32.00	3.33	11.07	1.79	0.00	25.98	0.00	0.00	0.00	0.83	523.00	4.62	0.08	0.00	0.00	0.00	0.00	0.00	0.00	
203.00	5.00	686.00	0.00	504.00	11389.00	1.00	12.02	0.06	720.00	11389.00	22.60	12.00	29.00	2.47	6.09	1.70	0.00	22.60	0.00	0.00	0.00	0.96	504.00	4.46	0.00	0.00	0.00	0.00	0.00	0.00	0.00	
204.00	546.00	236.00	0.00	445.00	10091.00	1.00	14.29	-0.51	704.00	10091.00	22.68	10.00	28.00	2.46	6.07	1.37	0.00	22.68	0.00	0.00	0.00	0.85	445.00	3.93	0.09	0.00	0.00	0.00	0.00	0.00	0.00	
205.00	535.00	253.00	0.00	383.00	8337.00	1.00	15.69	-2.00	609.00	8337.00	21.77	10.00	28.00	2.30	5.28	1.33	0.00	21.77	0.00	0.00	0.00	0.69	383.00	3.39	0.08	0.00	0.00	0.00	0.00	0.00	0.00	
206.00	1403.00	889.00	0.00	353.00	6668.00	1.00	19.66	-1.40	814.00	6668.00	18.89	7.00	35.00	4.45	19.83	3.87	0.00	18.89	0.00	0.00	0.00	0.90	353.00	3.12	0.00	0.00	0.00	0.00	0.00	0.00	0.00	
207.00	276.00	1072.00	0.00	178.00	3643.00	0.98	5.44	-1.59	210.00	3643.00	20.47	11.00	30.00	3.49	12.16	3.11	0.00	20.47	0.00	0.00	0.00	0.86	178.00	1.57	0.00	0.00	0.00	0.00	0.00	0.00	0.00	
208.00	753.00	302.00	0.00	149.00	3301.00	0.99	9.10	0.48	238.00	3301.00	22.15	13.00	30.00	4.51	20.37	3.23	0.00	22.15	0.00	0.00	0.00	0.61	149.00	1.32	0.00	0.00	0.00	0.00	0.00	0.00	0.00	
209.00	736.00	185.00	0.00	147.00	3657.00	0.99	6.36	-1.10	308.00	3657.00	24.88	15.00	31.00	3.47	12.07	3.00	0.00	24.88	0.00	0.00	0.00	0.80	147.00	1.30	0.10	0.00	0.00	0.00	0.00	0.00	0.00	
210.00	1731.00	763.00	0.00	142.00	2732.00	1.00	11.31	-0.48	169.00	2732.00	19.24	13.00	26.00	2.75	7.56	2.59	0.00	19.24	0.00	0.00	0.00	0.50	142.00	1.26	0.00	0.00	0.00	0.00	0.00	0.00	0.00	
211.00	721.00	564.00	0.00	122.00	2485.00	0.99	6.63	-2.27	238.00	2485.00	20.37	14.00	26.00	2.80	7.85	2.14	0.00	20.37	0.00	0.00	0.00	0.71	122.00	1.08	0.10	0.00	0.00	0.00	0.00	0.00	0.00	
214.00	795.00	342.00	0.00	87.00	1937.00	0.95	3.36	-1.76	196.00	1937.00	22.26	16.00	30.00	3.16	9.96	3.57	0.00	22.26	0.00	0.00	0.00	0.84	87.00	0.77	0.14	0.00	0.00	0.00	0.00	0.00	0.00	
215.00	1336.00	177.00	0.00	76.00	1629.00	0.97	3.89	0.02	84.00	1629.00	21.43	12.00	27.00	3.93	15.42	4.18	0.00	21.43	0.00	0.00	0.00	0.64	76.00	0.67	0.11	0.00	0.00	0.00	0.00	0.00	0.00	
216.00	755.00	212.00	0.00	76.00	1696.00	0.98	4.73	-0.41	153.00	1696.00	22.32	15.00	29.00	2.78	7.74	3.39	0.00	22.32	0.00	0.00	0.00	0.65	76.00	0.67	0.11	0.00	0.00	0.00	0.00	0.00	0.00	
217.00	625.00	1003.00	0.00	76.00	1513.00	0.99	6.65	-1.00	108.00	1513.00	19.91	15.00	29.00	3.00	8.99	3.09	0.00	19.91	0.00	0.00	0.00	0.51	76.00	0.67	0.00	0.00	0.00	0.00	0.00	0.00	0.00	
218.00	1401.00	867.00	0.00	74.00	1525.00	0.99	7.36	-0.93	90.00	1525.00	20.61	15.00	26.00	2.68	7.17	3.41	0.00	20.61	0.00	0.00	0.00	0.45	74.00	0.65	0.00	0.00	0.00	0.00	0.00	0.00	0.00	
