ID	centroid_x	centroid_y	centroid_z	volume	integrated_intensity	eccentricity	elongation	orientation	bounding_box_volume	sum	mean	minimum	maximum	sigma	variance	surface_gradient	interior_gradient	surface_intensity	interior_intensity	intensity_ratio	convexity	radius_variation	surface_area	shape	shared_boundary	t_energy	t_entropy	inverse_diff_moment	inertia	cluster_shade	cluster_prominence	
1.00	638.00	713.00	0.00	7058.00	542979.00	1.00	68.64	-0.69	11340.00	542979.00	76.93	30.00	255.00	39.04	1524.43	4.62	0.00	76.93	0.00	0.00	0.00	1.48	7058.00	62.41	0.01	0.00	0.00	0.00	0.00	0.00	0.00	
2.00	839.00	933.00	0.00	5996.00	601616.00	1.00	66.60	-1.77	8600.00	601616.00	100.34	27.00	255.00	43.72	1911.61	8.27	0.00	100.34	0.00	0.00	0.00	1.38	5996.00	53.02	0.01	0.00	0.00	0.00	0.00	0.00	0.00	
3.00	201.00	596.00	0.00	5575.00	378375.00	1.00	51.34	0.21	8468.00	378375.00	67.87	25.00	255.00	33.56	1126.21	4.12	0.00	67.87	0.00	0.00	0.00	1.50	5575.00	49.30	0.01	0.00	0.00	0.00	0.00	0.00	0.00	
4.00	752.00	593.00	0.00	5512.00	437502.00	1.00	63.60	-1.01	7565.00	437502.00	79.37	28.00	255.00	34.64	1200.13	5.07	0.00	79.37	0.00	0.00	0.00	1.31	5512.00	48.74	0.01	0.00	0.00	0.00	0.00	0.00	0.00	
5.00	941.00	831.00	0.00	5245.00	570636.00	1.00	65.50	-2.24	8190.00	570636.00	108.80	26.00	255.00	44.68	1996.11	8.49	0.00	108.80	0.00	0.00	0.00	1.24	5245.00	46.38	0.01	0.00	0.00	0.00	0.00	0.00	0.00	
6.00	129.00	659.00	0.00	5224.00	327742.00	1.00	59.65	-1.55	7350.00	327742.00	62.74	29.00	176.00	22.74	517.24	3.29	0.00	62.74	0.00	0.00	0.00	1.27	5224.00	46.19	0.00	0.00	0.00	0.00	0.00	0.00	0.00	
7.00	1663.00	935.00	0.00	5144.00	500835.00	1.00	64.39	-0.87	6800.00	500835.00	97.36	32.00	252.00	29.88	893.10	6.17	0.00	97.36	0.00	0.00	0.00	1.23	5144.00	45.48	0.00	0.00	0.00	0.00	0.00	0.00	0.00	
8.00	728.00	732.00	0.00	5081.00	547490.00	1.00	64.70	-2.04	8004.00	547490.00	107.75	25.00	255.00	37.64	1416.99	7.90	0.00	107.75	0.00	0.00	0.00	1.22	5081.00	44.93	0.02	0.00	0.00	0.00	0.00	0.00	0.00	
9.00	927.00	656.00	0.00	5071.00	515091.00	1.00	60.01	-0.07	7742.00	515091.00	101.58	31.00	255.00	44.14	1948.71	7.05	0.00	101.58	0.00	0.00	0.00	1.34	5071.00	44.84	0.02	0.00	0.00	0.00	0.00	0.00	0.00	
10.00	836.00	573.00	0.00	5065.00	460475.00	1.00	53.60	-2.22	8640.00	460475.00	90.91	24.00	255.00	37.99	1443.03	6.31	0.00	90.91	0.00	0.00	0.00	1.52	5065.00	44.79	0.01	0.00	0.00	0.00	0.00	0.00	0.00	
11.00	485.00	1009.00	0.00	5032.00	503195.00	1.00	64.28	0.62	6885.00	503195.00	100.00	31.00	241.00	29.93	896.04	6.69	0.00	100.00	0.00	0.00	0.00	1.22	5032.00	44.49	0.00	0.00	0.00	0.00	0.00	0.00	0.00	
12.00	856.00	208.00	0.00	4930.00	283328.00	1.00	48.35	-1.32	8680.00	283328.00	57.47	25.00	218.00	21.43	459.08	3.38	0.00	57.47	0.00	0.00	0.00	1.48	4930.00	43.59	0.01	0.00	0.00	0.00	0.00	0.00	0.00	
13.00	117.00	1035.00	0.00	4805.00	424684.00	1.00	57.66	0.71	6560.00	424684.00	88.38	30.00	255.00	26.84	720.42	5.76	0.00	88.38	0.00	0.00	0.00	1.27	4805.00	42.49	0.00	0.00	0.00	0.00	0.00	0.00	0.00	
14.00	1572.00	838.00	0.00	4647.00	436158.00	1.00	60.83	-0.81	6320.00	436158.00	93.86	30.00	247.00	28.87	833.60	6.75	0.00	93.86	0.00	0.00	0.00	1.20	4647.00	41.09	0.00	0.00	0.00	0.00	0.00	0.00	0.00	
15.00	785.00	693.00	0.00	4627.00	449061.00	1.00	53.28	-1.01	7644.00	449061.00	97.05	20.00	255.00	41.70	1738.52	7.55	0.00	97.05	0.00	0.00	0.00	1.39	4627.00	40.91	0.02	0.00	0.00	0.00	0.00	0.00	0.00	
16.00	1192.00	773.00	0.00	4584.00	523760.00	1.00	62.81	-1.24	6142.00	523760.00	114.26	28.00	255.00	38.23	1461.85	9.01	0.00	114.26	0.00	0.00	0.00	1.19	4584.00	40.53	0.00	0.00	0.00	0.00	0.00	0.00	0.00	
17.00	381.00	998.00	0.00	4574.00	423172.00	1.00	59.63	0.47	6150.00	423172.00	92.52	30.00	255.00	31.53	993.99	6.10	0.00	92.52	0.00	0.00	0.00	1.20	4574.00	40.44	0.00	0.00	0.00	0.00	0.00	0.00	0.00	
18.00	186.00	986.00	0.00	4483.00	445449.00	1.00	56.74	0.69	6150.00	445449.00	99.36	29.00	255.00	33.80	1142.50	7.28	0.00	99.36	0.00	0.00	0.00	1.23	4483.00	39.64	0.00	0.00	0.00	0.00	0.00	0.00	0.00	
19.00	1691.00	814.00	0.00	4481.00	427684.00	1.00	57.66	-0.88	6237.00	427684.00	95.44	32.00	255.00	32.34	1046.01	7.09	0.00	95.44	0.00	0.00	0.00	1.21	4481.00	39.62	0.00	0.00	0.00	0.00	0.00	0.00	0.00	
20.00	1458.00	852.00	0.00	4434.00	179165.00	1.00	60.04	-0.89	6237.00	179165.00	40.41	29.00	53.00	5.05	25.49	1.49	0.00	40.41	0.00	0.00	0.00	1.19	4434.00	39.21	0.00	0.00	0.00	0.00	0.00	0.00	0.00	
21.00	332.00	326.00	0.00	4421.00	364006.00	1.00	51.10	0.39	6390.00	364006.00	82.34	27.00	231.00	32.73	1071.07	6.31	0.00	82.34	0.00	0.00	0.00	1.33	4421.00	39.09	0.00	0.00	0.00	0.00	0.00	0.00	0.00	
22.00	1013.00	205.00	0.00	4409.00	460368.00	1.00	48.80	-2.14	6808.00	460368.00	104.42	32.00	238.00	32.71	1069.67	7.03	0.00	104.42	0.00	0.00	0.00	1.37	4409.00	38.99	0.00	0.00	0.00	0.00	0.00	0.00	0.00	
23.00	854.00	816.00	0.00	4384.00	479085.00	1.00	62.77	-0.81	5852.00	479085.00	109.28	29.00	255.00	40.68	1655.25	9.59	0.00	109.28	0.00	0.00	0.00	1.19	4384.00	38.76	0.01	0.00	0.00	0.00	0.00	0.00	0.00	
24.00	509.00	770.00	0.00	4312.00	440056.00	1.00	56.76	-1.99	6090.00	440056.00	102.05	27.00	255.00	35.40	1253.45	8.56	0.00	102.05	0.00	0.00	0.00	1.19	4312.00	38.13	0.01	0.00	0.00	0.00	0.00	0.00	0.00	
25.00	1381.00	775.00	0.00	4286.00	452382.00	1.00	60.23	-0.90	5776.00	452382.00	105.55	32.00	255.00	32.63	1064.81	8.78	0.00	105.55	0.00	0.00	0.00	1.17	4286.00	37.90	0.00	0.00	0.00	0.00	0.00	0.00	0.00	
26.00	614.00	220.00	0.00	4261.00	271097.00	1.00	39.97	-1.65	5865.00	271097.00	63.62	25.00	198.00	30.31	918.42	3.85	0.00	63.62	0.00	0.00	0.00	1.45	4261.00	37.68	0.00	0.00	0.00	0.00	0.00	0.00	0.00	
27.00	489.00	870.00	0.00	4180.00	155611.00	1.00	59.32	-2.28	5402.00	155611.00	37.23	30.00	43.00	2.51	6.30	0.86	0.00	37.23	0.00	0.00	0.00	1.16	4180.00	36.96	0.00	0.00	0.00	0.00	0.00	0.00	0.00	
28.00	1737.00	701.00	0.00	4095.00	402112.00	1.00	56.68	-0.80	5475.00	402112.00	98.20	31.00	255.00	32.68	1068.24	7.05	0.00	98.20	0.00	0.00	0.00	1.17	4095.00	36.21	0.00	0.00	0.00	0.00	0.00	0.00	0.00	
29.00	1595.00	739.00	0.00	4093.00	386412.00	1.00	54.85	-0.95	5538.00	386412.00	94.41	32.00	246.00	30.67	940.36	6.42	0.00	94.41	0.00	0.00	0.00	1.19	4093.00	36.19	0.00	0.00	0.00	0.00	0.00	0.00	0.00	
30.00	329.00	845.00	0.00	4041.00	334681.00	1.00	54.14	-2.34	5402.00	334681.00	82.82	32.00	218.00	27.25	742.69	5.60	0.00	82.82	0.00	0.00	0.00	1.20	4041.00	35.73	0.00	0.00	0.00	0.00	0.00	0.00	0.00	
31.00	574.00	1021.00	0.00	4029.00	155417.00	1.00	60.59	0.37	5700.00	155417.00	38.57	27.00	69.00	5.99	35.88	1.34	0.00	38.57	0.00	0.00	0.00	1.19	4029.00	35.63	0.00	0.00	0.00	0.00	0.00	0.00	0.00	
32.00	1478.00	763.00	0.00	4022.00	396334.00	1.00	56.01	-0.77	6000.00	396334.00	98.54	28.00	255.00	34.46	1187.40	7.12	0.00	98.54	0.00	0.00	0.00	1.17	4022.00	35.56	0.00	0.00	0.00	0.00	0.00	0.00	0.00	
33.00	502.00	243.00	0.00	3986.00	357164.00	1.00	40.46	-1.77	5616.00	357164.00	89.60	28.00	255.00	31.63	1000.60	7.28	0.00	89.60	0.00	0.00	0.00	1.40	3986.00	35.25	0.00	0.00	0.00	0.00	0.00	0.00	0.00	
34.00	1035.00	740.00	0.00	3943.00	149651.00	1.00	58.38	-1.64	5112.00	149651.00	37.95	27.00	51.00	3.45	11.93	1.34	0.00	37.95	0.00	0.00	0.00	1.17	3943.00	34.86	0.01	0.00	0.00	0.00	0.00	0.00	0.00	
35.00	1181.00	705.00	0.00	3931.00	446931.00	1.00	60.28	-1.28	5110.00	446931.00	113.69	28.00	255.00	35.29	1245.56	9.31	0.00	113.69	0.00	0.00	0.00	1.13	3931.00	34.76	0.01	0.00	0.00	0.00	0.00	0.00	0.00	
36.00	457.00	504.00	0.00	3924.00	173163.00	1.00	47.70	-0.68	6794.00	173163.00	44.13	28.00	60.00	4.76	22.68	1.54	0.00	44.13	0.00	0.00	0.00	1.34	3924.00	34.70	0.01	0.00	0.00	0.00	0.00	0.00	0.00	
37.00	595.00	398.00	0.00	3844.00	311843.00	1.00	45.32	-2.15	6399.00	311843.00	81.12	32.00	235.00	36.59	1338.75	4.95	0.00	81.12	0.00	0.00	0.00	1.44	3844.00	33.99	0.01	0.00	0.00	0.00	0.00	0.00	0.00	
38.00	1513.00	646.00	0.00	3837.00	377938.00	1.00	54.52	-1.04	5320.00	377938.00	98.50	26.00	255.00	32.03	1025.84	7.36	0.00	98.50	0.00	0.00	0.00	1.15	3837.00	33.93	0.00	0.00	0.00	0.00	0.00	0.00	0.00	
39.00	1301.00	711.00	0.00	3827.00	397440.00	1.00	57.15	-0.88	4830.00	397440.00	103.85	29.00	255.00	32.66	1066.62	8.58	0.00	103.85	0.00	0.00	0.00	1.14	3827.00	33.84	0.00	0.00	0.00	0.00	0.00	0.00	0.00	
40.00	637.00	582.00	0.00	3799.00	410023.00	1.00	56.87	-2.25	5041.00	410023.00	107.93	27.00	255.00	37.56	1410.90	8.04	0.00	107.93	0.00	0.00	0.00	1.15	3799.00	33.59	0.01	0.00	0.00	0.00	0.00	0.00	0.00	
41.00	742.00	223.00	0.00	3763.00	140574.00	1.00	49.38	-2.01	6510.00	140574.00	37.36	27.00	47.00	3.11	9.69	1.41	0.00	37.36	0.00	0.00	0.00	1.46	3763.00	33.27	0.01	0.00	0.00	0.00	0.00	0.00	0.00	
42.00	970.00	302.00	0.00	3752.00	428635.00	1.00	51.81	-2.12	5092.00	428635.00	114.24	32.00	255.00	33.08	1094.61	7.63	0.00	114.24	0.00	0.00	0.00	1.17	3752.00	33.18	0.01	0.00	0.00	0.00	0.00	0.00	0.00	
43.00	1438.00	635.00	0.00	3735.00	368119.00	1.00	56.45	-1.09	5032.00	368119.00	98.56	30.00	255.00	33.61	1129.50	7.30	0.00	98.56	0.00	0.00	0.00	1.12	3735.00	33.03	0.00	0.00	0.00	0.00	0.00	0.00	0.00	
44.00	1280.00	569.00	0.00	3723.00	391560.00	1.00	55.83	-1.42	4884.00	391560.00	105.17	24.00	255.00	36.73	1349.11	7.90	0.00	105.17	0.00	0.00	0.00	1.12	3723.00	32.92	0.00	0.00	0.00	0.00	0.00	0.00	0.00	
45.00	956.00	139.00	0.00	3707.00	268708.00	1.00	40.36	-1.64	5151.00	268708.00	72.49	31.00	255.00	36.20	1310.61	5.51	0.00	72.49	0.00	0.00	0.00	1.35	3707.00	32.78	0.00	0.00	0.00	0.00	0.00	0.00	0.00	
46.00	1004.00	921.00	0.00	3697.00	138813.00	1.00	57.84	-1.20	4554.00	138813.00	37.55	30.00	45.00	3.24	10.50	0.99	0.00	37.55	0.00	0.00	0.00	1.15	3697.00	32.69	0.01	0.00	0.00	0.00	0.00	0.00	0.00	
47.00	869.00	675.00	0.00	3691.00	316330.00	1.00	57.20	-2.01	5658.00	316330.00	85.70	24.00	255.00	41.97	1761.14	6.59	0.00	85.70	0.00	0.00	0.00	1.15	3691.00	32.64	0.02	0.00	0.00	0.00	0.00	0.00	0.00	
48.00	1125.00	665.00	0.00	3688.00	395061.00	1.00	57.30	-1.02	4970.00	395061.00	107.12	30.00	246.00	33.95	1152.69	9.11	0.00	107.12	0.00	0.00	0.00	1.11	3688.00	32.61	0.00	0.00	0.00	0.00	0.00	0.00	0.00	
49.00	478.00	327.00	0.00	3652.00	135439.00	1.00	46.33	0.49	5360.00	135439.00	37.09	28.00	63.00	4.18	17.44	1.45	0.00	37.09	0.00	0.00	0.00	1.26	3652.00	32.29	0.00	0.00	0.00	0.00	0.00	0.00	0.00	
50.00	937.00	239.00	0.00	3641.00	304126.00	1.00	60.87	0.45	6205.00	304126.00	83.53	25.00	255.00	39.11	1529.43	5.61	0.00	83.53	0.00	0.00	0.00	1.22	3641.00	32.19	0.02	0.00	0.00	0.00	0.00	0.00	0.00	
51.00	258.00	450.00	0.00	3637.00	300046.00	1.00	55.17	0.20	5576.00	300046.00	82.50	29.00	240.00	32.63	1065.03	5.94	0.00	82.50	0.00	0.00	0.00	1.17	3637.00	32.16	0.01	0.00	0.00	0.00	0.00	0.00	0.00	
52.00	1626.00	622.00	0.00	3607.00	337071.00	1.00	50.60	-0.03	4800.00	337071.00	93.45	29.00	252.00	30.14	908.43	6.30	0.00	93.45	0.00	0.00	0.00	1.16	3607.00	31.89	0.01	0.00	0.00	0.00	0.00	0.00	0.00	
53.00	873.00	343.00	0.00	3602.00	353065.00	1.00	51.64	0.38	4864.00	353065.00	98.02	27.00	238.00	33.00	1089.03	7.49	0.00	98.02	0.00	0.00	0.00	1.19	3602.00	31.85	0.01	0.00	0.00	0.00	0.00	0.00	0.00	
54.00	914.00	586.00	0.00	3562.00	423426.00	1.00	56.54	-1.73	4690.00	423426.00	118.87	27.00	255.00	39.26	1541.12	9.70	0.00	118.87	0.00	0.00	0.00	1.11	3562.00	31.50	0.01	0.00	0.00	0.00	0.00	0.00	0.00	
55.00	308.00	972.00	0.00	3557.00	147826.00	1.00	47.84	0.39	4980.00	147826.00	41.56	32.00	53.00	4.14	17.10	1.42	0.00	41.56	0.00	0.00	0.00	1.18	3557.00	31.45	0.00	0.00	0.00	0.00	0.00	0.00	0.00	
56.00	1362.00	683.00	0.00	3468.00	322584.00	1.00	55.07	-0.71	4422.00	322584.00	93.02	29.00	255.00	37.58	1412.07	7.41	0.00	93.02	0.00	0.00	0.00	1.11	3468.00	30.66	0.00	0.00	0.00	0.00	0.00	0.00	0.00	
57.00	807.00	378.00	0.00	3425.00	301758.00	1.00	48.01	-1.48	4720.00	301758.00	88.10	27.00	231.00	31.89	1017.11	6.12	0.00	88.10	0.00	0.00	0.00	1.16	3425.00	30.28	0.01	0.00	0.00	0.00	0.00	0.00	0.00	
58.00	1365.00	553.00	0.00	3419.00	369288.00	1.00	51.91	-1.10	4347.00	369288.00	108.01	32.00	255.00	36.43	1327.17	8.03	0.00	108.01	0.00	0.00	0.00	1.12	3419.00	30.23	0.00	0.00	0.00	0.00	0.00	0.00	0.00	
59.00	692.00	536.00	0.00	3398.00	342120.00	1.00	53.29	-2.01	4278.00	342120.00	100.68	26.00	232.00	34.87	1215.98	7.30	0.00	100.68	0.00	0.00	0.00	1.11	3398.00	30.05	0.00	0.00	0.00	0.00	0.00	0.00	0.00	
60.00	1357.00	492.00	0.00	3371.00	342617.00	1.00	53.88	-1.19	4480.00	342617.00	101.64	27.00	224.00	29.50	870.17	7.15	0.00	101.64	0.00	0.00	0.00	1.09	3371.00	29.81	0.00	0.00	0.00	0.00	0.00	0.00	0.00	
61.00	1063.00	557.00	0.00	3366.00	375436.00	1.00	55.24	-1.47	4420.00	375436.00	111.54	32.00	249.00	36.13	1305.50	9.72	0.00	111.54	0.00	0.00	0.00	1.09	3366.00	29.76	0.00	0.00	0.00	0.00	0.00	0.00	0.00	
62.00	980.00	538.00	0.00	3349.00	365319.00	1.00	55.75	-1.55	4158.00	365319.00	109.08	30.00	236.00	33.91	1150.10	9.11	0.00	109.08	0.00	0.00	0.00	1.09	3349.00	29.61	0.00	0.00	0.00	0.00	0.00	0.00	0.00	
63.00	812.00	300.00	0.00	3309.00	122196.00	1.00	41.02	-2.26	5796.00	122196.00	36.93	27.00	46.00	2.74	7.51	1.11	0.00	36.93	0.00	0.00	0.00	1.41	3309.00	29.26	0.01	0.00	0.00	0.00	0.00	0.00	0.00	
64.00	536.00	495.00	0.00	3309.00	325425.00	1.00	52.12	-1.92	4526.00	325425.00	98.35	25.00	255.00	35.31	1247.15	7.83	0.00	98.35	0.00	0.00	0.00	1.10	3309.00	29.26	0.01	0.00	0.00	0.00	0.00	0.00	0.00	
65.00	1540.00	486.00	0.00	3291.00	308367.00	1.00	50.75	-1.16	4340.00	308367.00	93.70	26.00	231.00	30.04	902.37	7.24	0.00	93.70	0.00	0.00	0.00	1.10	3291.00	29.10	0.00	0.00	0.00	0.00	0.00	0.00	0.00	
66.00	380.00	527.00	0.00	3260.00	329064.00	1.00	54.27	0.66	4160.00	329064.00	100.94	31.00	255.00	35.93	1290.63	7.44	0.00	100.94	0.00	0.00	0.00	1.08	3260.00	28.83	0.00	0.00	0.00	0.00	0.00	0.00	0.00	
67.00	296.00	688.00	0.00	3248.00	303784.00	1.00	47.32	-2.34	4489.00	303784.00	93.53	32.00	196.00	25.37	643.52	6.58	0.00	93.53	0.00	0.00	0.00	1.15	3248.00	28.72	0.00	0.00	0.00	0.00	0.00	0.00	0.00	
68.00	756.00	475.00	0.00	3215.00	320786.00	1.00	52.99	-1.98	4416.00	320786.00	99.78	27.00	255.00	35.50	1260.25	7.97	0.00	99.78	0.00	0.00	0.00	1.08	3215.00	28.43	0.00	0.00	0.00	0.00	0.00	0.00	0.00	
69.00	301.00	541.00	0.00	3188.00	299257.00	1.00	48.97	-2.14	4140.00	299257.00	93.87	31.00	247.00	30.35	921.10	6.98	0.00	93.87	0.00	0.00	0.00	1.11	3188.00	28.19	0.00	0.00	0.00	0.00	0.00	0.00	0.00	
70.00	1191.00	476.00	0.00	3161.00	327089.00	1.00	53.43	-1.30	3840.00	327089.00	103.48	27.00	253.00	33.07	1093.95	8.18	0.00	103.48	0.00	0.00	0.00	1.08	3161.00	27.95	0.01	0.00	0.00	0.00	0.00	0.00	0.00	
71.00	247.00	634.00	0.00	3072.00	118466.00	1.00	48.83	-2.12	4080.00	118466.00	38.56	29.00	51.00	2.64	6.95	1.10	0.00	38.56	0.00	0.00	0.00	1.10	3072.00	27.16	0.01	0.00	0.00	0.00	0.00	0.00	0.00	
72.00	1617.00	377.00	0.00	3048.00	301457.00	1.00	50.28	-1.35	4012.00	301457.00	98.90	25.00	239.00	32.36	1047.16	7.39	0.00	98.90	0.00	0.00	0.00	1.07	3048.00	26.95	0.01	0.00	0.00	0.00	0.00	0.00	0.00	
73.00	730.00	876.00	0.00	3032.00	112543.00	1.00	50.95	-0.38	5112.00	112543.00	37.12	29.00	47.00	3.22	10.34	1.15	0.00	37.12	0.00	0.00	0.00	1.15	3032.00	26.81	0.00	0.00	0.00	0.00	0.00	0.00	0.00	
74.00	934.00	494.00	0.00	3023.00	311394.00	1.00	50.32	-1.63	3944.00	311394.00	103.01	27.00	236.00	32.49	1055.54	7.79	0.00	103.01	0.00	0.00	0.00	1.07	3023.00	26.73	0.00	0.00	0.00	0.00	0.00	0.00	0.00	
75.00	426.00	581.00	0.00	3006.00	119536.00	1.00	47.77	-2.26	4026.00	119536.00	39.77	28.00	52.00	3.95	15.56	1.38	0.00	39.77	0.00	0.00	0.00	1.09	3006.00	26.58	0.00	0.00	0.00	0.00	0.00	0.00	0.00	
76.00	913.00	736.00	0.00	2956.00	130888.00	1.00	49.28	-1.13	4002.00	130888.00	44.28	32.00	59.00	5.10	26.00	1.55	0.00	44.28	0.00	0.00	0.00	1.08	2956.00	26.14	0.01	0.00	0.00	0.00	0.00	0.00	0.00	
77.00	1575.00	333.00	0.00	2952.00	278305.00	1.00	47.18	-1.37	3976.00	278305.00	94.28	31.00	239.00	29.12	848.23	6.95	0.00	94.28	0.00	0.00	0.00	1.07	2952.00	26.10	0.01	0.00	0.00	0.00	0.00	0.00	0.00	
78.00	1641.00	567.00	0.00	2948.00	209238.00	1.00	43.23	-1.11	4599.00	209238.00	70.98	32.00	182.00	20.42	416.82	4.09	0.00	70.98	0.00	0.00	0.00	1.19	2948.00	26.07	0.01	0.00	0.00	0.00	0.00	0.00	0.00	
79.00	1280.00	476.00	0.00	2941.00	293279.00	1.00	47.32	-1.30	3920.00	293279.00	99.72	30.00	255.00	36.75	1350.64	8.07	0.00	99.72	0.00	0.00	0.00	1.07	2941.00	26.00	0.00	0.00	0.00	0.00	0.00	0.00	0.00	
80.00	1132.00	486.00	0.00	2936.00	310563.00	1.00	50.66	-1.27	3770.00	310563.00	105.78	30.00	244.00	35.54	1263.21	8.09	0.00	105.78	0.00	0.00	0.00	1.07	2936.00	25.96	0.01	0.00	0.00	0.00	0.00	0.00	0.00	
81.00	716.00	662.00	0.00	2923.00	156287.00	1.00	46.02	0.57	4800.00	156287.00	53.47	26.00	113.00	9.13	83.30	4.12	0.00	53.47	0.00	0.00	0.00	1.18	2923.00	25.85	0.02	0.00	0.00	0.00	0.00	0.00	0.00	
82.00	953.00	411.00	0.00	2908.00	314357.00	1.00	50.28	-1.30	3840.00	314357.00	108.10	31.00	255.00	34.95	1221.73	8.31	0.00	108.10	0.00	0.00	0.00	1.06	2908.00	25.71	0.01	0.00	0.00	0.00	0.00	0.00	0.00	
83.00	769.00	944.00	0.00	2876.00	103452.00	1.00	42.19	-0.07	3927.00	103452.00	35.97	28.00	47.00	2.84	8.04	1.26	0.00	35.97	0.00	0.00	0.00	1.17	2876.00	25.43	0.01	0.00	0.00	0.00	0.00	0.00	0.00	
84.00	581.00	619.00	0.00	2865.00	111345.00	1.00	50.74	-2.05	3960.00	111345.00	38.86	30.00	61.00	5.62	31.55	1.40	0.00	38.86	0.00	0.00	0.00	1.05	2865.00	25.33	0.01	0.00	0.00	0.00	0.00	0.00	0.00	
85.00	1107.00	830.00	0.00	2865.00	106018.00	1.00	56.66	0.25	5037.00	106018.00	37.00	29.00	48.00	4.25	18.10	1.21	0.00	37.00	0.00	0.00	0.00	1.14	2865.00	25.33	0.00	0.00	0.00	0.00	0.00	0.00	0.00	
86.00	1251.00	423.00	0.00	2854.00	286259.00	1.00	47.57	-1.33	3520.00	286259.00	100.30	29.00	255.00	32.81	1076.55	8.20	0.00	100.30	0.00	0.00	0.00	1.06	2854.00	25.24	0.00	0.00	0.00	0.00	0.00	0.00	0.00	
87.00	1082.00	424.00	0.00	2845.00	285745.00	1.00	48.89	-1.58	3465.00	285745.00	100.44	31.00	248.00	33.71	1136.16	7.90	0.00	100.44	0.00	0.00	0.00	1.05	2845.00	25.16	0.00	0.00	0.00	0.00	0.00	0.00	0.00	
88.00	402.00	375.00	0.00	2835.00	269169.00	1.00	48.21	-1.69	3696.00	269169.00	94.94	27.00	248.00	34.24	1172.52	7.41	0.00	94.94	0.00	0.00	0.00	1.06	2835.00	25.07	0.00	0.00	0.00	0.00	0.00	0.00	0.00	
89.00	1397.00	335.00	0.00	2830.00	231104.00	1.00	45.52	-1.44	4002.00	231104.00	81.66	27.00	255.00	37.35	1394.70	7.33	0.00	81.66	0.00	0.00	0.00	1.10	2830.00	25.02	0.01	0.00	0.00	0.00	0.00	0.00	0.00	
90.00	714.00	381.00	0.00	2808.00	279618.00	1.00	50.00	-1.73	3596.00	279618.00	99.58	31.00	255.00	34.02	1157.45	7.71	0.00	99.58	0.00	0.00	0.00	1.06	2808.00	24.83	0.01	0.00	0.00	0.00	0.00	0.00	0.00	
91.00	316.00	467.00	0.00	2790.00	259432.00	1.00	45.71	-2.23	3658.00	259432.00	92.99	29.00	207.00	25.31	640.77	6.66	0.00	92.99	0.00	0.00	0.00	1.08	2790.00	24.67	0.00	0.00	0.00	0.00	0.00	0.00	0.00	
92.00	632.00	467.00	0.00	2790.00	107710.00	1.00	47.29	-1.78	3933.00	107710.00	38.61	29.00	50.00	3.67	13.46	1.43	0.00	38.61	0.00	0.00	0.00	1.05	2790.00	24.67	0.00	0.00	0.00	0.00	0.00	0.00	0.00	
93.00	412.00	672.00	0.00	2790.00	95554.00	1.00	47.30	0.74	3658.00	95554.00	34.25	29.00	41.00	2.24	5.04	0.91	0.00	34.25	0.00	0.00	0.00	1.07	2790.00	24.67	0.00	0.00	0.00	0.00	0.00	0.00	0.00	
94.00	1005.00	380.00	0.00	2770.00	283376.00	1.00	49.29	-1.80	3472.00	283376.00	102.30	30.00	235.00	31.15	970.39	7.99	0.00	102.30	0.00	0.00	0.00	1.04	2770.00	24.49	0.00	0.00	0.00	0.00	0.00	0.00	0.00	
95.00	1095.00	737.00	0.00	2708.00	103604.00	1.00	45.49	-0.29	3250.00	103604.00	38.26	30.00	50.00	3.68	13.55	1.21	0.00	38.26	0.00	0.00	0.00	1.09	2708.00	23.94	0.01	0.00	0.00	0.00	0.00	0.00	0.00	
96.00	613.00	537.00	0.00	2702.00	282495.00	1.00	41.45	-2.06	4440.00	282495.00	104.55	30.00	255.00	32.78	1074.46	7.96	0.00	104.55	0.00	0.00	0.00	1.14	2702.00	23.89	0.02	0.00	0.00	0.00	0.00	0.00	0.00	
97.00	104.00	369.00	0.00	2667.00	238069.00	1.00	43.97	-1.96	3685.00	238069.00	89.26	31.00	255.00	28.16	792.87	7.03	0.00	89.26	0.00	0.00	0.00	1.06	2667.00	23.58	0.00	0.00	0.00	0.00	0.00	0.00	0.00	
98.00	222.00	389.00	0.00	2663.00	237167.00	1.00	43.45	-1.94	3432.00	237167.00	89.06	31.00	253.00	31.81	1011.69	7.16	0.00	89.06	0.00	0.00	0.00	1.07	2663.00	23.55	0.00	0.00	0.00	0.00	0.00	0.00	0.00	
99.00	985.00	452.00	0.00	2653.00	286473.00	1.00	46.10	-2.03	3712.00	286473.00	107.98	29.00	250.00	36.76	1351.50	8.71	0.00	107.98	0.00	0.00	0.00	1.04	2653.00	23.46	0.01	0.00	0.00	0.00	0.00	0.00	0.00	
100.00	828.00	640.00	0.00	2642.00	138723.00	1.00	43.89	-1.89	3795.00	138723.00	52.51	25.00	72.00	6.64	44.08	1.95	0.00	52.51	0.00	0.00	0.00	1.10	2642.00	23.36	0.02	0.00	0.00	0.00	0.00	0.00	0.00	
101.00	1155.00	572.00	0.00	2620.00	104792.00	1.00	46.78	-0.37	3658.00	104792.00	40.00	31.00	56.00	4.13	17.03	1.57	0.00	40.00	0.00	0.00	0.00	1.08	2620.00	23.17	0.01	0.00	0.00	0.00	0.00	0.00	0.00	
102.00	1336.00	416.00	0.00	2583.00	108675.00	1.00	44.08	-1.43	3432.00	108675.00	42.07	30.00	51.00	3.20	10.27	1.69	0.00	42.07	0.00	0.00	0.00	1.04	2583.00	22.84	0.00	0.00	0.00	0.00	0.00	0.00	0.00	
103.00	1242.00	315.00	0.00	2570.00	244243.00	1.00	44.81	-1.32	3224.00	244243.00	95.04	30.00	204.00	28.28	799.64	7.18	0.00	95.04	0.00	0.00	0.00	1.03	2570.00	22.72	0.00	0.00	0.00	0.00	0.00	0.00	0.00	
104.00	660.00	389.00	0.00	2555.00	263601.00	1.00	48.69	-0.11	3024.00	263601.00	103.17	32.00	245.00	30.91	955.73	6.99	0.00	103.17	0.00	0.00	0.00	1.05	2555.00	22.59	0.02	0.00	0.00	0.00	0.00	0.00	0.00	
105.00	1450.00	427.00	0.00	2531.00	250484.00	1.00	41.06	-1.14	3432.00	250484.00	98.97	30.00	251.00	33.76	1139.55	8.07	0.00	98.97	0.00	0.00	0.00	1.08	2531.00	22.38	0.00	0.00	0.00	0.00	0.00	0.00	0.00	
106.00	1460.00	361.00	0.00	2504.00	244245.00	1.00	41.84	-1.22	3366.00	244245.00	97.54	30.00	255.00	33.87	1147.40	8.53	0.00	97.54	0.00	0.00	0.00	1.06	2504.00	22.14	0.00	0.00	0.00	0.00	0.00	0.00	0.00	
107.00	1096.00	351.00	0.00	2488.00	98447.00	1.00	47.27	-1.51	3245.00	98447.00	39.57	31.00	49.00	3.18	10.10	1.34	0.00	39.57	0.00	0.00	0.00	1.01	2488.00	22.00	0.00	0.00	0.00	0.00	0.00	0.00	0.00	
108.00	844.00	731.00	0.00	2473.00	110416.00	1.00	41.10	-2.01	3350.00	110416.00	44.65	29.00	58.00	4.79	22.94	1.40	0.00	44.65	0.00	0.00	0.00	1.08	2473.00	21.87	0.02	0.00	0.00	0.00	0.00	0.00	0.00	
109.00	1473.00	503.00	0.00	2463.00	177691.00	1.00	41.46	-0.53	3720.00	177691.00	72.14	32.00	185.00	19.68	387.42	4.66	0.00	72.14	0.00	0.00	0.00	1.13	2463.00	21.78	0.01	0.00	0.00	0.00	0.00	0.00	0.00	
110.00	426.00	421.00	0.00	2458.00	209813.00	1.00	41.18	-1.99	3224.00	209813.00	85.36	30.00	225.00	30.77	946.52	6.92	0.00	85.36	0.00	0.00	0.00	1.06	2458.00	21.73	0.00	0.00	0.00	0.00	0.00	0.00	0.00	
111.00	1333.00	265.00	0.00	2416.00	236396.00	1.00	45.40	-0.95	3136.00	236396.00	97.85	31.00	255.00	35.84	1284.75	8.17	0.00	97.85	0.00	0.00	0.00	1.01	2416.00	21.36	0.00	0.00	0.00	0.00	0.00	0.00	0.00	
112.00	1203.00	568.00	0.00	2407.00	115144.00	1.00	45.04	0.03	3120.00	115144.00	47.84	26.00	59.00	3.90	15.20	1.64	0.00	47.84	0.00	0.00	0.00	1.09	2407.00	21.28	0.02	0.00	0.00	0.00	0.00	0.00	0.00	
113.00	1028.00	830.00	0.00	2398.00	97714.00	1.00	37.76	-0.00	3300.00	97714.00	40.75	30.00	48.00	3.51	12.33	1.38	0.00	40.75	0.00	0.00	0.00	1.15	2398.00	21.20	0.01	0.00	0.00	0.00	0.00	0.00	0.00	
114.00	1026.00	316.00	0.00	2392.00	241499.00	1.00	46.14	-1.80	3120.00	241499.00	100.96	31.00	224.00	33.15	1098.84	7.05	0.00	100.96	0.00	0.00	0.00	1.02	2392.00	21.15	0.01	0.00	0.00	0.00	0.00	0.00	0.00	
115.00	692.00	464.00	0.00	2381.00	115580.00	1.00	40.73	-1.77	2961.00	115580.00	48.54	30.00	63.00	5.50	30.27	2.09	0.00	48.54	0.00	0.00	0.00	1.04	2381.00	21.05	0.01	0.00	0.00	0.00	0.00	0.00	0.00	
116.00	830.00	479.00	0.00	2329.00	95720.00	1.00	45.79	-1.85	3132.00	95720.00	41.10	31.00	53.00	3.67	13.45	1.49	0.00	41.10	0.00	0.00	0.00	1.02	2329.00	20.59	0.01	0.00	0.00	0.00	0.00	0.00	0.00	
117.00	505.00	443.00	0.00	2321.00	95830.00	1.00	44.46	-1.71	3348.00	95830.00	41.29	28.00	51.00	3.22	10.36	1.32	0.00	41.29	0.00	0.00	0.00	1.06	2321.00	20.52	0.02	0.00	0.00	0.00	0.00	0.00	0.00	
118.00	1248.00	251.00	0.00	2313.00	217181.00	1.00	42.65	-1.04	3074.00	217181.00	93.90	28.00	242.00	32.24	1039.32	7.62	0.00	93.90	0.00	0.00	0.00	1.01	2313.00	20.45	0.00	0.00	0.00	0.00	0.00	0.00	0.00	
120.00	120.00	304.00	0.00	2268.00	203426.00	1.00	40.49	-1.88	2820.00	203426.00	89.69	29.00	255.00	34.70	1204.31	8.96	0.00	89.69	0.00	0.00	0.00	1.06	2268.00	20.05	0.00	0.00	0.00	0.00	0.00	0.00	0.00	
121.00	577.00	736.00	0.00	2252.00	95149.00	1.00	38.14	-0.59	4095.00	95149.00	42.25	29.00	52.00	3.05	9.33	1.26	0.00	42.25	0.00	0.00	0.00	1.10	2252.00	19.91	0.03	0.00	0.00	0.00	0.00	0.00	0.00	
122.00	892.00	445.00	0.00	2225.00	116479.00	1.00	42.42	-2.30	3534.00	116479.00	52.35	31.00	66.00	5.75	33.04	1.88	0.00	52.35	0.00	0.00	0.00	0.99	2225.00	19.67	0.02	0.00	0.00	0.00	0.00	0.00	0.00	
123.00	1180.00	323.00	0.00	2224.00	221682.00	1.00	40.43	-1.36	3024.00	221682.00	99.68	29.00	255.00	37.02	1370.57	9.06	0.00	99.68	0.00	0.00	0.00	1.00	2224.00	19.67	0.00	0.00	0.00	0.00	0.00	0.00	0.00	
124.00	1209.00	205.00	0.00	2210.00	89332.00	1.00	43.52	-0.69	2703.00	89332.00	40.42	28.00	53.00	3.88	15.04	1.49	0.00	40.42	0.00	0.00	0.00	0.99	2210.00	19.54	0.00	0.00	0.00	0.00	0.00	0.00	0.00	
125.00	1450.00	140.00	0.00	2209.00	207110.00	1.00	39.63	-1.69	2852.00	207110.00	93.76	31.00	255.00	34.17	1167.59	8.52	0.00	93.76	0.00	0.00	0.00	1.00	2209.00	19.53	0.00	0.00	0.00	0.00	0.00	0.00	0.00	
126.00	258.00	758.00	0.00	2191.00	75106.00	1.00	47.38	-0.15	3480.00	75106.00	34.28	28.00	41.00	2.73	7.46	0.94	0.00	34.28	0.00	0.00	0.00	1.12	2191.00	19.37	0.01	0.00	0.00	0.00	0.00	0.00	0.00	
127.00	1106.00	247.00	0.00	2175.00	210047.00	1.00	39.74	-1.68	2700.00	210047.00	96.57	29.00	253.00	35.20	1239.03	8.27	0.00	96.57	0.00	0.00	0.00	1.00	2175.00	19.23	0.00	0.00	0.00	0.00	0.00	0.00	0.00	
128.00	347.00	407.00	0.00	2155.00	120969.00	1.00	43.98	-1.99	2862.00	120969.00	56.13	30.00	134.00	15.31	234.51	3.98	0.00	56.13	0.00	0.00	0.00	0.97	2155.00	19.05	0.01	0.00	0.00	0.00	0.00	0.00	0.00	
129.00	1162.00	412.00	0.00	2155.00	207789.00	1.00	37.98	-1.28	2944.00	207789.00	96.42	31.00	255.00	34.55	1193.37	8.24	0.00	96.42	0.00	0.00	0.00	1.02	2155.00	19.05	0.00	0.00	0.00	0.00	0.00	0.00	0.00	
130.00	1339.00	336.00	0.00	2140.00	93457.00	1.00	43.68	-0.60	2652.00	93457.00	43.67	30.00	56.00	4.47	20.02	1.81	0.00	43.67	0.00	0.00	0.00	1.01	2140.00	18.92	0.01	0.00	0.00	0.00	0.00	0.00	0.00	
131.00	568.00	285.00	0.00	2138.00	79319.00	1.00	42.52	-2.08	2805.00	79319.00	37.10	28.00	46.00	3.22	10.34	1.25	0.00	37.10	0.00	0.00	0.00	0.99	2138.00	18.90	0.00	0.00	0.00	0.00	0.00	0.00	0.00	
132.00	1082.00	163.00	0.00	2109.00	121353.00	1.00	43.05	-1.16	2860.00	121353.00	57.54	31.00	122.00	19.14	366.29	4.30	0.00	57.54	0.00	0.00	0.00	0.97	2109.00	18.65	0.00	0.00	0.00	0.00	0.00	0.00	0.00	
133.00	747.00	156.00	0.00	2095.00	199085.00	1.00	40.87	-1.65	2679.00	199085.00	95.03	32.00	255.00	33.20	1102.56	7.95	0.00	95.03	0.00	0.00	0.00	0.98	2095.00	18.52	0.00	0.00	0.00	0.00	0.00	0.00	0.00	
134.00	1245.00	145.00	0.00	2074.00	192022.00	1.00	40.60	-1.16	2585.00	192022.00	92.59	28.00	255.00	33.00	1088.92	8.58	0.00	92.59	0.00	0.00	0.00	0.99	2074.00	18.34	0.00	0.00	0.00	0.00	0.00	0.00	0.00	
135.00	1018.00	996.00	0.00	2047.00	74407.00	1.00	49.98	-1.07	4416.00	74407.00	36.35	29.00	43.00	2.92	8.50	1.00	0.00	36.35	0.00	0.00	0.00	1.23	2047.00	18.10	0.02	0.00	0.00	0.00	0.00	0.00	0.00	
136.00	1766.00	785.00	0.00	2046.00	148790.00	1.00	41.22	-0.71	4140.00	148790.00	72.72	26.00	255.00	30.42	925.16	9.01	0.00	72.72	0.00	0.00	0.00	1.12	2046.00	18.09	0.00	0.00	0.00	0.00	0.00	0.00	0.00	
137.00	797.00	101.00	0.00	2043.00	196109.00	1.00	40.90	-1.62	2907.00	196109.00	95.99	31.00	197.00	26.81	718.79	7.06	0.00	95.99	0.00	0.00	0.00	0.97	2043.00	18.06	0.01	0.00	0.00	0.00	0.00	0.00	0.00	
138.00	434.00	797.00	0.00	2042.00	76672.00	1.00	38.30	-0.10	2928.00	76672.00	37.55	30.00	46.00	3.07	9.42	1.03	0.00	37.55	0.00	0.00	0.00	1.06	2042.00	18.06	0.01	0.00	0.00	0.00	0.00	0.00	0.00	
139.00	397.00	311.00	0.00	2026.00	75230.00	1.00	40.03	-2.12	2832.00	75230.00	37.13	26.00	46.00	2.87	8.22	1.24	0.00	37.13	0.00	0.00	0.00	1.00	2026.00	17.91	0.00	0.00	0.00	0.00	0.00	0.00	0.00	
140.00	1153.00	160.00	0.00	2001.00	73008.00	1.00	42.26	-1.15	2650.00	73008.00	36.49	30.00	45.00	2.48	6.17	1.16	0.00	36.49	0.00	0.00	0.00	0.96	2001.00	17.69	0.00	0.00	0.00	0.00	0.00	0.00	0.00	
141.00	495.00	176.00	0.00	1978.00	134890.00	1.00	40.00	-1.94	2592.00	134890.00	68.20	30.00	203.00	25.60	655.37	6.18	0.00	68.20	0.00	0.00	0.00	0.97	1978.00	17.49	0.00	0.00	0.00	0.00	0.00	0.00	0.00	
142.00	1647.00	472.00	0.00	1973.00	71239.00	1.00	40.88	-0.28	3240.00	71239.00	36.11	29.00	45.00	2.96	8.75	1.23	0.00	36.11	0.00	0.00	0.00	1.14	1973.00	17.45	0.00	0.00	0.00	0.00	0.00	0.00	0.00	
143.00	494.00	97.00	0.00	1936.00	186511.00	1.00	39.50	-1.70	2632.00	186511.00	96.34	30.00	255.00	36.53	1334.48	9.54	0.00	96.34	0.00	0.00	0.00	0.99	1936.00	17.12	0.00	0.00	0.00	0.00	0.00	0.00	0.00	
144.00	439.00	182.00	0.00	1919.00	161189.00	1.00	36.88	-1.83	2451.00	161189.00	84.00	31.00	255.00	29.66	879.65	7.43	0.00	84.00	0.00	0.00	0.00	0.99	1919.00	16.97	0.00	0.00	0.00	0.00	0.00	0.00	0.00	
145.00	186.00	327.00	0.00	1918.00	70779.00	1.00	35.33	-2.10	2592.00	70779.00	36.90	28.00	52.00	3.45	11.89	1.45	0.00	36.90	0.00	0.00	0.00	1.03	1918.00	16.96	0.00	0.00	0.00	0.00	0.00	0.00	0.00	
146.00	1179.00	248.00	0.00	1913.00	69143.00	1.00	42.56	-1.82	2703.00	69143.00	36.14	29.00	46.00	2.80	7.85	1.27	0.00	36.14	0.00	0.00	0.00	0.95	1913.00	16.92	0.00	0.00	0.00	0.00	0.00	0.00	0.00	
147.00	195.00	1061.00	0.00	1893.00	168022.00	1.00	29.78	-1.61	2652.00	168022.00	88.76	32.00	226.00	25.38	644.06	6.60	0.00	88.76	0.00	0.00	0.00	1.16	1893.00	16.74	0.00	0.00	0.00	0.00	0.00	0.00	0.00	
148.00	958.00	703.00	0.00	1840.00	101476.00	1.00	31.71	0.54	3264.00	101476.00	55.15	32.00	69.00	6.15	37.80	2.14	0.00	55.15	0.00	0.00	0.00	1.11	1840.00	16.27	0.03	0.00	0.00	0.00	0.00	0.00	0.00	
149.00	1359.00	180.00	0.00	1819.00	65043.00	1.00	35.89	-1.34	2352.00	65043.00	35.76	28.00	43.00	2.62	6.86	1.38	0.00	35.76	0.00	0.00	0.00	0.96	1819.00	16.08	0.00	0.00	0.00	0.00	0.00	0.00	0.00	
150.00	846.00	109.00	0.00	1817.00	173254.00	1.00	38.67	-1.66	2340.00	173254.00	95.35	31.00	233.00	29.73	884.08	7.62	0.00	95.35	0.00	0.00	0.00	0.94	1817.00	16.07	0.01	0.00	0.00	0.00	0.00	0.00	0.00	
151.00	892.00	874.00	0.00	1815.00	79974.00	1.00	28.49	-0.77	3538.00	79974.00	44.06	24.00	67.00	5.59	31.23	1.44	0.00	44.06	0.00	0.00	0.00	1.24	1815.00	16.05	0.04	0.00	0.00	0.00	0.00	0.00	0.00	
152.00	765.00	288.00	0.00	1806.00	61969.00	1.00	40.37	-1.06	2793.00	61969.00	34.31	25.00	41.00	2.57	6.59	1.35	0.00	34.31	0.00	0.00	0.00	1.02	1806.00	15.97	0.01	0.00	0.00	0.00	0.00	0.00	0.00	
153.00	436.00	104.00	0.00	1772.00	149049.00	1.00	34.97	-1.60	2552.00	149049.00	84.11	31.00	255.00	29.35	861.41	8.77	0.00	84.11	0.00	0.00	0.00	0.97	1772.00	15.67	0.00	0.00	0.00	0.00	0.00	0.00	0.00	
154.00	1302.00	179.00	0.00	1735.00	64598.00	1.00	35.58	-1.48	2310.00	64598.00	37.23	29.00	48.00	2.85	8.12	1.50	0.00	37.23	0.00	0.00	0.00	0.94	1735.00	15.34	0.00	0.00	0.00	0.00	0.00	0.00	0.00	
155.00	878.00	172.00	0.00	1734.00	114493.00	1.00	35.57	-1.14	2376.00	114493.00	66.03	31.00	148.00	15.18	230.33	4.04	0.00	66.03	0.00	0.00	0.00	0.96	1734.00	15.33	0.02	0.00	0.00	0.00	0.00	0.00	0.00	
156.00	1032.00	69.00	0.00	1727.00	150283.00	1.00	35.44	-1.52	2255.00	150283.00	87.02	31.00	217.00	25.43	646.78	7.06	0.00	87.02	0.00	0.00	0.00	0.94	1727.00	15.27	0.00	0.00	0.00	0.00	0.00	0.00	0.00	
157.00	710.00	300.00	0.00	1709.00	61260.00	1.00	35.35	0.71	2352.00	61260.00	35.85	30.00	41.00	2.27	5.15	1.05	0.00	35.85	0.00	0.00	0.00	0.97	1709.00	15.11	0.00	0.00	0.00	0.00	0.00	0.00	0.00	
158.00	562.00	100.00	0.00	1670.00	59686.00	1.00	34.25	-1.85	2184.00	59686.00	35.74	29.00	43.00	2.55	6.48	1.25	0.00	35.74	0.00	0.00	0.00	0.94	1670.00	14.77	0.00	0.00	0.00	0.00	0.00	0.00	0.00	
159.00	1145.00	32.00	0.00	1630.00	150409.00	1.00	35.31	-1.49	2142.00	150409.00	92.28	32.00	255.00	32.41	1050.20	8.71	0.00	92.28	0.00	0.00	0.00	0.92	1630.00	14.41	0.00	0.00	0.00	0.00	0.00	0.00	0.00	
160.00	535.00	342.00	0.00	1594.00	55835.00	1.00	38.76	-2.18	2632.00	55835.00	35.03	29.00	41.00	2.67	7.13	1.24	0.00	35.03	0.00	0.00	0.00	1.00	1594.00	14.09	0.01	0.00	0.00	0.00	0.00	0.00	0.00	
161.00	508.00	392.00	0.00	1590.00	57784.00	1.00	32.53	-2.20	3060.00	57784.00	36.34	30.00	46.00	3.51	12.30	1.38	0.00	36.34	0.00	0.00	0.00	1.04	1590.00	14.06	0.02	0.00	0.00	0.00	0.00	0.00	0.00	
162.00	613.00	333.00	0.00	1588.00	54088.00	1.00	34.41	-0.00	2279.00	54088.00	34.06	27.00	42.00	2.36	5.59	1.08	0.00	34.06	0.00	0.00	0.00	0.99	1588.00	14.04	0.00	0.00	0.00	0.00	0.00	0.00	0.00	
163.00	661.00	282.00	0.00	1565.00	58458.00	1.00	31.02	-1.30	2166.00	58458.00	37.35	31.00	44.00	2.19	4.80	1.29	0.00	37.35	0.00	0.00	0.00	0.97	1565.00	13.84	0.00	0.00	0.00	0.00	0.00	0.00	0.00	
164.00	999.00	828.00	0.00	1498.00	60853.00	1.00	25.61	0.03	1782.00	60853.00	40.62	29.00	67.00	6.71	45.01	1.52	0.00	40.62	0.00	0.00	0.00	1.07	1498.00	13.25	0.03	0.00	0.00	0.00	0.00	0.00	0.00	
165.00	413.00	238.00	0.00	1495.00	53652.00	1.00	31.72	-1.99	2028.00	53652.00	35.89	30.00	42.00	2.37	5.61	1.21	0.00	35.89	0.00	0.00	0.00	0.95	1495.00	13.22	0.00	0.00	0.00	0.00	0.00	0.00	0.00	
166.00	537.00	414.00	0.00	1491.00	57469.00	1.00	34.72	-0.39	2236.00	57469.00	38.54	27.00	46.00	2.85	8.13	1.21	0.00	38.54	0.00	0.00	0.00	0.99	1491.00	13.18	0.04	0.00	0.00	0.00	0.00	0.00	0.00	
167.00	969.00	88.00	0.00	1447.00	51906.00	1.00	31.71	-1.63	1938.00	51906.00	35.87	30.00	44.00	2.74	7.50	1.35	0.00	35.87	0.00	0.00	0.00	0.90	1447.00	12.79	0.00	0.00	0.00	0.00	0.00	0.00	0.00	
168.00	539.00	561.00	0.00	1419.00	53808.00	1.00	30.11	-0.75	2448.00	53808.00	37.92	30.00	44.00	2.49	6.22	1.21	0.00	37.92	0.00	0.00	0.00	1.03	1419.00	12.55	0.02	0.00	0.00	0.00	0.00	0.00	0.00	
169.00	390.00	1063.00	0.00	1397.00	54388.00	1.00	26.89	-1.55	1885.00	54388.00	38.93	32.00	46.00	3.14	9.87	1.30	0.00	38.93	0.00	0.00	0.00	1.06	1397.00	12.35	0.00	0.00	0.00	0.00	0.00	0.00	0.00	
170.00	901.00	275.00	0.00	1355.00	60579.00	1.00	30.58	-0.47	2100.00	60579.00	44.71	32.00	55.00	4.11	16.90	1.62	0.00	44.71	0.00	0.00	0.00	0.93	1355.00	11.98	0.02	0.00	0.00	0.00	0.00	0.00	0.00	
171.00	788.00	533.00	0.00	1339.00	54066.00	1.00	31.47	-2.09	2107.00	54066.00	40.38	28.00	49.00	3.07	9.43	1.37	0.00	40.38	0.00	0.00	0.00	0.91	1339.00	11.84	0.03	0.00	0.00	0.00	0.00	0.00	0.00	
172.00	54.00	576.00	0.00	1308.00	44095.00	1.00	33.18	-1.07	1804.00	44095.00	33.71	28.00	39.00	1.75	3.05	0.71	0.00	33.71	0.00	0.00	0.00	0.90	1308.00	11.57	0.00	0.00	0.00	0.00	0.00	0.00	0.00	
173.00	859.00	399.00	0.00	1298.00	86560.00	1.00	27.74	-1.90	1734.00	86560.00	66.69	32.00	110.00	14.70	216.08	4.20	0.00	66.69	0.00	0.00	0.00	0.96	1298.00	11.48	0.03	0.00	0.00	0.00	0.00	0.00	0.00	
174.00	244.00	497.00	0.00	1273.00	60807.00	1.00	31.38	-1.08	1760.00	60807.00	47.77	32.00	58.00	5.05	25.54	1.71	0.00	47.77	0.00	0.00	0.00	0.90	1273.00	11.26	0.02	0.00	0.00	0.00	0.00	0.00	0.00	
175.00	562.00	548.00	0.00	1266.00	57703.00	1.00	26.52	-0.69	2112.00	57703.00	45.58	30.00	73.00	8.54	72.92	2.61	0.00	45.58	0.00	0.00	0.00	1.05	1266.00	11.19	0.03	0.00	0.00	0.00	0.00	0.00	0.00	
176.00	1004.00	965.00	0.00	1261.00	46440.00	1.00	26.81	-1.69	1596.00	46440.00	36.83	27.00	47.00	3.86	14.87	1.20	0.00	36.83	0.00	0.00	0.00	1.00	1261.00	11.15	0.04	0.00	0.00	0.00	0.00	0.00	0.00	
177.00	1368.00	105.00	0.00	1240.00	41657.00	1.00	27.82	-1.48	1944.00	41657.00	33.59	29.00	39.00	1.84	3.39	1.26	0.00	33.59	0.00	0.00	0.00	0.94	1240.00	10.96	0.00	0.00	0.00	0.00	0.00	0.00	0.00	
178.00	1245.00	92.00	0.00	1158.00	45152.00	1.00	26.21	-1.30	1632.00	45152.00	38.99	30.00	45.00	2.67	7.15	1.44	0.00	38.99	0.00	0.00	0.00	0.95	1158.00	10.24	0.01	0.00	0.00	0.00	0.00	0.00	0.00	
179.00	921.00	45.00	0.00	1134.00	39977.00	1.00	26.12	-0.60	1548.00	39977.00	35.25	29.00	40.00	2.17	4.72	1.09	0.00	35.25	0.00	0.00	0.00	0.95	1134.00	10.03	0.00	0.00	0.00	0.00	0.00	0.00	0.00	
180.00	737.00	57.00	0.00	1101.00	37436.00	1.00	28.67	-1.83	1548.00	37436.00	34.00	28.00	43.00	2.44	5.97	1.32	0.00	34.00	0.00	0.00	0.00	0.86	1101.00	9.74	0.00	0.00	0.00	0.00	0.00	0.00	0.00	
181.00	1089.00	12.00	0.00	1100.00	41368.00	1.00	25.96	-1.66	1334.00	41368.00	37.61	30.00	43.00	2.22	4.93	1.11	0.00	37.61	0.00	0.00	0.00	0.92	1100.00	9.73	0.00	0.00	0.00	0.00	0.00	0.00	0.00	
182.00	1121.00	107.00	0.00	1085.00	36251.00	1.00	31.38	-2.14	1720.00	36251.00	33.41	28.00	43.00	2.03	4.13	0.99	0.00	33.41	0.00	0.00	0.00	0.89	1085.00	9.59	0.00	0.00	0.00	0.00	0.00	0.00	0.00	
183.00	758.00	643.00	0.00	928.00	47362.00	1.00	22.68	-1.38	1050.00	47362.00	51.04	32.00	69.00	5.49	30.15	1.65	0.00	51.04	0.00	0.00	0.00	0.89	928.00	8.21	0.06	0.00	0.00	0.00	0.00	0.00	0.00	
184.00	812.00	1065.00	0.00	903.00	31330.00	1.00	20.73	-1.57	1081.00	31330.00	34.70	29.00	43.00	2.82	7.95	1.18	0.00	34.70	0.00	0.00	0.00	0.93	903.00	7.98	0.00	0.00	0.00	0.00	0.00	0.00	0.00	
185.00	460.00	788.00	0.00	892.00	36737.00	1.00	19.76	-0.21	1377.00	36737.00	41.18	32.00	48.00	3.21	10.33	1.30	0.00	41.18	0.00	0.00	0.00	0.95	892.00	7.89	0.05	0.00	0.00	0.00	0.00	0.00	0.00	
186.00	1232.00	573.00	0.00	840.00	41981.00	1.00	18.53	0.09	1080.00	41981.00	49.98	32.00	69.00	5.01	25.08	2.01	0.00	49.98	0.00	0.00	0.00	0.95	840.00	7.43	0.05	0.00	0.00	0.00	0.00	0.00	0.00	
188.00	556.00	751.00	0.00	676.00	28382.00	1.00	15.93	-0.52	1271.00	28382.00	41.99	31.00	46.00	2.56	6.53	1.07	0.00	41.99	0.00	0.00	0.00	1.05	676.00	5.98	0.07	0.00	0.00	0.00	0.00	0.00	0.00	
189.00	722.00	197.00	0.00	625.00	26247.00	1.00	16.32	-1.28	1008.00	26247.00	42.00	32.00	49.00	3.13	9.81	1.25	0.00	42.00	0.00	0.00	0.00	0.89	625.00	5.53	0.07	0.00	0.00	0.00	0.00	0.00	0.00	
190.00	1501.00	499.00	0.00	618.00	39765.00	1.00	16.22	-0.31	968.00	39765.00	64.34	29.00	81.00	11.47	131.66	4.03	0.00	64.34	0.00	0.00	0.00	0.89	618.00	5.46	0.06	0.00	0.00	0.00	0.00	0.00	0.00	
191.00	493.00	506.00	0.00	556.00	23575.00	1.00	15.51	-0.33	836.00	23575.00	42.40	32.00	47.00	2.38	5.65	1.12	0.00	42.40	0.00	0.00	0.00	0.86	556.00	4.92	0.07	0.00	0.00	0.00	0.00	0.00	0.00	
192.00	908.00	864.00	0.00	529.00	24752.00	0.99	9.13	-0.72	2112.00	24752.00	46.79	32.00	53.00	2.40	5.78	1.04	0.00	46.79	0.00	0.00	0.00	1.42	529.00	4.68	0.14	0.00	0.00	0.00	0.00	0.00	0.00	
193.00	799.00	337.00	0.00	491.00	19098.00	1.00	14.61	-1.68	608.00	19098.00	38.90	32.00	45.00	2.70	7.29	1.72	0.00	38.90	0.00	0.00	0.00	0.84	491.00	4.34	0.04	0.00	0.00	0.00	0.00	0.00	0.00	
195.00	910.00	463.00	0.00	366.00	20622.00	1.00	10.02	-2.26	896.00	20622.00	56.34	32.00	66.00	9.10	82.89	4.13	0.00	56.34	0.00	0.00	0.00	1.06	366.00	3.24	0.07	0.00	0.00	0.00	0.00	0.00	0.00	
196.00	259.00	730.00	0.00	361.00	13223.00	1.00	13.71	-1.08	570.00	13223.00	36.63	31.00	47.00	2.66	7.10	1.41	0.00	36.63	0.00	0.00	0.00	0.78	361.00	3.19	0.09	0.00	0.00	0.00	0.00	0.00	0.00	
197.00	770.00	520.00	0.00	360.00	15362.00	0.99	9.92	-2.07	792.00	15362.00	42.67	31.00	50.00	4.28	18.29	2.35	0.00	42.67	0.00	0.00	0.00	1.03	360.00	3.18	0.07	0.00	0.00	0.00	0.00	0.00	0.00	
198.00	735.00	188.00	0.00	334.00	14210.00	1.00	11.63	-1.15	608.00	14210.00	42.54	32.00	49.00	4.01	16.12	2.29	0.00	42.54	0.00	0.00	0.00	0.88	334.00	2.95	0.06	0.00	0.00	0.00	0.00	0.00	0.00	
199.00	761.00	543.00	0.00	301.00	12039.00	1.00	12.14	-0.83	484.00	12039.00	40.00	32.00	46.00	2.47	6.09	2.08	0.00	40.00	0.00	0.00	0.00	0.77	301.00	2.66	0.06	0.00	0.00	0.00	0.00	0.00	0.00	
200.00	880.00	888.00	0.00	282.00	15399.00	0.99	8.95	-0.78	700.00	15399.00	54.61	32.00	68.00	10.99	120.84	4.47	0.00	54.61	0.00	0.00	0.00	0.98	282.00	2.49	0.08	0.00	0.00	0.00	0.00	0.00	0.00	
201.00	1885.00	387.00	0.00	266.00	9641.00	1.00	10.32	-0.38	432.00	9641.00	36.24	31.00	40.00	2.01	4.04	1.80	0.00	36.24	0.00	0.00	0.00	0.77	266.00	2.35	0.00	0.00	0.00	0.00	0.00	0.00	0.00	
202.00	820.00	670.00	0.00	232.00	11913.00	1.00	11.29	-0.45	315.00	11913.00	51.35	32.00	56.00	3.24	10.49	1.31	0.00	51.35	0.00	0.00	0.00	0.66	232.00	2.05	0.12	0.00	0.00	0.00	0.00	0.00	0.00	
203.00	501.00	465.00	0.00	219.00	8625.00	1.00	10.13	-1.98	345.00	8625.00	39.38	32.00	43.00	2.05	4.20	1.47	0.00	39.38	0.00	0.00	0.00	0.69	219.00	1.94	0.09	0.00	0.00	0.00	0.00	0.00	0.00	
204.00	420.00	505.00	0.00	216.00	9477.00	0.99	9.70	-0.45	322.00	9477.00	43.88	32.00	52.00	5.16	26.67	2.66	0.00	43.88	0.00	0.00	0.00	0.71	216.00	1.91	0.07	0.00	0.00	0.00	0.00	0.00	0.00	
205.00	274.00	729.00	0.00	212.00	8455.00	0.99	9.81	-0.83	378.00	8455.00	39.88	32.00	47.00	3.42	11.70	2.08	0.00	39.88	0.00	0.00	0.00	0.76	212.00	1.87	0.08	0.00	0.00	0.00	0.00	0.00	0.00	
206.00	919.00	431.00	0.00	209.00	10255.00	0.99	7.79	-0.61	468.00	10255.00	49.07	32.00	57.00	5.59	31.26	3.89	0.00	49.07	0.00	0.00	0.00	0.88	209.00	1.85	0.08	0.00	0.00	0.00	0.00	0.00	0.00	
207.00	801.00	480.00	0.00	195.00	9268.00	0.99	8.16	-0.02	300.00	9268.00	47.53	32.00	56.00	5.69	32.37	4.08	0.00	47.53	0.00	0.00	0.00	0.73	195.00	1.72	0.07	0.00	0.00	0.00	0.00	0.00	0.00	
209.00	1732.00	763.00	0.00	168.00	7164.00	1.00	11.87	-1.75	195.00	7164.00	42.64	32.00	53.00	5.25	27.54	3.92	0.00	42.64	0.00	0.00	0.00	0.53	168.00	1.49	0.00	0.00	0.00	0.00	0.00	0.00	0.00	
211.00	512.00	334.00	0.00	150.00	5041.00	0.99	7.01	0.51	308.00	5041.00	33.61	30.00	39.00	2.10	4.41	1.81	0.00	33.61	0.00	0.00	0.00	0.79	150.00	1.33	0.06	0.00	0.00	0.00	0.00	0.00	0.00	
212.00	720.00	691.00	0.00	143.00	8351.00	0.99	9.06	-1.78	160.00	8351.00	58.40	46.00	83.00	6.33	40.03	3.14	0.00	58.40	0.00	0.00	0.00	0.56	143.00	1.26	0.15	0.00	0.00	0.00	0.00	0.00	0.00	
213.00	331.00	429.00	0.00	137.00	5032.00	0.99	5.85	-1.01	345.00	5032.00	36.73	32.00	43.00	2.52	6.38	2.22	0.00	36.73	0.00	0.00	0.00	0.85	137.00	1.21	0.10	0.00	0.00	0.00	0.00	0.00	0.00	
214.00	928.00	286.00	0.00	134.00	6768.00	0.99	6.91	0.75	272.00	6768.00	50.51	32.00	63.00	7.47	55.83	4.58	0.00	50.51	0.00	0.00	0.00	0.73	134.00	1.18	0.10	0.00	0.00	0.00	0.00	0.00	0.00	
215.00	1251.00	109.00	0.00	129.00	4906.00	0.98	5.13	-1.55	168.00	4906.00	38.03	32.00	44.00	3.15	9.95	2.66	0.00	38.03	0.00	0.00	0.00	0.75	129.00	1.14	0.10	0.00	0.00	0.00	0.00	0.00	0.00	
216.00	898.00	705.00	0.00	102.00	4950.00	0.99	7.82	-1.89	140.00	4950.00	48.53	32.00	58.00	5.94	35.32	4.16	0.00	48.53	0.00	0.00	0.00	0.54	102.00	0.90	0.10	0.00	0.00	0.00	0.00	0.00	0.00	
