ID	centroid_x	centroid_y	centroid_z	volume	integrated_intensity	eccentricity	elongation	orientation	bounding_box_volume	sum	mean	minimum	maximum	sigma	variance	surface_gradient	interior_gradient	surface_intensity	interior_intensity	intensity_ratio	convexity	radius_variation	surface_area	shape	shared_boundary	t_energy	t_entropy	inverse_diff_moment	inertia	cluster_shade	cluster_prominence	
1.00	932.00	697.00	0.00	6717.00	775846.00	1.00	76.46	-0.17	11160.00	775846.00	115.50	30.00	255.00	39.79	1582.91	9.13	0.00	115.50	0.00	0.00	0.00	1.37	6717.00	59.39	0.02	0.00	0.00	0.00	0.00	0.00	0.00	
2.00	497.00	337.00	0.00	6096.00	425364.00	1.00	66.69	-1.33	9831.00	425364.00	69.78	33.00	242.00	32.54	1058.98	4.28	0.00	69.78	0.00	0.00	0.00	1.41	6096.00	53.90	0.00	0.00	0.00	0.00	0.00	0.00	0.00	
3.00	1003.00	935.00	0.00	5664.00	609925.00	1.00	64.88	-0.17	7098.00	609925.00	107.68	35.00	255.00	46.44	2157.03	8.18	0.00	107.68	0.00	0.00	0.00	1.34	5664.00	50.08	0.01	0.00	0.00	0.00	0.00	0.00	0.00	
4.00	117.00	657.00	0.00	5247.00	367092.00	1.00	59.84	-1.01	8712.00	367092.00	69.96	33.00	233.00	23.90	571.39	4.37	0.00	69.96	0.00	0.00	0.00	1.34	5247.00	46.40	0.00	0.00	0.00	0.00	0.00	0.00	0.00	
5.00	486.00	1013.00	0.00	5023.00	504092.00	1.00	64.00	0.58	6960.00	504092.00	100.36	36.00	247.00	26.84	720.36	6.36	0.00	100.36	0.00	0.00	0.00	1.22	5023.00	44.41	0.00	0.00	0.00	0.00	0.00	0.00	0.00	
6.00	1669.00	936.00	0.00	4898.00	472990.00	1.00	64.57	-1.06	6075.00	472990.00	96.57	36.00	243.00	27.11	734.95	6.08	0.00	96.57	0.00	0.00	0.00	1.21	4898.00	43.31	0.00	0.00	0.00	0.00	0.00	0.00	0.00	
7.00	844.00	949.00	0.00	4792.00	570376.00	1.00	64.66	0.20	6142.00	570376.00	119.03	37.00	255.00	34.52	1191.89	9.50	0.00	119.03	0.00	0.00	0.00	1.20	4792.00	42.37	0.00	0.00	0.00	0.00	0.00	0.00	0.00	
8.00	384.00	1002.00	0.00	4764.00	451605.00	1.00	62.49	0.54	6318.00	451605.00	94.80	38.00	255.00	30.01	900.52	5.93	0.00	94.80	0.00	0.00	0.00	1.20	4764.00	42.12	0.00	0.00	0.00	0.00	0.00	0.00	0.00	
9.00	1463.00	851.00	0.00	4729.00	477982.00	1.00	62.22	-0.94	6474.00	477982.00	101.07	36.00	234.00	27.14	736.50	6.79	0.00	101.07	0.00	0.00	0.00	1.20	4729.00	41.81	0.00	0.00	0.00	0.00	0.00	0.00	0.00	
10.00	507.00	420.00	0.00	4709.00	261425.00	1.00	51.90	0.30	6693.00	261425.00	55.52	34.00	128.00	8.60	74.02	2.10	0.00	55.52	0.00	0.00	0.00	1.38	4709.00	41.64	0.01	0.00	0.00	0.00	0.00	0.00	0.00	
11.00	483.00	869.00	0.00	4582.00	495909.00	1.00	62.02	-2.23	6320.00	495909.00	108.23	38.00	255.00	33.87	1147.13	8.44	0.00	108.23	0.00	0.00	0.00	1.18	4582.00	40.51	0.00	0.00	0.00	0.00	0.00	0.00	0.00	
12.00	570.00	1041.00	0.00	4565.00	482686.00	1.00	63.99	-2.12	5544.00	482686.00	105.74	37.00	255.00	33.73	1137.84	7.05	0.00	105.74	0.00	0.00	0.00	1.20	4565.00	40.36	0.00	0.00	0.00	0.00	0.00	0.00	0.00	
13.00	112.00	1038.00	0.00	4564.00	402568.00	1.00	57.02	0.72	6006.00	402568.00	88.21	33.00	247.00	24.70	609.94	5.57	0.00	88.21	0.00	0.00	0.00	1.25	4564.00	40.36	0.00	0.00	0.00	0.00	0.00	0.00	0.00	
14.00	775.00	945.00	0.00	4538.00	519159.00	1.00	61.98	0.29	5832.00	519159.00	114.40	37.00	255.00	30.97	959.00	8.78	0.00	114.40	0.00	0.00	0.00	1.19	4538.00	40.13	0.00	0.00	0.00	0.00	0.00	0.00	0.00	
15.00	716.00	877.00	0.00	4531.00	531324.00	1.00	63.38	0.58	5624.00	531324.00	117.26	37.00	255.00	37.08	1375.06	10.36	0.00	117.26	0.00	0.00	0.00	1.18	4531.00	40.06	0.00	0.00	0.00	0.00	0.00	0.00	0.00	
16.00	464.00	506.00	0.00	4525.00	366739.00	1.00	54.94	-0.90	6952.00	366739.00	81.05	37.00	224.00	30.73	944.20	4.83	0.00	81.05	0.00	0.00	0.00	1.29	4525.00	40.01	0.01	0.00	0.00	0.00	0.00	0.00	0.00	
17.00	184.00	988.00	0.00	4508.00	446783.00	1.00	56.72	0.71	6068.00	446783.00	99.11	38.00	255.00	32.09	1029.57	7.06	0.00	99.11	0.00	0.00	0.00	1.23	4508.00	39.86	0.00	0.00	0.00	0.00	0.00	0.00	0.00	
18.00	1037.00	745.00	0.00	4492.00	489238.00	1.00	59.45	-1.30	6643.00	489238.00	108.91	37.00	215.00	35.91	1289.75	7.37	0.00	108.91	0.00	0.00	0.00	1.22	4492.00	39.72	0.01	0.00	0.00	0.00	0.00	0.00	0.00	
19.00	589.00	408.00	0.00	4456.00	351225.00	1.00	46.95	0.63	7298.00	351225.00	78.82	33.00	234.00	36.01	1296.81	4.68	0.00	78.82	0.00	0.00	0.00	1.45	4456.00	39.40	0.00	0.00	0.00	0.00	0.00	0.00	0.00	
20.00	1574.00	839.00	0.00	4382.00	415695.00	1.00	58.75	-0.71	6004.00	415695.00	94.86	35.00	252.00	27.07	732.68	6.82	0.00	94.86	0.00	0.00	0.00	1.19	4382.00	38.75	0.00	0.00	0.00	0.00	0.00	0.00	0.00	
21.00	900.00	864.00	0.00	4372.00	532994.00	1.00	63.19	-0.01	5920.00	532994.00	121.91	38.00	255.00	36.59	1338.60	9.90	0.00	121.91	0.00	0.00	0.00	1.16	4372.00	38.66	0.01	0.00	0.00	0.00	0.00	0.00	0.00	
22.00	1380.00	778.00	0.00	4332.00	472522.00	1.00	60.66	-0.96	5928.00	472522.00	109.08	37.00	255.00	31.87	1015.82	8.86	0.00	109.08	0.00	0.00	0.00	1.16	4332.00	38.30	0.00	0.00	0.00	0.00	0.00	0.00	0.00	
23.00	1691.00	823.00	0.00	4328.00	400346.00	1.00	57.69	-0.81	5928.00	400346.00	92.50	36.00	254.00	23.34	544.70	6.22	0.00	92.50	0.00	0.00	0.00	1.19	4328.00	38.27	0.00	0.00	0.00	0.00	0.00	0.00	0.00	
24.00	1094.00	829.00	0.00	4257.00	517072.00	1.00	62.62	-0.60	5776.00	517072.00	121.46	35.00	255.00	40.19	1615.04	10.15	0.00	121.46	0.00	0.00	0.00	1.15	4257.00	37.64	0.00	0.00	0.00	0.00	0.00	0.00	0.00	
25.00	1196.00	765.00	0.00	4245.00	470160.00	1.00	59.20	-1.19	5451.00	470160.00	110.76	34.00	255.00	32.02	1025.54	8.30	0.00	110.76	0.00	0.00	0.00	1.19	4245.00	37.54	0.00	0.00	0.00	0.00	0.00	0.00	0.00	
26.00	331.00	327.00	0.00	4208.00	411285.00	1.00	49.24	0.35	5720.00	411285.00	97.74	34.00	234.00	26.19	685.91	7.01	0.00	97.74	0.00	0.00	0.00	1.32	4208.00	37.21	0.00	0.00	0.00	0.00	0.00	0.00	0.00	
27.00	744.00	588.00	0.00	4189.00	402372.00	1.00	55.32	-1.28	5742.00	402372.00	96.05	30.00	255.00	33.12	1097.02	6.77	0.00	96.05	0.00	0.00	0.00	1.22	4189.00	37.04	0.02	0.00	0.00	0.00	0.00	0.00	0.00	
28.00	730.00	736.00	0.00	4181.00	491084.00	1.00	59.47	-2.22	5256.00	491084.00	117.46	34.00	255.00	31.42	987.27	7.71	0.00	117.46	0.00	0.00	0.00	1.18	4181.00	36.97	0.01	0.00	0.00	0.00	0.00	0.00	0.00	
29.00	850.00	811.00	0.00	4126.00	458972.00	1.00	61.90	-0.11	5040.00	458972.00	111.24	33.00	255.00	35.81	1282.59	9.71	0.00	111.24	0.00	0.00	0.00	1.16	4126.00	36.48	0.00	0.00	0.00	0.00	0.00	0.00	0.00	
30.00	736.00	646.00	0.00	4089.00	408795.00	1.00	42.33	-2.01	6930.00	408795.00	99.97	36.00	255.00	30.02	901.35	5.94	0.00	99.97	0.00	0.00	0.00	1.53	4089.00	36.16	0.02	0.00	0.00	0.00	0.00	0.00	0.00	
31.00	1735.00	691.00	0.00	4031.00	391682.00	1.00	53.87	-0.95	5304.00	391682.00	97.17	38.00	255.00	29.41	865.00	6.55	0.00	97.17	0.00	0.00	0.00	1.20	4031.00	35.64	0.00	0.00	0.00	0.00	0.00	0.00	0.00	
32.00	846.00	726.00	0.00	4015.00	449277.00	1.00	57.52	-1.62	6336.00	449277.00	111.90	33.00	255.00	35.76	1278.85	8.36	0.00	111.90	0.00	0.00	0.00	1.17	4015.00	35.50	0.02	0.00	0.00	0.00	0.00	0.00	0.00	
33.00	967.00	303.00	0.00	4008.00	456918.00	1.00	51.64	-2.14	5822.00	456918.00	114.00	34.00	255.00	29.70	882.04	7.30	0.00	114.00	0.00	0.00	0.00	1.21	4008.00	35.44	0.00	0.00	0.00	0.00	0.00	0.00	0.00	
34.00	1475.00	764.00	0.00	3993.00	400263.00	1.00	56.50	-0.76	6000.00	400263.00	100.24	34.00	255.00	32.19	1035.89	6.93	0.00	100.24	0.00	0.00	0.00	1.16	3993.00	35.31	0.00	0.00	0.00	0.00	0.00	0.00	0.00	
35.00	822.00	646.00	0.00	3960.00	476663.00	1.00	60.78	-0.15	5609.00	476663.00	120.37	35.00	254.00	34.28	1175.33	9.46	0.00	120.37	0.00	0.00	0.00	1.14	3960.00	35.02	0.02	0.00	0.00	0.00	0.00	0.00	0.00	
36.00	1016.00	829.00	0.00	3884.00	230053.00	1.00	59.06	-0.19	5390.00	230053.00	59.23	33.00	182.00	10.55	111.36	4.49	0.00	59.23	0.00	0.00	0.00	1.14	3884.00	34.34	0.00	0.00	0.00	0.00	0.00	0.00	0.00	
37.00	626.00	699.00	0.00	3883.00	424820.00	1.00	60.14	0.77	5402.00	424820.00	109.41	35.00	255.00	31.69	1004.55	6.26	0.00	109.41	0.00	0.00	0.00	1.13	3883.00	34.33	0.01	0.00	0.00	0.00	0.00	0.00	0.00	
38.00	1189.00	700.00	0.00	3878.00	436214.00	1.00	58.80	-0.91	4896.00	436214.00	112.48	32.00	255.00	33.25	1105.55	9.14	0.00	112.48	0.00	0.00	0.00	1.14	3878.00	34.29	0.01	0.00	0.00	0.00	0.00	0.00	0.00	
39.00	936.00	811.00	0.00	3874.00	472537.00	1.00	56.96	-0.76	5624.00	472537.00	121.98	36.00	255.00	35.81	1282.29	9.36	0.00	121.98	0.00	0.00	0.00	1.13	3874.00	34.25	0.01	0.00	0.00	0.00	0.00	0.00	0.00	
40.00	846.00	567.00	0.00	3845.00	419585.00	1.00	52.98	-2.13	5680.00	419585.00	109.12	33.00	255.00	33.89	1148.32	7.12	0.00	109.12	0.00	0.00	0.00	1.23	3845.00	34.00	0.01	0.00	0.00	0.00	0.00	0.00	0.00	
41.00	570.00	742.00	0.00	3796.00	408109.00	1.00	55.00	0.60	4958.00	408109.00	107.51	34.00	255.00	33.78	1141.22	6.93	0.00	107.51	0.00	0.00	0.00	1.15	3796.00	33.56	0.01	0.00	0.00	0.00	0.00	0.00	0.00	
42.00	1013.00	201.00	0.00	3779.00	394458.00	1.00	46.13	-1.95	5504.00	394458.00	104.38	35.00	239.00	30.53	932.28	6.80	0.00	104.38	0.00	0.00	0.00	1.25	3779.00	33.41	0.00	0.00	0.00	0.00	0.00	0.00	0.00	
43.00	1599.00	736.00	0.00	3774.00	352791.00	1.00	52.52	-0.84	4964.00	352791.00	93.48	38.00	244.00	27.33	747.01	6.03	0.00	93.48	0.00	0.00	0.00	1.17	3774.00	33.37	0.00	0.00	0.00	0.00	0.00	0.00	0.00	
44.00	502.00	762.00	0.00	3759.00	388306.00	1.00	55.37	-2.22	5110.00	388306.00	103.30	35.00	255.00	29.13	848.85	7.37	0.00	103.30	0.00	0.00	0.00	1.14	3759.00	33.24	0.01	0.00	0.00	0.00	0.00	0.00	0.00	
45.00	1297.00	711.00	0.00	3701.00	382306.00	1.00	55.99	-0.86	4692.00	382306.00	103.30	36.00	255.00	30.52	931.70	8.57	0.00	103.30	0.00	0.00	0.00	1.13	3701.00	32.72	0.00	0.00	0.00	0.00	0.00	0.00	0.00	
46.00	325.00	846.00	0.00	3680.00	261699.00	1.00	50.64	0.75	5040.00	261699.00	71.11	37.00	190.00	20.28	411.18	4.28	0.00	71.11	0.00	0.00	0.00	1.18	3680.00	32.54	0.00	0.00	0.00	0.00	0.00	0.00	0.00	
47.00	1636.00	571.00	0.00	3677.00	358979.00	1.00	53.26	-1.04	5100.00	358979.00	97.63	38.00	255.00	29.84	890.22	6.81	0.00	97.63	0.00	0.00	0.00	1.14	3677.00	32.51	0.01	0.00	0.00	0.00	0.00	0.00	0.00	
48.00	1511.00	645.00	0.00	3673.00	368338.00	1.00	54.14	-0.96	4968.00	368338.00	100.28	38.00	255.00	31.80	1011.26	7.57	0.00	100.28	0.00	0.00	0.00	1.13	3673.00	32.48	0.00	0.00	0.00	0.00	0.00	0.00	0.00	
49.00	1113.00	661.00	0.00	3638.00	404862.00	1.00	57.01	-1.16	4896.00	404862.00	111.29	38.00	246.00	33.21	1102.87	9.63	0.00	111.29	0.00	0.00	0.00	1.11	3638.00	32.17	0.00	0.00	0.00	0.00	0.00	0.00	0.00	
50.00	248.00	762.00	0.00	3637.00	335487.00	1.00	55.87	0.40	4891.00	335487.00	92.24	36.00	215.00	24.48	599.16	6.32	0.00	92.24	0.00	0.00	0.00	1.12	3637.00	32.16	0.00	0.00	0.00	0.00	0.00	0.00	0.00	
51.00	696.00	538.00	0.00	3619.00	386212.00	1.00	56.89	-1.21	4347.00	386212.00	106.72	31.00	231.00	31.42	987.31	7.54	0.00	106.72	0.00	0.00	0.00	1.14	3619.00	32.00	0.01	0.00	0.00	0.00	0.00	0.00	0.00	
52.00	440.00	792.00	0.00	3560.00	357996.00	1.00	53.26	0.72	4554.00	357996.00	100.56	35.00	255.00	30.91	955.69	6.91	0.00	100.56	0.00	0.00	0.00	1.13	3560.00	31.48	0.00	0.00	0.00	0.00	0.00	0.00	0.00	
53.00	1283.00	567.00	0.00	3534.00	377740.00	1.00	55.01	-1.28	4485.00	377740.00	106.89	38.00	248.00	32.90	1082.58	7.30	0.00	106.89	0.00	0.00	0.00	1.11	3534.00	31.25	0.00	0.00	0.00	0.00	0.00	0.00	0.00	
54.00	678.00	299.00	0.00	3506.00	157170.00	1.00	38.59	-1.28	5928.00	157170.00	44.83	35.00	57.00	3.55	12.60	1.38	0.00	44.83	0.00	0.00	0.00	1.40	3506.00	31.00	0.01	0.00	0.00	0.00	0.00	0.00	0.00	
55.00	646.00	588.00	0.00	3503.00	375560.00	1.00	56.10	-2.04	4623.00	375560.00	107.21	36.00	248.00	32.02	1025.07	7.74	0.00	107.21	0.00	0.00	0.00	1.11	3503.00	30.97	0.01	0.00	0.00	0.00	0.00	0.00	0.00	
56.00	1360.00	556.00	0.00	3495.00	379777.00	1.00	53.67	-1.09	4620.00	379777.00	108.66	36.00	255.00	33.99	1155.03	8.08	0.00	108.66	0.00	0.00	0.00	1.11	3495.00	30.90	0.00	0.00	0.00	0.00	0.00	0.00	0.00	
57.00	1436.00	632.00	0.00	3488.00	342078.00	1.00	52.61	-1.08	4620.00	342078.00	98.07	38.00	255.00	31.22	974.90	7.00	0.00	98.07	0.00	0.00	0.00	1.12	3488.00	30.84	0.00	0.00	0.00	0.00	0.00	0.00	0.00	
58.00	759.00	298.00	0.00	3456.00	288071.00	1.00	48.88	-1.09	5670.00	288071.00	83.35	35.00	255.00	32.88	1081.31	5.64	0.00	83.35	0.00	0.00	0.00	1.28	3456.00	30.56	0.02	0.00	0.00	0.00	0.00	0.00	0.00	
59.00	1359.00	683.00	0.00	3434.00	331201.00	1.00	54.29	-0.81	4624.00	331201.00	96.45	35.00	255.00	35.86	1285.89	7.63	0.00	96.45	0.00	0.00	0.00	1.11	3434.00	30.36	0.00	0.00	0.00	0.00	0.00	0.00	0.00	
60.00	426.00	583.00	0.00	3388.00	305625.00	1.00	51.92	-2.16	4410.00	305625.00	90.21	38.00	248.00	25.41	645.91	6.39	0.00	90.21	0.00	0.00	0.00	1.12	3388.00	29.96	0.00	0.00	0.00	0.00	0.00	0.00	0.00	
61.00	952.00	141.00	0.00	3354.00	233022.00	1.00	40.25	-1.95	7676.00	233022.00	69.48	34.00	255.00	30.18	910.79	4.97	0.00	69.48	0.00	0.00	0.00	1.48	3354.00	29.66	0.00	0.00	0.00	0.00	0.00	0.00	0.00	
62.00	249.00	638.00	0.00	3345.00	349898.00	1.00	50.78	-2.34	4686.00	349898.00	104.60	36.00	255.00	33.38	1114.43	7.13	0.00	104.60	0.00	0.00	0.00	1.14	3345.00	29.58	0.01	0.00	0.00	0.00	0.00	0.00	0.00	
63.00	983.00	540.00	0.00	3311.00	368008.00	1.00	55.36	-1.27	4158.00	368008.00	111.15	37.00	255.00	31.77	1009.07	8.73	0.00	111.15	0.00	0.00	0.00	1.09	3311.00	29.28	0.00	0.00	0.00	0.00	0.00	0.00	0.00	
64.00	296.00	687.00	0.00	3271.00	315628.00	1.00	48.65	0.77	4488.00	315628.00	96.49	34.00	231.00	25.59	655.02	6.86	0.00	96.49	0.00	0.00	0.00	1.14	3271.00	28.92	0.00	0.00	0.00	0.00	0.00	0.00	0.00	
65.00	729.00	227.00	0.00	3269.00	255180.00	1.00	48.88	-0.24	4500.00	255180.00	78.06	34.00	218.00	33.64	1131.95	5.06	0.00	78.06	0.00	0.00	0.00	1.18	3269.00	28.91	0.01	0.00	0.00	0.00	0.00	0.00	0.00	
66.00	258.00	449.00	0.00	3268.00	318826.00	1.00	55.73	0.47	4964.00	318826.00	97.56	37.00	246.00	26.56	705.53	6.50	0.00	97.56	0.00	0.00	0.00	1.13	3268.00	28.90	0.01	0.00	0.00	0.00	0.00	0.00	0.00	
67.00	1215.00	570.00	0.00	3263.00	345791.00	1.00	52.61	-1.28	4221.00	345791.00	105.97	35.00	255.00	31.54	994.63	8.10	0.00	105.97	0.00	0.00	0.00	1.09	3263.00	28.85	0.01	0.00	0.00	0.00	0.00	0.00	0.00	
68.00	327.00	952.00	0.00	3260.00	136255.00	1.00	52.76	0.55	5106.00	136255.00	41.80	35.00	52.00	3.17	10.03	0.98	0.00	41.80	0.00	0.00	0.00	1.22	3260.00	28.83	0.01	0.00	0.00	0.00	0.00	0.00	0.00	
69.00	747.00	683.00	0.00	3225.00	295322.00	1.00	34.56	-1.76	5060.00	295322.00	91.57	33.00	176.00	24.64	607.15	5.89	0.00	91.57	0.00	0.00	0.00	1.39	3225.00	28.52	0.04	0.00	0.00	0.00	0.00	0.00	0.00	
70.00	663.00	740.00	0.00	3219.00	358085.00	1.00	47.93	-2.23	4896.00	358085.00	111.24	36.00	255.00	34.07	1160.64	8.07	0.00	111.24	0.00	0.00	0.00	1.15	3219.00	28.46	0.02	0.00	0.00	0.00	0.00	0.00	0.00	
71.00	1539.00	484.00	0.00	3216.00	315659.00	1.00	50.66	-1.18	4209.00	315659.00	98.15	31.00	255.00	33.02	1090.45	7.70	0.00	98.15	0.00	0.00	0.00	1.10	3216.00	28.44	0.00	0.00	0.00	0.00	0.00	0.00	0.00	
72.00	907.00	579.00	0.00	3213.00	366727.00	1.00	52.58	0.58	4489.00	366727.00	114.14	37.00	255.00	34.45	1186.89	8.25	0.00	114.14	0.00	0.00	0.00	1.09	3213.00	28.41	0.01	0.00	0.00	0.00	0.00	0.00	0.00	
73.00	632.00	467.00	0.00	3181.00	340022.00	1.00	48.59	-1.76	4500.00	340022.00	106.89	33.00	255.00	34.39	1182.89	8.30	0.00	106.89	0.00	0.00	0.00	1.11	3181.00	28.13	0.01	0.00	0.00	0.00	0.00	0.00	0.00	
74.00	296.00	545.00	0.00	3135.00	303982.00	1.00	49.42	-2.23	4087.00	303982.00	96.96	38.00	238.00	27.45	753.76	6.67	0.00	96.96	0.00	0.00	0.00	1.10	3135.00	27.72	0.00	0.00	0.00	0.00	0.00	0.00	0.00	
75.00	379.00	517.00	0.00	3082.00	317045.00	1.00	49.94	-2.28	4096.00	317045.00	102.87	38.00	255.00	33.05	1091.98	7.40	0.00	102.87	0.00	0.00	0.00	1.08	3082.00	27.25	0.00	0.00	0.00	0.00	0.00	0.00	0.00	
76.00	1636.00	468.00	0.00	3068.00	285341.00	1.00	49.53	-1.20	4209.00	285341.00	93.01	38.00	246.00	29.89	893.22	7.33	0.00	93.01	0.00	0.00	0.00	1.08	3068.00	27.13	0.00	0.00	0.00	0.00	0.00	0.00	0.00	
77.00	1129.00	490.00	0.00	3064.00	333326.00	1.00	52.54	-1.30	3968.00	333326.00	108.79	34.00	255.00	33.00	1089.13	8.34	0.00	108.79	0.00	0.00	0.00	1.07	3064.00	27.09	0.00	0.00	0.00	0.00	0.00	0.00	0.00	
78.00	535.00	495.00	0.00	3061.00	319669.00	1.00	51.27	-2.17	4032.00	319669.00	104.43	34.00	254.00	31.29	979.16	7.60	0.00	104.43	0.00	0.00	0.00	1.08	3061.00	27.07	0.00	0.00	0.00	0.00	0.00	0.00	0.00	
79.00	1059.00	548.00	0.00	3051.00	317427.00	1.00	51.69	-0.98	4160.00	317427.00	104.04	38.00	255.00	30.48	929.26	8.07	0.00	104.04	0.00	0.00	0.00	1.07	3051.00	26.98	0.00	0.00	0.00	0.00	0.00	0.00	0.00	
80.00	1154.00	570.00	0.00	3048.00	278393.00	1.00	53.64	-0.97	3969.00	278393.00	91.34	32.00	199.00	30.80	948.72	7.51	0.00	91.34	0.00	0.00	0.00	1.08	3048.00	26.95	0.01	0.00	0.00	0.00	0.00	0.00	0.00	
81.00	413.00	676.00	0.00	3048.00	145351.00	1.00	49.97	-2.31	4160.00	145351.00	47.69	34.00	90.00	5.39	29.05	2.37	0.00	47.69	0.00	0.00	0.00	1.03	3048.00	26.95	0.00	0.00	0.00	0.00	0.00	0.00	0.00	
82.00	818.00	301.00	0.00	3017.00	265958.00	1.00	45.80	0.64	4216.00	265958.00	88.15	35.00	255.00	29.94	896.13	5.92	0.00	88.15	0.00	0.00	0.00	1.18	3017.00	26.68	0.01	0.00	0.00	0.00	0.00	0.00	0.00	
83.00	1246.00	421.00	0.00	2997.00	316871.00	1.00	50.64	-1.44	4087.00	316871.00	105.73	38.00	255.00	33.21	1102.64	8.90	0.00	105.73	0.00	0.00	0.00	1.06	2997.00	26.50	0.00	0.00	0.00	0.00	0.00	0.00	0.00	
84.00	798.00	371.00	0.00	2978.00	275485.00	1.00	49.43	-0.05	4130.00	275485.00	92.51	32.00	241.00	32.66	1066.80	6.40	0.00	92.51	0.00	0.00	0.00	1.13	2978.00	26.33	0.01	0.00	0.00	0.00	0.00	0.00	0.00	
85.00	931.00	494.00	0.00	2970.00	309900.00	1.00	49.86	-1.64	3886.00	309900.00	104.34	36.00	249.00	26.41	697.26	7.76	0.00	104.34	0.00	0.00	0.00	1.06	2970.00	26.26	0.00	0.00	0.00	0.00	0.00	0.00	0.00	
86.00	1357.00	489.00	0.00	2969.00	302581.00	1.00	50.82	-0.57	3840.00	302581.00	101.91	37.00	240.00	30.16	909.70	7.46	0.00	101.91	0.00	0.00	0.00	1.06	2969.00	26.25	0.00	0.00	0.00	0.00	0.00	0.00	0.00	
87.00	612.00	540.00	0.00	2962.00	303279.00	1.00	49.78	-2.13	3840.00	303279.00	102.39	34.00	253.00	29.95	897.13	7.61	0.00	102.39	0.00	0.00	0.00	1.07	2962.00	26.19	0.01	0.00	0.00	0.00	0.00	0.00	0.00	
88.00	1094.00	732.00	0.00	2942.00	315381.00	1.00	45.51	-0.56	4410.00	315381.00	107.20	37.00	255.00	37.95	1440.37	8.65	0.00	107.20	0.00	0.00	0.00	1.13	2942.00	26.01	0.01	0.00	0.00	0.00	0.00	0.00	0.00	
89.00	873.00	335.00	0.00	2941.00	323714.00	1.00	51.43	-1.70	3900.00	323714.00	110.07	36.00	254.00	30.25	915.09	8.24	0.00	110.07	0.00	0.00	0.00	1.06	2941.00	26.00	0.01	0.00	0.00	0.00	0.00	0.00	0.00	
90.00	203.00	570.00	0.00	2924.00	275170.00	1.00	47.13	-2.18	3712.00	275170.00	94.11	35.00	255.00	27.18	738.59	5.95	0.00	94.11	0.00	0.00	0.00	1.09	2924.00	25.85	0.00	0.00	0.00	0.00	0.00	0.00	0.00	
91.00	1188.00	479.00	0.00	2923.00	292532.00	1.00	51.04	-1.43	3894.00	292532.00	100.08	38.00	255.00	30.91	955.30	7.49	0.00	100.08	0.00	0.00	0.00	1.06	2923.00	25.85	0.01	0.00	0.00	0.00	0.00	0.00	0.00	
92.00	982.00	454.00	0.00	2918.00	325101.00	1.00	51.10	-1.89	3843.00	325101.00	111.41	33.00	255.00	33.38	1114.04	9.01	0.00	111.41	0.00	0.00	0.00	1.05	2918.00	25.80	0.01	0.00	0.00	0.00	0.00	0.00	0.00	
93.00	1285.00	480.00	0.00	2899.00	283165.00	1.00	47.52	-1.17	3953.00	283165.00	97.68	37.00	255.00	33.52	1123.58	7.78	0.00	97.68	0.00	0.00	0.00	1.06	2899.00	25.63	0.00	0.00	0.00	0.00	0.00	0.00	0.00	
94.00	867.00	181.00	0.00	2871.00	286017.00	1.00	44.49	0.70	4221.00	286017.00	99.62	32.00	232.00	25.64	657.46	6.10	0.00	99.62	0.00	0.00	0.00	1.14	2871.00	25.39	0.02	0.00	0.00	0.00	0.00	0.00	0.00	
95.00	759.00	463.00	0.00	2806.00	291628.00	1.00	47.28	-2.17	3776.00	291628.00	103.93	36.00	252.00	31.55	995.34	8.03	0.00	103.93	0.00	0.00	0.00	1.06	2806.00	24.81	0.00	0.00	0.00	0.00	0.00	0.00	0.00	
96.00	618.00	334.00	0.00	2800.00	267932.00	1.00	45.73	-2.12	4260.00	267932.00	95.69	32.00	255.00	32.63	1064.75	7.25	0.00	95.69	0.00	0.00	0.00	1.14	2800.00	24.76	0.01	0.00	0.00	0.00	0.00	0.00	0.00	
97.00	822.00	482.00	0.00	2799.00	289720.00	1.00	48.28	-1.93	3770.00	289720.00	103.51	37.00	255.00	29.88	892.81	8.49	0.00	103.51	0.00	0.00	0.00	1.05	2799.00	24.75	0.00	0.00	0.00	0.00	0.00	0.00	0.00	
98.00	1623.00	631.00	0.00	2796.00	292219.00	1.00	46.30	-0.79	4026.00	292219.00	104.51	36.00	255.00	32.15	1033.52	7.46	0.00	104.51	0.00	0.00	0.00	1.12	2796.00	24.72	0.01	0.00	0.00	0.00	0.00	0.00	0.00	
99.00	1617.00	375.00	0.00	2766.00	276956.00	1.00	45.43	-1.30	3551.00	276956.00	100.13	38.00	252.00	31.27	977.75	7.51	0.00	100.13	0.00	0.00	0.00	1.06	2766.00	24.46	0.01	0.00	0.00	0.00	0.00	0.00	0.00	
100.00	1008.00	378.00	0.00	2760.00	279558.00	1.00	49.50	-1.15	3658.00	279558.00	101.29	38.00	214.00	25.99	675.47	7.91	0.00	101.29	0.00	0.00	0.00	1.04	2760.00	24.40	0.00	0.00	0.00	0.00	0.00	0.00	0.00	
101.00	917.00	634.00	0.00	2730.00	318985.00	1.00	40.08	-1.90	4200.00	318985.00	116.84	34.00	255.00	32.81	1076.77	8.93	0.00	116.84	0.00	0.00	0.00	1.22	2730.00	24.14	0.02	0.00	0.00	0.00	0.00	0.00	0.00	
102.00	1576.00	334.00	0.00	2703.00	255043.00	1.00	46.08	-1.26	3696.00	255043.00	94.36	36.00	231.00	26.14	683.43	6.82	0.00	94.36	0.00	0.00	0.00	1.05	2703.00	23.90	0.01	0.00	0.00	0.00	0.00	0.00	0.00	
103.00	317.00	466.00	0.00	2699.00	261385.00	1.00	43.98	-2.16	3596.00	261385.00	96.85	37.00	241.00	29.67	880.15	7.46	0.00	96.85	0.00	0.00	0.00	1.09	2699.00	23.87	0.00	0.00	0.00	0.00	0.00	0.00	0.00	
104.00	424.00	423.00	0.00	2678.00	281280.00	1.00	44.52	-1.96	3402.00	281280.00	105.03	33.00	255.00	35.16	1236.53	7.56	0.00	105.03	0.00	0.00	0.00	1.06	2678.00	23.68	0.00	0.00	0.00	0.00	0.00	0.00	0.00	
105.00	1460.00	364.00	0.00	2644.00	255208.00	1.00	44.36	-1.13	3630.00	255208.00	96.52	32.00	240.00	27.31	745.64	7.54	0.00	96.52	0.00	0.00	0.00	1.06	2644.00	23.38	0.00	0.00	0.00	0.00	0.00	0.00	0.00	
106.00	691.00	467.00	0.00	2608.00	289677.00	1.00	47.87	-2.01	3304.00	289677.00	111.07	35.00	255.00	33.03	1091.23	7.66	0.00	111.07	0.00	0.00	0.00	1.05	2608.00	23.06	0.01	0.00	0.00	0.00	0.00	0.00	0.00	
107.00	950.00	410.00	0.00	2607.00	287092.00	1.00	45.98	-1.56	3348.00	287092.00	110.12	36.00	255.00	34.22	1170.90	8.26	0.00	110.12	0.00	0.00	0.00	1.03	2607.00	23.05	0.01	0.00	0.00	0.00	0.00	0.00	0.00	
108.00	893.00	219.00	0.00	2603.00	318745.00	1.00	38.32	-1.70	3760.00	318745.00	122.45	35.00	255.00	33.41	1116.02	8.31	0.00	122.45	0.00	0.00	0.00	1.12	2603.00	23.02	0.02	0.00	0.00	0.00	0.00	0.00	0.00	
109.00	660.00	388.00	0.00	2601.00	270486.00	1.00	46.98	-1.81	3074.00	270486.00	103.99	37.00	235.00	28.63	819.41	6.57	0.00	103.99	0.00	0.00	0.00	1.05	2601.00	23.00	0.01	0.00	0.00	0.00	0.00	0.00	0.00	
110.00	1352.00	349.00	0.00	2596.00	258836.00	1.00	44.12	-1.28	3564.00	258836.00	99.71	36.00	255.00	33.50	1122.18	7.47	0.00	99.71	0.00	0.00	0.00	1.05	2596.00	22.95	0.01	0.00	0.00	0.00	0.00	0.00	0.00	
111.00	713.00	383.00	0.00	2584.00	270407.00	1.00	48.05	-2.22	3136.00	270407.00	104.65	38.00	254.00	32.95	1085.41	8.13	0.00	104.65	0.00	0.00	0.00	1.05	2584.00	22.85	0.01	0.00	0.00	0.00	0.00	0.00	0.00	
112.00	221.00	391.00	0.00	2581.00	228218.00	1.00	42.76	-1.98	3432.00	228218.00	88.42	36.00	248.00	28.05	786.83	6.41	0.00	88.42	0.00	0.00	0.00	1.06	2581.00	22.82	0.00	0.00	0.00	0.00	0.00	0.00	0.00	
113.00	1078.00	423.00	0.00	2578.00	252287.00	1.00	45.43	-1.62	3510.00	252287.00	97.86	38.00	249.00	30.21	912.56	7.41	0.00	97.86	0.00	0.00	0.00	1.02	2578.00	22.80	0.00	0.00	0.00	0.00	0.00	0.00	0.00	
114.00	248.00	297.00	0.00	2540.00	240893.00	1.00	45.11	-1.71	3060.00	240893.00	94.84	38.00	255.00	33.01	1089.87	7.50	0.00	94.84	0.00	0.00	0.00	1.04	2540.00	22.46	0.00	0.00	0.00	0.00	0.00	0.00	0.00	
115.00	1261.00	324.00	0.00	2538.00	243930.00	1.00	44.96	-1.28	3240.00	243930.00	96.11	38.00	220.00	28.18	794.30	7.19	0.00	96.11	0.00	0.00	0.00	1.03	2538.00	22.44	0.00	0.00	0.00	0.00	0.00	0.00	0.00	
117.00	400.00	371.00	0.00	2533.00	249575.00	1.00	44.21	-1.95	3465.00	249575.00	98.53	38.00	245.00	31.43	987.90	7.31	0.00	98.53	0.00	0.00	0.00	1.03	2533.00	22.40	0.00	0.00	0.00	0.00	0.00	0.00	0.00	
118.00	1448.00	427.00	0.00	2524.00	256543.00	1.00	41.56	-1.13	3432.00	256543.00	101.64	37.00	255.00	32.30	1043.07	8.00	0.00	101.64	0.00	0.00	0.00	1.06	2524.00	22.32	0.00	0.00	0.00	0.00	0.00	0.00	0.00	
119.00	549.00	559.00	0.00	2503.00	108854.00	1.00	42.43	-1.73	3328.00	108854.00	43.49	34.00	66.00	5.71	32.59	1.49	0.00	43.49	0.00	0.00	0.00	1.06	2503.00	22.13	0.01	0.00	0.00	0.00	0.00	0.00	0.00	
120.00	102.00	370.00	0.00	2483.00	225149.00	1.00	42.11	-2.02	3392.00	225149.00	90.68	38.00	225.00	24.69	609.40	6.68	0.00	90.68	0.00	0.00	0.00	1.05	2483.00	21.96	0.00	0.00	0.00	0.00	0.00	0.00	0.00	
121.00	849.00	385.00	0.00	2482.00	267127.00	1.00	48.57	-0.68	3080.00	267127.00	107.63	38.00	242.00	28.27	799.28	7.29	0.00	107.63	0.00	0.00	0.00	1.04	2482.00	21.95	0.02	0.00	0.00	0.00	0.00	0.00	0.00	
122.00	398.00	313.00	0.00	2481.00	238510.00	1.00	44.97	-1.88	3348.00	238510.00	96.13	38.00	243.00	29.20	852.46	7.58	0.00	96.13	0.00	0.00	0.00	1.02	2481.00	21.94	0.00	0.00	0.00	0.00	0.00	0.00	0.00	
123.00	1335.00	416.00	0.00	2468.00	113323.00	1.00	43.64	-1.25	3224.00	113323.00	45.92	37.00	67.00	4.26	18.13	1.87	0.00	45.92	0.00	0.00	0.00	1.03	2468.00	21.82	0.00	0.00	0.00	0.00	0.00	0.00	0.00	
124.00	1246.00	256.00	0.00	2435.00	237139.00	1.00	45.82	-0.90	3306.00	237139.00	97.39	38.00	254.00	30.77	946.71	7.24	0.00	97.39	0.00	0.00	0.00	1.01	2435.00	21.53	0.00	0.00	0.00	0.00	0.00	0.00	0.00	
125.00	888.00	438.00	0.00	2423.00	256466.00	1.00	42.88	-2.06	3355.00	256466.00	105.85	34.00	255.00	32.64	1065.34	8.56	0.00	105.85	0.00	0.00	0.00	1.04	2423.00	21.42	0.00	0.00	0.00	0.00	0.00	0.00	0.00	
126.00	1092.00	343.00	0.00	2405.00	232212.00	1.00	43.75	-1.64	3162.00	232212.00	96.55	37.00	255.00	30.37	922.05	7.78	0.00	96.55	0.00	0.00	0.00	1.01	2405.00	21.27	0.00	0.00	0.00	0.00	0.00	0.00	0.00	
127.00	801.00	102.00	0.00	2398.00	248471.00	1.00	41.94	-1.51	3250.00	248471.00	103.62	34.00	246.00	27.78	771.55	7.50	0.00	103.62	0.00	0.00	0.00	1.02	2398.00	21.20	0.01	0.00	0.00	0.00	0.00	0.00	0.00	
128.00	569.00	281.00	0.00	2392.00	242440.00	1.00	43.76	-1.90	3233.00	242440.00	101.35	38.00	216.00	26.73	714.53	7.94	0.00	101.35	0.00	0.00	0.00	1.01	2392.00	21.15	0.00	0.00	0.00	0.00	0.00	0.00	0.00	
129.00	1319.00	263.00	0.00	2388.00	237099.00	1.00	44.50	-1.17	3180.00	237099.00	99.29	38.00	255.00	33.55	1125.42	8.03	0.00	99.29	0.00	0.00	0.00	1.01	2388.00	21.12	0.00	0.00	0.00	0.00	0.00	0.00	0.00	
130.00	1402.00	334.00	0.00	2372.00	212114.00	1.00	43.46	-0.78	3136.00	212114.00	89.42	36.00	255.00	34.18	1168.38	7.86	0.00	89.42	0.00	0.00	0.00	1.04	2372.00	20.97	0.01	0.00	0.00	0.00	0.00	0.00	0.00	
131.00	586.00	221.00	0.00	2355.00	242167.00	1.00	41.21	-1.72	3087.00	242167.00	102.83	32.00	251.00	30.95	958.08	7.70	0.00	102.83	0.00	0.00	0.00	1.02	2355.00	20.82	0.00	0.00	0.00	0.00	0.00	0.00	0.00	
132.00	1034.00	314.00	0.00	2355.00	236969.00	1.00	43.01	-1.42	2950.00	236969.00	100.62	34.00	229.00	32.26	1040.78	7.17	0.00	100.62	0.00	0.00	0.00	1.01	2355.00	20.82	0.00	0.00	0.00	0.00	0.00	0.00	0.00	
133.00	70.00	473.00	0.00	2346.00	153669.00	1.00	40.72	-1.99	3000.00	153669.00	65.50	36.00	183.00	25.02	625.87	5.52	0.00	65.50	0.00	0.00	0.00	1.07	2346.00	20.74	0.00	0.00	0.00	0.00	0.00	0.00	0.00	
134.00	1175.00	329.00	0.00	2336.00	238667.00	1.00	43.11	-1.45	3172.00	238667.00	102.17	38.00	255.00	34.53	1192.43	8.37	0.00	102.17	0.00	0.00	0.00	1.00	2336.00	20.66	0.00	0.00	0.00	0.00	0.00	0.00	0.00	
135.00	1474.00	503.00	0.00	2278.00	163924.00	1.00	38.72	-0.47	3420.00	163924.00	71.96	38.00	185.00	17.58	309.10	4.22	0.00	71.96	0.00	0.00	0.00	1.13	2278.00	20.14	0.01	0.00	0.00	0.00	0.00	0.00	0.00	
136.00	186.00	328.00	0.00	2271.00	213367.00	1.00	39.85	-2.00	2950.00	213367.00	93.95	38.00	255.00	30.75	945.46	8.53	0.00	93.95	0.00	0.00	0.00	1.06	2271.00	20.08	0.00	0.00	0.00	0.00	0.00	0.00	0.00	
137.00	1161.00	409.00	0.00	2247.00	237037.00	1.00	39.54	-1.11	2989.00	237037.00	105.49	36.00	255.00	34.64	1199.74	8.50	0.00	105.49	0.00	0.00	0.00	1.03	2247.00	19.87	0.00	0.00	0.00	0.00	0.00	0.00	0.00	
138.00	347.00	409.00	0.00	2244.00	163974.00	1.00	43.24	-2.19	2808.00	163974.00	73.07	35.00	216.00	27.71	767.89	6.68	0.00	73.07	0.00	0.00	0.00	1.00	2244.00	19.84	0.00	0.00	0.00	0.00	0.00	0.00	0.00	
139.00	475.00	249.00	0.00	2215.00	222469.00	1.00	41.71	-1.87	2850.00	222469.00	100.44	36.00	255.00	32.40	1049.68	7.85	0.00	100.44	0.00	0.00	0.00	1.01	2215.00	19.59	0.01	0.00	0.00	0.00	0.00	0.00	0.00	
140.00	561.00	107.00	0.00	2206.00	221989.00	1.00	42.38	-1.73	2736.00	221989.00	100.63	32.00	255.00	31.76	1008.66	7.97	0.00	100.63	0.00	0.00	0.00	0.99	2206.00	19.51	0.01	0.00	0.00	0.00	0.00	0.00	0.00	
141.00	792.00	707.00	0.00	2182.00	269796.00	1.00	37.92	-2.30	3080.00	269796.00	123.65	37.00	255.00	37.40	1398.61	10.11	0.00	123.65	0.00	0.00	0.00	1.08	2182.00	19.29	0.03	0.00	0.00	0.00	0.00	0.00	0.00	
142.00	871.00	680.00	0.00	2173.00	166508.00	1.00	38.30	-0.46	3300.00	166508.00	76.63	34.00	255.00	39.37	1549.96	6.34	0.00	76.63	0.00	0.00	0.00	1.08	2173.00	19.21	0.04	0.00	0.00	0.00	0.00	0.00	0.00	
143.00	1012.00	1000.00	0.00	2144.00	88479.00	1.00	43.89	-1.59	3196.00	88479.00	41.27	34.00	49.00	3.25	10.53	1.16	0.00	41.27	0.00	0.00	0.00	1.16	2144.00	18.96	0.01	0.00	0.00	0.00	0.00	0.00	0.00	
144.00	744.00	152.00	0.00	2142.00	207732.00	1.00	42.07	-1.58	2744.00	207732.00	96.98	36.00	238.00	30.33	920.10	7.50	0.00	96.98	0.00	0.00	0.00	0.98	2142.00	18.94	0.00	0.00	0.00	0.00	0.00	0.00	0.00	
145.00	1212.00	201.00	0.00	2133.00	216403.00	1.00	40.60	-1.11	2688.00	216403.00	101.45	37.00	255.00	32.08	1028.83	8.21	0.00	101.45	0.00	0.00	0.00	1.00	2133.00	18.86	0.00	0.00	0.00	0.00	0.00	0.00	0.00	
146.00	1174.00	244.00	0.00	2127.00	200042.00	1.00	41.88	-1.44	2744.00	200042.00	94.05	38.00	202.00	29.37	862.35	7.75	0.00	94.05	0.00	0.00	0.00	0.98	2127.00	18.81	0.00	0.00	0.00	0.00	0.00	0.00	0.00	
147.00	524.00	245.00	0.00	2123.00	205321.00	1.00	41.82	0.40	2640.00	205321.00	96.71	34.00	221.00	23.95	573.69	6.70	0.00	96.71	0.00	0.00	0.00	1.01	2123.00	18.77	0.01	0.00	0.00	0.00	0.00	0.00	0.00	
148.00	115.00	307.00	0.00	2121.00	177667.00	1.00	39.81	-2.01	2744.00	177667.00	83.77	38.00	255.00	25.76	663.49	7.14	0.00	83.77	0.00	0.00	0.00	1.04	2121.00	18.75	0.00	0.00	0.00	0.00	0.00	0.00	0.00	
149.00	181.00	638.00	0.00	2114.00	189217.00	1.00	43.71	-0.90	3363.00	189217.00	89.51	36.00	234.00	23.49	551.55	5.68	0.00	89.51	0.00	0.00	0.00	1.03	2114.00	18.69	0.03	0.00	0.00	0.00	0.00	0.00	0.00	
150.00	1451.00	143.00	0.00	2087.00	191900.00	1.00	38.47	-1.55	2700.00	191900.00	91.95	37.00	255.00	30.08	904.88	8.18	0.00	91.95	0.00	0.00	0.00	0.99	2087.00	18.45	0.00	0.00	0.00	0.00	0.00	0.00	0.00	
151.00	1355.00	181.00	0.00	2067.00	206510.00	1.00	38.75	-1.40	2610.00	206510.00	99.91	34.00	246.00	31.28	978.36	8.48	0.00	99.91	0.00	0.00	0.00	0.99	2067.00	18.28	0.00	0.00	0.00	0.00	0.00	0.00	0.00	
152.00	583.00	150.00	0.00	2051.00	206258.00	1.00	40.54	-1.67	2622.00	206258.00	100.56	33.00	253.00	33.19	1101.77	8.45	0.00	100.56	0.00	0.00	0.00	0.98	2051.00	18.14	0.01	0.00	0.00	0.00	0.00	0.00	0.00	
153.00	1243.00	147.00	0.00	2017.00	184008.00	1.00	39.33	-1.24	2688.00	184008.00	91.23	38.00	236.00	24.96	623.10	7.36	0.00	91.23	0.00	0.00	0.00	0.97	2017.00	17.83	0.00	0.00	0.00	0.00	0.00	0.00	0.00	
154.00	779.00	536.00	0.00	1988.00	91593.00	1.00	37.69	-1.91	2784.00	91593.00	46.07	35.00	56.00	4.07	16.59	1.75	0.00	46.07	0.00	0.00	0.00	1.01	1988.00	17.58	0.00	0.00	0.00	0.00	0.00	0.00	0.00	
155.00	1107.00	245.00	0.00	1986.00	186597.00	1.00	37.41	-1.26	2552.00	186597.00	93.96	38.00	253.00	26.15	684.03	7.36	0.00	93.96	0.00	0.00	0.00	0.99	1986.00	17.56	0.00	0.00	0.00	0.00	0.00	0.00	0.00	
156.00	1158.00	168.00	0.00	1985.00	89632.00	1.00	40.25	-0.28	2695.00	89632.00	45.15	36.00	54.00	3.15	9.93	1.38	0.00	45.15	0.00	0.00	0.00	0.97	1985.00	17.55	0.00	0.00	0.00	0.00	0.00	0.00	0.00	
157.00	1298.00	178.00	0.00	1973.00	187675.00	1.00	37.22	-1.55	2494.00	187675.00	95.12	36.00	225.00	24.63	606.51	7.48	0.00	95.12	0.00	0.00	0.00	0.98	1973.00	17.45	0.00	0.00	0.00	0.00	0.00	0.00	0.00	
158.00	584.00	620.00	0.00	1973.00	81225.00	1.00	42.33	0.47	3422.00	81225.00	41.17	35.00	56.00	3.14	9.83	1.25	0.00	41.17	0.00	0.00	0.00	1.11	1973.00	17.45	0.01	0.00	0.00	0.00	0.00	0.00	0.00	
159.00	803.00	1060.00	0.00	1952.00	223867.00	1.00	31.73	-1.60	2700.00	223867.00	114.69	38.00	238.00	35.53	1262.35	9.53	0.00	114.69	0.00	0.00	0.00	1.13	1952.00	17.26	0.00	0.00	0.00	0.00	0.00	0.00	0.00	
160.00	266.00	202.00	0.00	1937.00	158904.00	1.00	39.50	-2.18	2300.00	158904.00	82.04	36.00	255.00	24.21	586.24	7.55	0.00	82.04	0.00	0.00	0.00	1.00	1937.00	17.13	0.00	0.00	0.00	0.00	0.00	0.00	0.00	
161.00	246.00	498.00	0.00	1934.00	183984.00	1.00	41.36	-1.41	2700.00	183984.00	95.13	38.00	228.00	23.88	570.33	6.09	0.00	95.13	0.00	0.00	0.00	0.97	1934.00	17.10	0.02	0.00	0.00	0.00	0.00	0.00	0.00	
162.00	777.00	210.00	0.00	1933.00	193579.00	1.00	37.61	-1.64	2552.00	193579.00	100.14	37.00	255.00	29.08	845.54	7.68	0.00	100.14	0.00	0.00	0.00	0.98	1933.00	17.09	0.02	0.00	0.00	0.00	0.00	0.00	0.00	
163.00	494.00	179.00	0.00	1931.00	141220.00	1.00	39.81	-1.90	2592.00	141220.00	73.13	37.00	216.00	25.63	657.02	6.20	0.00	73.13	0.00	0.00	0.00	0.96	1931.00	17.07	0.00	0.00	0.00	0.00	0.00	0.00	0.00	
164.00	1765.00	785.00	0.00	1928.00	143807.00	1.00	40.63	-0.69	3944.00	143807.00	74.59	33.00	255.00	29.74	884.50	8.65	0.00	74.59	0.00	0.00	0.00	1.12	1928.00	17.05	0.00	0.00	0.00	0.00	0.00	0.00	0.00	
165.00	1080.00	161.00	0.00	1888.00	130325.00	1.00	38.94	-1.42	2530.00	130325.00	69.03	38.00	221.00	23.86	569.13	6.58	0.00	69.03	0.00	0.00	0.00	0.95	1888.00	16.69	0.00	0.00	0.00	0.00	0.00	0.00	0.00	
166.00	1114.00	109.00	0.00	1863.00	179359.00	1.00	37.64	-1.57	2464.00	179359.00	96.27	37.00	250.00	32.44	1052.45	8.67	0.00	96.27	0.00	0.00	0.00	0.94	1863.00	16.47	0.00	0.00	0.00	0.00	0.00	0.00	0.00	
167.00	439.00	185.00	0.00	1857.00	159759.00	1.00	36.72	-1.85	2408.00	159759.00	86.03	35.00	255.00	29.98	898.98	7.59	0.00	86.03	0.00	0.00	0.00	0.98	1857.00	16.42	0.00	0.00	0.00	0.00	0.00	0.00	0.00	
168.00	675.00	108.00	0.00	1853.00	189328.00	1.00	37.54	-1.77	2420.00	189328.00	102.17	36.00	255.00	34.42	1184.97	8.72	0.00	102.17	0.00	0.00	0.00	0.96	1853.00	16.38	0.00	0.00	0.00	0.00	0.00	0.00	0.00	
169.00	399.00	1062.00	0.00	1850.00	174012.00	1.00	29.26	-1.59	2508.00	174012.00	94.06	38.00	244.00	31.29	979.32	6.93	0.00	94.06	0.00	0.00	0.00	1.14	1850.00	16.36	0.00	0.00	0.00	0.00	0.00	0.00	0.00	
170.00	953.00	233.00	0.00	1848.00	202196.00	1.00	37.96	-0.91	2601.00	202196.00	109.41	36.00	255.00	33.24	1104.73	7.33	0.00	109.41	0.00	0.00	0.00	0.98	1848.00	16.34	0.02	0.00	0.00	0.00	0.00	0.00	0.00	
171.00	1032.00	71.00	0.00	1834.00	173734.00	1.00	37.97	-1.36	2376.00	173734.00	94.73	36.00	243.00	30.99	960.17	7.64	0.00	94.73	0.00	0.00	0.00	0.95	1834.00	16.22	0.00	0.00	0.00	0.00	0.00	0.00	0.00	
172.00	495.00	97.00	0.00	1827.00	175661.00	1.00	38.10	-1.80	2376.00	175661.00	96.15	37.00	255.00	32.53	1058.07	9.22	0.00	96.15	0.00	0.00	0.00	0.98	1827.00	16.15	0.00	0.00	0.00	0.00	0.00	0.00	0.00	
173.00	644.00	214.00	0.00	1821.00	163935.00	1.00	35.04	-1.73	2296.00	163935.00	90.02	38.00	174.00	17.64	311.18	6.12	0.00	90.02	0.00	0.00	0.00	0.98	1821.00	16.10	0.01	0.00	0.00	0.00	0.00	0.00	0.00	
174.00	424.00	110.00	0.00	1786.00	153368.00	1.00	37.96	-1.88	2200.00	153368.00	85.87	35.00	255.00	27.68	766.38	7.87	0.00	85.87	0.00	0.00	0.00	0.98	1786.00	15.79	0.00	0.00	0.00	0.00	0.00	0.00	0.00	
175.00	192.00	1062.00	0.00	1784.00	159994.00	1.00	28.48	-1.63	2550.00	159994.00	89.68	38.00	165.00	20.07	402.87	5.98	0.00	89.68	0.00	0.00	0.00	1.13	1784.00	15.77	0.00	0.00	0.00	0.00	0.00	0.00	0.00	
176.00	618.00	102.00	0.00	1766.00	167189.00	1.00	36.34	-1.83	2310.00	167189.00	94.67	34.00	255.00	29.68	881.10	8.47	0.00	94.67	0.00	0.00	0.00	0.96	1766.00	15.62	0.00	0.00	0.00	0.00	0.00	0.00	0.00	
177.00	905.00	274.00	0.00	1760.00	209616.00	1.00	35.17	-1.03	2800.00	209616.00	119.10	38.00	255.00	36.97	1366.90	10.09	0.00	119.10	0.00	0.00	0.00	0.99	1760.00	15.56	0.02	0.00	0.00	0.00	0.00	0.00	0.00	
178.00	1240.00	98.00	0.00	1729.00	159975.00	1.00	35.98	-1.46	2726.00	159975.00	92.52	37.00	255.00	30.82	949.85	9.22	0.00	92.52	0.00	0.00	0.00	0.94	1729.00	15.29	0.00	0.00	0.00	0.00	0.00	0.00	0.00	
179.00	736.00	63.00	0.00	1702.00	163207.00	1.00	35.12	-1.80	2268.00	163207.00	95.89	37.00	226.00	29.79	887.18	8.35	0.00	95.89	0.00	0.00	0.00	0.94	1702.00	15.05	0.00	0.00	0.00	0.00	0.00	0.00	0.00	
180.00	822.00	199.00	0.00	1646.00	171402.00	1.00	36.55	0.01	2150.00	171402.00	104.13	38.00	255.00	28.57	816.31	7.45	0.00	104.13	0.00	0.00	0.00	0.96	1646.00	14.55	0.02	0.00	0.00	0.00	0.00	0.00	0.00	
181.00	1362.00	109.00	0.00	1612.00	74247.00	1.00	33.73	-1.50	2120.00	74247.00	46.06	33.00	164.00	10.27	105.51	3.59	0.00	46.06	0.00	0.00	0.00	0.94	1612.00	14.25	0.00	0.00	0.00	0.00	0.00	0.00	0.00	
182.00	1148.00	37.00	0.00	1565.00	146512.00	1.00	34.20	-1.05	2009.00	146512.00	93.62	38.00	224.00	30.49	929.56	8.68	0.00	93.62	0.00	0.00	0.00	0.94	1565.00	13.84	0.00	0.00	0.00	0.00	0.00	0.00	0.00	
183.00	907.00	28.00	0.00	1523.00	133009.00	1.00	34.46	-1.31	2236.00	133009.00	87.33	30.00	255.00	29.43	866.34	9.01	0.00	87.33	0.00	0.00	0.00	0.92	1523.00	13.47	0.00	0.00	0.00	0.00	0.00	0.00	0.00	
184.00	847.00	112.00	0.00	1479.00	147761.00	1.00	34.60	0.66	2397.00	147761.00	99.91	37.00	255.00	32.40	1050.05	8.38	0.00	99.91	0.00	0.00	0.00	0.95	1479.00	13.08	0.01	0.00	0.00	0.00	0.00	0.00	0.00	
185.00	903.00	747.00	0.00	1347.00	82807.00	1.00	34.32	0.62	1764.00	82807.00	61.48	38.00	156.00	10.71	114.60	4.43	0.00	61.48	0.00	0.00	0.00	0.90	1347.00	11.91	0.04	0.00	0.00	0.00	0.00	0.00	0.00	
186.00	798.00	595.00	0.00	1331.00	87299.00	1.00	27.35	-0.20	1600.00	87299.00	65.59	35.00	101.00	5.36	28.77	1.45	0.00	65.59	0.00	0.00	0.00	0.98	1331.00	11.77	0.05	0.00	0.00	0.00	0.00	0.00	0.00	
187.00	206.00	617.00	0.00	1281.00	128888.00	1.00	26.63	-0.88	1840.00	128888.00	100.62	35.00	230.00	29.77	886.39	5.44	0.00	100.62	0.00	0.00	0.00	1.02	1281.00	11.33	0.05	0.00	0.00	0.00	0.00	0.00	0.00	
188.00	1087.00	11.00	0.00	1196.00	109162.00	1.00	25.77	-1.59	1537.00	109162.00	91.27	38.00	210.00	31.20	973.59	7.41	0.00	91.27	0.00	0.00	0.00	0.96	1196.00	10.58	0.00	0.00	0.00	0.00	0.00	0.00	0.00	
189.00	708.00	12.00	0.00	1182.00	85505.00	1.00	28.66	-1.55	1536.00	85505.00	72.34	36.00	255.00	31.44	988.63	7.28	0.00	72.34	0.00	0.00	0.00	0.93	1182.00	10.45	0.00	0.00	0.00	0.00	0.00	0.00	0.00	
190.00	31.00	526.00	0.00	1119.00	45956.00	1.00	30.70	-1.21	1470.00	45956.00	41.07	37.00	45.00	1.63	2.67	0.91	0.00	41.07	0.00	0.00	0.00	0.88	1119.00	9.89	0.00	0.00	0.00	0.00	0.00	0.00	0.00	
191.00	582.00	51.00	0.00	1088.00	72960.00	1.00	30.98	0.11	1368.00	72960.00	67.06	36.00	124.00	15.95	254.44	5.75	0.00	67.06	0.00	0.00	0.00	0.90	1088.00	9.62	0.00	0.00	0.00	0.00	0.00	0.00	0.00	
192.00	67.00	575.00	0.00	964.00	38465.00	1.00	28.21	-0.12	1855.00	38465.00	39.90	36.00	44.00	1.15	1.33	0.60	0.00	39.90	0.00	0.00	0.00	1.06	964.00	8.52	0.00	0.00	0.00	0.00	0.00	0.00	0.00	
193.00	1499.00	498.00	0.00	637.00	42471.00	1.00	15.52	-0.38	1104.00	42471.00	66.67	33.00	79.00	7.68	59.05	3.24	0.00	66.67	0.00	0.00	0.00	0.96	637.00	5.63	0.06	0.00	0.00	0.00	0.00	0.00	0.00	
194.00	923.00	258.00	0.00	594.00	56065.00	1.00	14.53	-0.91	1330.00	56065.00	94.39	38.00	128.00	17.23	296.74	5.45	0.00	94.39	0.00	0.00	0.00	1.06	594.00	5.25	0.08	0.00	0.00	0.00	0.00	0.00	0.00	
195.00	932.00	247.00	0.00	503.00	52828.00	1.00	12.21	-0.84	1152.00	52828.00	105.03	35.00	202.00	28.60	817.93	8.60	0.00	105.03	0.00	0.00	0.00	1.11	503.00	4.45	0.10	0.00	0.00	0.00	0.00	0.00	0.00	
199.00	422.00	503.00	0.00	360.00	17228.00	1.00	12.66	-0.23	527.00	17228.00	47.86	38.00	53.00	3.29	10.80	1.88	0.00	47.86	0.00	0.00	0.00	0.75	360.00	3.18	0.05	0.00	0.00	0.00	0.00	0.00	0.00	
200.00	732.00	189.00	0.00	309.00	13603.00	0.99	9.62	-1.44	468.00	13603.00	44.02	38.00	51.00	3.09	9.53	2.25	0.00	44.02	0.00	0.00	0.00	0.81	309.00	2.73	0.06	0.00	0.00	0.00	0.00	0.00	0.00	
201.00	519.00	459.00	0.00	240.00	12234.00	0.99	7.72	-2.22	638.00	12234.00	50.97	38.00	59.00	4.39	19.23	3.16	0.00	50.97	0.00	0.00	0.00	1.00	240.00	2.12	0.09	0.00	0.00	0.00	0.00	0.00	0.00	
202.00	548.00	535.00	0.00	220.00	13413.00	0.99	6.63	-1.68	324.00	13413.00	60.97	38.00	83.00	10.91	119.04	6.06	0.00	60.97	0.00	0.00	0.00	0.89	220.00	1.95	0.08	0.00	0.00	0.00	0.00	0.00	0.00	
203.00	426.00	228.00	0.00	214.00	8833.00	0.99	9.69	-1.28	299.00	8833.00	41.28	39.00	46.00	1.44	2.06	1.33	0.00	41.28	0.00	0.00	0.00	0.69	214.00	1.89	0.00	0.00	0.00	0.00	0.00	0.00	0.00	
204.00	1619.00	601.00	0.00	212.00	18959.00	1.00	11.14	-1.14	266.00	18959.00	89.43	37.00	108.00	12.42	154.27	4.79	0.00	89.43	0.00	0.00	0.00	0.61	212.00	1.87	0.13	0.00	0.00	0.00	0.00	0.00	0.00	
205.00	277.00	1072.00	0.00	195.00	10796.00	0.98	5.74	-1.57	222.00	10796.00	55.36	38.00	73.00	8.78	77.10	6.07	0.00	55.36	0.00	0.00	0.00	0.87	195.00	1.72	0.00	0.00	0.00	0.00	0.00	0.00	0.00	
206.00	988.00	93.00	0.00	190.00	7748.00	1.00	12.12	0.03	252.00	7748.00	40.78	37.00	46.00	1.99	3.96	1.37	0.00	40.78	0.00	0.00	0.00	0.58	190.00	1.68	0.03	0.00	0.00	0.00	0.00	0.00	0.00	
207.00	347.00	973.00	0.00	180.00	7886.00	0.99	6.19	0.75	550.00	7886.00	43.81	38.00	50.00	2.86	8.17	2.28	0.00	43.81	0.00	0.00	0.00	0.99	180.00	1.59	0.10	0.00	0.00	0.00	0.00	0.00	0.00	
208.00	604.00	603.00	0.00	175.00	8158.00	0.99	6.99	-0.55	400.00	8158.00	46.62	37.00	56.00	4.88	23.86	2.99	0.00	46.62	0.00	0.00	0.00	0.85	175.00	1.55	0.09	0.00	0.00	0.00	0.00	0.00	0.00	
209.00	967.00	108.00	0.00	161.00	6341.00	1.00	10.55	-1.76	204.00	6341.00	39.39	37.00	42.00	0.98	0.95	0.77	0.00	39.39	0.00	0.00	0.00	0.55	161.00	1.42	0.06	0.00	0.00	0.00	0.00	0.00	0.00	
210.00	1731.00	763.00	0.00	134.00	6054.00	1.00	11.00	-1.37	156.00	6054.00	45.18	38.00	55.00	3.35	11.23	3.00	0.00	45.18	0.00	0.00	0.00	0.49	134.00	1.18	0.00	0.00	0.00	0.00	0.00	0.00	0.00	
211.00	922.00	765.00	0.00	133.00	7965.00	0.98	4.72	-1.97	420.00	7965.00	59.89	39.00	81.00	8.79	77.34	8.17	0.00	59.89	0.00	0.00	0.00	0.98	133.00	1.18	0.12	0.00	0.00	0.00	0.00	0.00	0.00	
212.00	1049.00	829.00	0.00	133.00	7614.00	0.99	6.79	-0.05	192.00	7614.00	57.25	38.00	67.00	6.23	38.79	5.51	0.00	57.25	0.00	0.00	0.00	0.64	133.00	1.18	0.09	0.00	0.00	0.00	0.00	0.00	0.00	
213.00	484.00	289.00	0.00	126.00	6678.00	0.99	6.08	-1.68	175.00	6678.00	53.00	38.00	69.00	8.81	77.55	5.21	0.00	53.00	0.00	0.00	0.00	0.67	126.00	1.11	0.09	0.00	0.00	0.00	0.00	0.00	0.00	
214.00	428.00	245.00	0.00	109.00	4372.00	0.99	8.52	-1.55	117.00	4372.00	40.11	38.00	43.00	1.14	1.30	0.97	0.00	40.11	0.00	0.00	0.00	0.51	109.00	0.96	0.00	0.00	0.00	0.00	0.00	0.00	0.00	
