ID	centroid_x	centroid_y	centroid_z	volume	integrated_intensity	eccentricity	elongation	orientation	bounding_box_volume	sum	mean	minimum	maximum	sigma	variance	surface_gradient	interior_gradient	surface_intensity	interior_intensity	intensity_ratio	convexity	radius_variation	surface_area	shape	shared_boundary	t_energy	t_entropy	inverse_diff_moment	inertia	cluster_shade	cluster_prominence	
1.00	497.00	335.00	0.00	5825.00	411678.00	1.00	62.76	-1.49	8778.00	411678.00	70.67	34.00	243.00	32.31	1044.03	4.17	0.00	70.67	0.00	0.00	0.00	1.40	5825.00	51.51	0.00	0.00	0.00	0.00	0.00	0.00	0.00	
2.00	121.00	658.00	0.00	5298.00	379770.00	1.00	59.65	-1.07	8400.00	379770.00	71.68	35.00	238.00	25.50	650.11	4.39	0.00	71.68	0.00	0.00	0.00	1.33	5298.00	46.85	0.00	0.00	0.00	0.00	0.00	0.00	0.00	
3.00	485.00	1012.00	0.00	4987.00	502298.00	1.00	64.35	0.59	6966.00	502298.00	100.72	39.00	239.00	25.56	653.29	6.16	0.00	100.72	0.00	0.00	0.00	1.21	4987.00	44.10	0.00	0.00	0.00	0.00	0.00	0.00	0.00	
4.00	1668.00	928.00	0.00	4976.00	479367.00	1.00	64.41	-0.99	6552.00	479367.00	96.34	39.00	252.00	27.26	743.08	5.79	0.00	96.34	0.00	0.00	0.00	1.21	4976.00	44.00	0.00	0.00	0.00	0.00	0.00	0.00	0.00	
5.00	509.00	415.00	0.00	4943.00	402818.00	1.00	52.13	0.39	7725.00	402818.00	81.49	35.00	247.00	30.29	917.60	4.94	0.00	81.49	0.00	0.00	0.00	1.45	4943.00	43.71	0.01	0.00	0.00	0.00	0.00	0.00	0.00	
6.00	727.00	725.00	0.00	4902.00	532902.00	1.00	60.76	-0.09	6900.00	532902.00	108.71	38.00	255.00	33.56	1126.24	6.31	0.00	108.71	0.00	0.00	0.00	1.29	4902.00	43.34	0.02	0.00	0.00	0.00	0.00	0.00	0.00	
7.00	568.00	1038.00	0.00	4857.00	497222.00	1.00	64.99	0.55	6080.00	497222.00	102.37	40.00	243.00	30.44	926.69	5.90	0.00	102.37	0.00	0.00	0.00	1.21	4857.00	42.95	0.00	0.00	0.00	0.00	0.00	0.00	0.00	
8.00	388.00	998.00	0.00	4844.00	487251.00	1.00	63.01	-2.25	6560.00	487251.00	100.59	35.00	255.00	29.38	863.29	6.22	0.00	100.59	0.00	0.00	0.00	1.22	4844.00	42.83	0.01	0.00	0.00	0.00	0.00	0.00	0.00	
9.00	868.00	194.00	0.00	4839.00	529465.00	1.00	58.42	-0.31	6512.00	529465.00	109.42	35.00	253.00	28.86	833.12	6.27	0.00	109.42	0.00	0.00	0.00	1.29	4839.00	42.79	0.01	0.00	0.00	0.00	0.00	0.00	0.00	
10.00	1007.00	991.00	0.00	4830.00	572791.00	1.00	66.03	-0.27	5928.00	572791.00	118.59	38.00	255.00	38.05	1447.62	9.49	0.00	118.59	0.00	0.00	0.00	1.20	4830.00	42.71	0.00	0.00	0.00	0.00	0.00	0.00	0.00	
11.00	853.00	956.00	0.00	4785.00	548474.00	1.00	65.72	0.37	6162.00	548474.00	114.62	38.00	255.00	33.79	1141.57	9.08	0.00	114.62	0.00	0.00	0.00	1.19	4785.00	42.31	0.00	0.00	0.00	0.00	0.00	0.00	0.00	
12.00	593.00	407.00	0.00	4718.00	407179.00	1.00	49.71	0.67	7560.00	407179.00	86.30	27.00	227.00	33.46	1119.55	5.74	0.00	86.30	0.00	0.00	0.00	1.45	4718.00	41.72	0.00	0.00	0.00	0.00	0.00	0.00	0.00	
13.00	170.00	877.00	0.00	4699.00	467776.00	1.00	59.06	-2.09	6384.00	467776.00	99.55	39.00	255.00	30.58	935.36	7.35	0.00	99.55	0.00	0.00	0.00	1.22	4699.00	41.55	0.00	0.00	0.00	0.00	0.00	0.00	0.00	
14.00	778.00	947.00	0.00	4659.00	532245.00	1.00	64.17	0.50	6080.00	532245.00	114.24	34.00	255.00	32.52	1057.39	8.96	0.00	114.24	0.00	0.00	0.00	1.18	4659.00	41.20	0.00	0.00	0.00	0.00	0.00	0.00	0.00	
15.00	1464.00	850.00	0.00	4625.00	460420.00	1.00	61.24	-0.88	6561.00	460420.00	99.55	36.00	233.00	25.92	671.61	6.45	0.00	99.55	0.00	0.00	0.00	1.20	4625.00	40.90	0.00	0.00	0.00	0.00	0.00	0.00	0.00	
16.00	337.00	938.00	0.00	4577.00	450135.00	1.00	59.83	0.65	5920.00	450135.00	98.35	38.00	255.00	32.41	1050.59	7.10	0.00	98.35	0.00	0.00	0.00	1.20	4577.00	40.47	0.00	0.00	0.00	0.00	0.00	0.00	0.00	
17.00	467.00	507.00	0.00	4575.00	376234.00	1.00	55.00	-0.91	7200.00	376234.00	82.24	34.00	252.00	31.61	999.24	4.71	0.00	82.24	0.00	0.00	0.00	1.30	4575.00	40.45	0.01	0.00	0.00	0.00	0.00	0.00	0.00	
18.00	999.00	916.00	0.00	4566.00	556791.00	1.00	64.51	-0.32	5852.00	556791.00	121.94	35.00	255.00	38.61	1490.42	9.75	0.00	121.94	0.00	0.00	0.00	1.18	4566.00	40.37	0.00	0.00	0.00	0.00	0.00	0.00	0.00	
19.00	1196.00	764.00	0.00	4471.00	494819.00	1.00	61.84	-0.96	5928.00	494819.00	110.67	36.00	255.00	32.81	1076.45	8.47	0.00	110.67	0.00	0.00	0.00	1.18	4471.00	39.53	0.00	0.00	0.00	0.00	0.00	0.00	0.00	
20.00	714.00	877.00	0.00	4462.00	506713.00	1.00	62.56	0.48	5624.00	506713.00	113.56	35.00	245.00	33.27	1107.09	9.40	0.00	113.56	0.00	0.00	0.00	1.17	4462.00	39.45	0.00	0.00	0.00	0.00	0.00	0.00	0.00	
21.00	943.00	700.00	0.00	4458.00	543107.00	1.00	61.50	0.49	7238.00	543107.00	121.83	39.00	255.00	33.31	1109.26	8.86	0.00	121.83	0.00	0.00	0.00	1.21	4458.00	39.42	0.02	0.00	0.00	0.00	0.00	0.00	0.00	
22.00	185.00	986.00	0.00	4443.00	440854.00	1.00	55.65	0.72	6075.00	440854.00	99.22	37.00	255.00	31.35	982.51	6.93	0.00	99.22	0.00	0.00	0.00	1.24	4443.00	39.29	0.00	0.00	0.00	0.00	0.00	0.00	0.00	
23.00	1572.00	837.00	0.00	4426.00	422053.00	1.00	58.68	-0.77	6160.00	422053.00	95.36	37.00	247.00	26.50	702.06	6.66	0.00	95.36	0.00	0.00	0.00	1.19	4426.00	39.14	0.00	0.00	0.00	0.00	0.00	0.00	0.00	
24.00	902.00	862.00	0.00	4419.00	532067.00	1.00	63.75	0.22	5920.00	532067.00	120.40	38.00	249.00	34.59	1196.24	9.45	0.00	120.40	0.00	0.00	0.00	1.16	4419.00	39.07	0.01	0.00	0.00	0.00	0.00	0.00	0.00	
25.00	113.00	1038.00	0.00	4413.00	392398.00	1.00	56.51	0.65	5852.00	392398.00	88.92	36.00	244.00	25.71	660.78	5.55	0.00	88.92	0.00	0.00	0.00	1.22	4413.00	39.02	0.00	0.00	0.00	0.00	0.00	0.00	0.00	
26.00	480.00	865.00	0.00	4372.00	446367.00	1.00	59.87	0.77	6006.00	446367.00	102.10	40.00	255.00	31.89	1016.97	7.32	0.00	102.10	0.00	0.00	0.00	1.18	4372.00	38.66	0.00	0.00	0.00	0.00	0.00	0.00	0.00	
27.00	1033.00	731.00	0.00	4275.00	457032.00	1.00	60.47	-1.88	5688.00	457032.00	106.91	40.00	231.00	33.47	1120.31	6.79	0.00	106.91	0.00	0.00	0.00	1.20	4275.00	37.80	0.01	0.00	0.00	0.00	0.00	0.00	0.00	
28.00	1093.00	823.00	0.00	4202.00	518025.00	1.00	62.25	-0.53	5698.00	518025.00	123.28	36.00	255.00	41.66	1735.46	10.46	0.00	123.28	0.00	0.00	0.00	1.15	4202.00	37.15	0.00	0.00	0.00	0.00	0.00	0.00	0.00	
29.00	328.00	327.00	0.00	4161.00	405941.00	1.00	51.80	-0.06	5481.00	405941.00	97.56	36.00	250.00	25.12	630.91	6.54	0.00	97.56	0.00	0.00	0.00	1.26	4161.00	36.79	0.00	0.00	0.00	0.00	0.00	0.00	0.00	
30.00	1384.00	772.00	0.00	4114.00	431171.00	1.00	58.23	-0.87	5402.00	431171.00	104.81	38.00	255.00	31.31	980.59	7.61	0.00	104.81	0.00	0.00	0.00	1.16	4114.00	36.38	0.00	0.00	0.00	0.00	0.00	0.00	0.00	
31.00	968.00	304.00	0.00	4064.00	449689.00	1.00	50.52	-2.24	6068.00	449689.00	110.65	38.00	250.00	25.60	655.32	6.85	0.00	110.65	0.00	0.00	0.00	1.25	4064.00	35.93	0.00	0.00	0.00	0.00	0.00	0.00	0.00	
32.00	848.00	810.00	0.00	4031.00	442753.00	1.00	61.01	0.12	5040.00	442753.00	109.84	35.00	255.00	34.33	1178.57	8.87	0.00	109.84	0.00	0.00	0.00	1.15	4031.00	35.64	0.00	0.00	0.00	0.00	0.00	0.00	0.00	
33.00	672.00	300.00	0.00	4010.00	323885.00	1.00	43.36	-1.14	7140.00	323885.00	80.77	37.00	215.00	32.10	1030.24	4.90	0.00	80.77	0.00	0.00	0.00	1.44	4010.00	35.46	0.01	0.00	0.00	0.00	0.00	0.00	0.00	
34.00	843.00	729.00	0.00	3968.00	455244.00	1.00	59.17	-1.81	5688.00	455244.00	114.73	36.00	255.00	34.05	1159.57	8.67	0.00	114.73	0.00	0.00	0.00	1.13	3968.00	35.09	0.01	0.00	0.00	0.00	0.00	0.00	0.00	
35.00	1746.00	691.00	0.00	3952.00	389607.00	1.00	54.91	-0.87	5476.00	389607.00	98.58	38.00	255.00	31.79	1010.72	6.75	0.00	98.58	0.00	0.00	0.00	1.17	3952.00	34.94	0.00	0.00	0.00	0.00	0.00	0.00	0.00	
36.00	1179.00	685.00	0.00	3925.00	458964.00	1.00	59.21	-1.11	5400.00	458964.00	116.93	36.00	255.00	34.92	1219.52	10.06	0.00	116.93	0.00	0.00	0.00	1.13	3925.00	34.71	0.00	0.00	0.00	0.00	0.00	0.00	0.00	
37.00	930.00	802.00	0.00	3916.00	476033.00	1.00	57.80	-0.87	5700.00	476033.00	121.56	30.00	255.00	34.77	1208.81	9.62	0.00	121.56	0.00	0.00	0.00	1.15	3916.00	34.63	0.01	0.00	0.00	0.00	0.00	0.00	0.00	
38.00	1477.00	764.00	0.00	3910.00	396208.00	1.00	55.43	-0.81	5550.00	396208.00	101.33	40.00	253.00	31.72	1005.85	6.93	0.00	101.33	0.00	0.00	0.00	1.15	3910.00	34.57	0.00	0.00	0.00	0.00	0.00	0.00	0.00	
39.00	824.00	650.00	0.00	3869.00	491862.00	1.00	60.22	-0.31	5110.00	491862.00	127.13	33.00	255.00	36.04	1298.64	9.74	0.00	127.13	0.00	0.00	0.00	1.14	3869.00	34.21	0.02	0.00	0.00	0.00	0.00	0.00	0.00	
40.00	324.00	848.00	0.00	3793.00	254184.00	1.00	52.27	0.78	5110.00	254184.00	67.01	39.00	173.00	17.77	315.83	3.54	0.00	67.01	0.00	0.00	0.00	1.18	3793.00	33.54	0.00	0.00	0.00	0.00	0.00	0.00	0.00	
41.00	846.00	570.00	0.00	3785.00	439678.00	1.00	56.28	-1.87	4891.00	439678.00	116.16	34.00	249.00	33.02	1090.17	7.76	0.00	116.16	0.00	0.00	0.00	1.14	3785.00	33.47	0.01	0.00	0.00	0.00	0.00	0.00	0.00	
42.00	569.00	741.00	0.00	3785.00	403643.00	1.00	55.20	0.69	4896.00	403643.00	106.64	37.00	255.00	32.72	1070.30	7.15	0.00	106.64	0.00	0.00	0.00	1.16	3785.00	33.47	0.00	0.00	0.00	0.00	0.00	0.00	0.00	
43.00	1007.00	199.00	0.00	3730.00	401815.00	1.00	43.00	-1.94	5796.00	401815.00	107.73	36.00	233.00	30.69	941.65	7.29	0.00	107.73	0.00	0.00	0.00	1.31	3730.00	32.98	0.00	0.00	0.00	0.00	0.00	0.00	0.00	
44.00	626.00	696.00	0.00	3686.00	393331.00	1.00	57.01	0.67	5041.00	393331.00	106.71	35.00	251.00	30.80	948.52	5.72	0.00	106.71	0.00	0.00	0.00	1.12	3686.00	32.59	0.01	0.00	0.00	0.00	0.00	0.00	0.00	
45.00	1606.00	734.00	0.00	3659.00	345906.00	1.00	50.58	-0.86	5037.00	345906.00	94.54	39.00	245.00	28.89	834.49	6.12	0.00	94.54	0.00	0.00	0.00	1.18	3659.00	32.35	0.00	0.00	0.00	0.00	0.00	0.00	0.00	
46.00	1510.00	642.00	0.00	3640.00	360799.00	1.00	53.36	-1.04	4896.00	360799.00	99.12	38.00	255.00	28.90	835.15	6.81	0.00	99.12	0.00	0.00	0.00	1.13	3640.00	32.19	0.00	0.00	0.00	0.00	0.00	0.00	0.00	
47.00	1698.00	814.00	0.00	3634.00	333858.00	1.00	48.05	-0.77	5183.00	333858.00	91.87	40.00	248.00	23.68	560.81	6.45	0.00	91.87	0.00	0.00	0.00	1.22	3634.00	32.13	0.00	0.00	0.00	0.00	0.00	0.00	0.00	
48.00	1113.00	660.00	0.00	3633.00	405483.00	1.00	57.00	-1.09	4899.00	405483.00	111.61	37.00	255.00	33.23	1104.56	9.65	0.00	111.61	0.00	0.00	0.00	1.11	3633.00	32.12	0.00	0.00	0.00	0.00	0.00	0.00	0.00	
49.00	734.00	649.00	0.00	3620.00	340955.00	1.00	37.84	-2.03	6528.00	340955.00	94.19	36.00	244.00	30.52	931.51	4.61	0.00	94.19	0.00	0.00	0.00	1.54	3620.00	32.01	0.03	0.00	0.00	0.00	0.00	0.00	0.00	
50.00	1636.00	570.00	0.00	3619.00	352676.00	1.00	52.64	-1.04	5175.00	352676.00	97.45	38.00	255.00	28.30	801.11	6.21	0.00	97.45	0.00	0.00	0.00	1.14	3619.00	32.00	0.01	0.00	0.00	0.00	0.00	0.00	0.00	
51.00	1439.00	638.00	0.00	3613.00	362324.00	1.00	55.54	-1.12	4757.00	362324.00	100.28	36.00	255.00	29.45	867.19	6.85	0.00	100.28	0.00	0.00	0.00	1.11	3613.00	31.95	0.00	0.00	0.00	0.00	0.00	0.00	0.00	
52.00	499.00	245.00	0.00	3605.00	359178.00	1.00	42.89	-1.84	4984.00	359178.00	99.63	35.00	255.00	28.97	839.06	7.60	0.00	99.63	0.00	0.00	0.00	1.29	3605.00	31.88	0.00	0.00	0.00	0.00	0.00	0.00	0.00	
53.00	730.00	592.00	0.00	3588.00	362377.00	1.00	56.56	-1.20	4964.00	362377.00	101.00	35.00	251.00	30.02	900.94	7.17	0.00	101.00	0.00	0.00	0.00	1.13	3588.00	31.73	0.02	0.00	0.00	0.00	0.00	0.00	0.00	
54.00	1283.00	568.00	0.00	3552.00	381801.00	1.00	54.79	-1.26	4615.00	381801.00	107.49	38.00	253.00	33.79	1141.90	7.43	0.00	107.49	0.00	0.00	0.00	1.11	3552.00	31.41	0.00	0.00	0.00	0.00	0.00	0.00	0.00	
55.00	696.00	536.00	0.00	3519.00	372150.00	1.00	57.06	-1.63	4554.00	372150.00	105.75	34.00	235.00	32.14	1033.09	7.32	0.00	105.75	0.00	0.00	0.00	1.11	3519.00	31.12	0.00	0.00	0.00	0.00	0.00	0.00	0.00	
56.00	1294.00	708.00	0.00	3488.00	342156.00	1.00	53.16	-0.73	4488.00	342156.00	98.10	37.00	249.00	29.78	886.65	7.58	0.00	98.10	0.00	0.00	0.00	1.12	3488.00	30.84	0.00	0.00	0.00	0.00	0.00	0.00	0.00	
57.00	1355.00	555.00	0.00	3474.00	377641.00	1.00	52.57	-1.17	4340.00	377641.00	108.70	39.00	255.00	33.80	1142.26	7.92	0.00	108.70	0.00	0.00	0.00	1.12	3474.00	30.72	0.00	0.00	0.00	0.00	0.00	0.00	0.00	
58.00	496.00	760.00	0.00	3461.00	346881.00	1.00	51.87	0.64	4824.00	346881.00	100.23	37.00	236.00	26.59	706.87	6.76	0.00	100.23	0.00	0.00	0.00	1.13	3461.00	30.60	0.00	0.00	0.00	0.00	0.00	0.00	0.00	
59.00	262.00	631.00	0.00	3446.00	347555.00	1.00	53.19	-2.26	4692.00	347555.00	100.86	40.00	255.00	31.34	982.06	6.64	0.00	100.86	0.00	0.00	0.00	1.11	3446.00	30.47	0.00	0.00	0.00	0.00	0.00	0.00	0.00	
60.00	435.00	789.00	0.00	3436.00	347955.00	1.00	50.72	0.69	4485.00	347955.00	101.27	34.00	255.00	33.88	1148.01	7.47	0.00	101.27	0.00	0.00	0.00	1.14	3436.00	30.38	0.00	0.00	0.00	0.00	0.00	0.00	0.00	
61.00	661.00	739.00	0.00	3429.00	378048.00	1.00	50.41	-2.20	5180.00	378048.00	110.25	35.00	255.00	33.50	1122.20	7.99	0.00	110.25	0.00	0.00	0.00	1.14	3429.00	30.32	0.01	0.00	0.00	0.00	0.00	0.00	0.00	
62.00	191.00	628.00	0.00	3424.00	325820.00	1.00	49.37	-2.12	4526.00	325820.00	95.16	37.00	239.00	27.34	747.51	6.02	0.00	95.16	0.00	0.00	0.00	1.17	3424.00	30.28	0.01	0.00	0.00	0.00	0.00	0.00	0.00	
63.00	258.00	752.00	0.00	3397.00	323863.00	1.00	49.66	0.59	4554.00	323863.00	95.34	37.00	255.00	31.25	976.80	7.11	0.00	95.34	0.00	0.00	0.00	1.14	3397.00	30.04	0.00	0.00	0.00	0.00	0.00	0.00	0.00	
64.00	426.00	583.00	0.00	3391.00	307949.00	1.00	51.91	-2.13	4410.00	307949.00	90.81	37.00	248.00	25.20	634.84	6.13	0.00	90.81	0.00	0.00	0.00	1.11	3391.00	29.98	0.00	0.00	0.00	0.00	0.00	0.00	0.00	
65.00	68.00	790.00	0.00	3390.00	310609.00	1.00	50.38	0.62	4544.00	310609.00	91.63	40.00	255.00	28.83	831.28	6.32	0.00	91.63	0.00	0.00	0.00	1.12	3390.00	29.98	0.00	0.00	0.00	0.00	0.00	0.00	0.00	
66.00	910.00	578.00	0.00	3370.00	387802.00	1.00	55.06	0.11	4550.00	387802.00	115.07	36.00	255.00	33.46	1119.81	7.70	0.00	115.07	0.00	0.00	0.00	1.10	3370.00	29.80	0.01	0.00	0.00	0.00	0.00	0.00	0.00	
67.00	1358.00	681.00	0.00	3358.00	329704.00	1.00	52.33	-0.84	4623.00	329704.00	98.18	40.00	255.00	34.44	1185.77	7.19	0.00	98.18	0.00	0.00	0.00	1.10	3358.00	29.69	0.00	0.00	0.00	0.00	0.00	0.00	0.00	
68.00	632.00	581.00	0.00	3296.00	371895.00	1.00	51.91	-2.18	4556.00	371895.00	112.83	39.00	255.00	30.33	920.13	6.92	0.00	112.83	0.00	0.00	0.00	1.10	3296.00	29.14	0.02	0.00	0.00	0.00	0.00	0.00	0.00	
69.00	926.00	636.00	0.00	3282.00	390629.00	1.00	52.78	-1.64	4544.00	390629.00	119.02	36.00	255.00	32.27	1041.27	8.10	0.00	119.02	0.00	0.00	0.00	1.10	3282.00	29.02	0.01	0.00	0.00	0.00	0.00	0.00	0.00	
70.00	1214.00	567.00	0.00	3276.00	347383.00	1.00	52.68	-1.24	4087.00	347383.00	106.04	35.00	255.00	31.72	1005.97	7.87	0.00	106.04	0.00	0.00	0.00	1.09	3276.00	28.97	0.01	0.00	0.00	0.00	0.00	0.00	0.00	
71.00	984.00	539.00	0.00	3268.00	366696.00	1.00	55.21	-1.38	4224.00	366696.00	112.21	36.00	255.00	30.67	940.84	8.56	0.00	112.21	0.00	0.00	0.00	1.08	3268.00	28.90	0.00	0.00	0.00	0.00	0.00	0.00	0.00	
72.00	296.00	687.00	0.00	3242.00	317934.00	1.00	48.72	0.77	4420.00	317934.00	98.07	40.00	253.00	25.86	668.96	6.69	0.00	98.07	0.00	0.00	0.00	1.13	3242.00	28.67	0.00	0.00	0.00	0.00	0.00	0.00	0.00	
73.00	1049.00	557.00	0.00	3237.00	353567.00	1.00	54.27	-1.10	4288.00	353567.00	109.23	37.00	255.00	30.79	947.74	8.49	0.00	109.23	0.00	0.00	0.00	1.08	3237.00	28.62	0.00	0.00	0.00	0.00	0.00	0.00	0.00	
74.00	1014.00	824.00	0.00	3222.00	164359.00	1.00	58.51	0.18	4810.00	164359.00	51.01	32.00	139.00	9.57	91.54	4.40	0.00	51.01	0.00	0.00	0.00	1.18	3222.00	28.49	0.01	0.00	0.00	0.00	0.00	0.00	0.00	
75.00	1351.00	485.00	0.00	3182.00	323902.00	1.00	52.63	-1.13	4352.00	323902.00	101.79	39.00	233.00	27.16	737.91	6.76	0.00	101.79	0.00	0.00	0.00	1.07	3182.00	28.14	0.00	0.00	0.00	0.00	0.00	0.00	0.00	
76.00	299.00	541.00	0.00	3169.00	310091.00	1.00	49.52	-2.15	4080.00	310091.00	97.85	36.00	252.00	28.49	811.93	6.67	0.00	97.85	0.00	0.00	0.00	1.10	3169.00	28.02	0.00	0.00	0.00	0.00	0.00	0.00	0.00	
77.00	797.00	206.00	0.00	3147.00	329939.00	1.00	40.78	-1.72	4264.00	329939.00	104.84	38.00	253.00	27.96	781.89	7.40	0.00	104.84	0.00	0.00	0.00	1.25	3147.00	27.83	0.01	0.00	0.00	0.00	0.00	0.00	0.00	
78.00	381.00	521.00	0.00	3093.00	320711.00	1.00	50.26	0.76	4096.00	320711.00	103.69	40.00	255.00	32.69	1068.86	7.33	0.00	103.69	0.00	0.00	0.00	1.08	3093.00	27.35	0.00	0.00	0.00	0.00	0.00	0.00	0.00	
79.00	634.00	469.00	0.00	3085.00	321996.00	1.00	51.85	-1.72	4278.00	321996.00	104.37	38.00	255.00	29.89	893.14	7.68	0.00	104.37	0.00	0.00	0.00	1.09	3085.00	27.28	0.01	0.00	0.00	0.00	0.00	0.00	0.00	
80.00	733.00	228.00	0.00	3082.00	249393.00	1.00	48.11	0.31	4320.00	249393.00	80.92	36.00	240.00	30.90	954.77	5.19	0.00	80.92	0.00	0.00	0.00	1.12	3082.00	27.25	0.01	0.00	0.00	0.00	0.00	0.00	0.00	
81.00	820.00	300.00	0.00	3074.00	255008.00	1.00	43.23	0.77	4964.00	255008.00	82.96	35.00	248.00	32.36	1046.86	5.53	0.00	82.96	0.00	0.00	0.00	1.23	3074.00	27.18	0.01	0.00	0.00	0.00	0.00	0.00	0.00	
82.00	1154.00	569.00	0.00	3064.00	281246.00	1.00	53.80	-1.21	3969.00	281246.00	91.79	40.00	196.00	29.87	891.94	7.27	0.00	91.79	0.00	0.00	0.00	1.08	3064.00	27.09	0.01	0.00	0.00	0.00	0.00	0.00	0.00	
83.00	547.00	560.00	0.00	3055.00	262013.00	1.00	50.22	-2.07	4092.00	262013.00	85.77	39.00	237.00	31.57	996.38	6.18	0.00	85.77	0.00	0.00	0.00	1.08	3055.00	27.01	0.00	0.00	0.00	0.00	0.00	0.00	0.00	
84.00	405.00	1054.00	0.00	3055.00	319990.00	1.00	43.16	-1.63	3666.00	319990.00	104.74	36.00	255.00	33.34	1111.27	6.53	0.00	104.74	0.00	0.00	0.00	1.19	3055.00	27.01	0.01	0.00	0.00	0.00	0.00	0.00	0.00	
85.00	927.00	492.00	0.00	3039.00	325712.00	1.00	51.31	-1.47	4148.00	325712.00	107.18	40.00	255.00	27.15	737.02	7.57	0.00	107.18	0.00	0.00	0.00	1.07	3039.00	26.87	0.00	0.00	0.00	0.00	0.00	0.00	0.00	
86.00	1248.00	427.00	0.00	3034.00	317173.00	1.00	51.82	-0.96	4158.00	317173.00	104.54	36.00	255.00	31.96	1021.62	8.30	0.00	104.54	0.00	0.00	0.00	1.07	3034.00	26.83	0.00	0.00	0.00	0.00	0.00	0.00	0.00	
87.00	581.00	613.00	0.00	3025.00	294282.00	1.00	51.62	-1.54	4080.00	294282.00	97.28	35.00	232.00	28.74	825.81	6.82	0.00	97.28	0.00	0.00	0.00	1.07	3025.00	26.75	0.01	0.00	0.00	0.00	0.00	0.00	0.00	
88.00	1126.00	489.00	0.00	3021.00	327014.00	1.00	51.31	-1.38	4026.00	327014.00	108.25	36.00	255.00	34.26	1173.70	8.24	0.00	108.25	0.00	0.00	0.00	1.06	3021.00	26.71	0.00	0.00	0.00	0.00	0.00	0.00	0.00	
89.00	204.00	568.00	0.00	2961.00	281472.00	1.00	46.07	-2.24	4026.00	281472.00	95.06	35.00	255.00	29.03	842.96	6.17	0.00	95.06	0.00	0.00	0.00	1.11	2961.00	26.18	0.01	0.00	0.00	0.00	0.00	0.00	0.00	
90.00	1612.00	374.00	0.00	2953.00	292472.00	1.00	47.69	-1.02	3776.00	292472.00	99.04	37.00	242.00	28.76	827.20	6.64	0.00	99.04	0.00	0.00	0.00	1.09	2953.00	26.11	0.01	0.00	0.00	0.00	0.00	0.00	0.00	
91.00	1477.00	504.00	0.00	2945.00	207311.00	1.00	48.29	-0.82	3965.00	207311.00	70.39	39.00	172.00	15.55	241.89	3.76	0.00	70.39	0.00	0.00	0.00	1.07	2945.00	26.04	0.00	0.00	0.00	0.00	0.00	0.00	0.00	
92.00	1092.00	733.00	0.00	2941.00	335122.00	1.00	46.68	0.07	4060.00	335122.00	113.95	40.00	255.00	31.85	1014.48	8.23	0.00	113.95	0.00	0.00	0.00	1.12	2941.00	26.00	0.01	0.00	0.00	0.00	0.00	0.00	0.00	
93.00	759.00	470.00	0.00	2939.00	307102.00	1.00	49.77	-2.35	3721.00	307102.00	104.49	38.00	251.00	31.23	975.10	7.27	0.00	104.49	0.00	0.00	0.00	1.06	2939.00	25.99	0.00	0.00	0.00	0.00	0.00	0.00	0.00	
94.00	537.00	491.00	0.00	2932.00	313647.00	1.00	48.79	-2.16	3654.00	313647.00	106.97	38.00	255.00	31.02	962.28	7.72	0.00	106.97	0.00	0.00	0.00	1.08	2932.00	25.93	0.00	0.00	0.00	0.00	0.00	0.00	0.00	
95.00	1538.00	473.00	0.00	2911.00	280151.00	1.00	45.55	-1.17	3944.00	280151.00	96.24	37.00	245.00	28.37	804.83	6.87	0.00	96.24	0.00	0.00	0.00	1.10	2911.00	25.74	0.00	0.00	0.00	0.00	0.00	0.00	0.00	
96.00	951.00	413.00	0.00	2895.00	335158.00	1.00	51.26	-1.36	3658.00	335158.00	115.77	37.00	255.00	31.91	1018.30	7.62	0.00	115.77	0.00	0.00	0.00	1.05	2895.00	25.60	0.02	0.00	0.00	0.00	0.00	0.00	0.00	
97.00	826.00	484.00	0.00	2888.00	307194.00	1.00	49.72	-2.07	3900.00	307194.00	106.37	39.00	255.00	29.62	877.47	8.56	0.00	106.37	0.00	0.00	0.00	1.05	2888.00	25.54	0.00	0.00	0.00	0.00	0.00	0.00	0.00	
98.00	1618.00	629.00	0.00	2843.00	296895.00	1.00	45.48	-1.03	4356.00	296895.00	104.43	38.00	255.00	32.47	1054.17	7.16	0.00	104.43	0.00	0.00	0.00	1.16	2843.00	25.14	0.01	0.00	0.00	0.00	0.00	0.00	0.00	
99.00	878.00	331.00	0.00	2825.00	300514.00	1.00	49.28	-1.40	3472.00	300514.00	106.38	38.00	250.00	28.22	796.57	7.77	0.00	106.38	0.00	0.00	0.00	1.05	2825.00	24.98	0.00	0.00	0.00	0.00	0.00	0.00	0.00	
100.00	792.00	546.00	0.00	2805.00	224313.00	1.00	44.70	0.11	3588.00	224313.00	79.97	35.00	255.00	38.77	1503.30	6.52	0.00	79.97	0.00	0.00	0.00	1.08	2805.00	24.80	0.01	0.00	0.00	0.00	0.00	0.00	0.00	
101.00	1637.00	460.00	0.00	2801.00	256013.00	1.00	46.70	-0.93	3712.00	256013.00	91.40	40.00	255.00	27.26	743.27	6.69	0.00	91.40	0.00	0.00	0.00	1.07	2801.00	24.77	0.00	0.00	0.00	0.00	0.00	0.00	0.00	
102.00	996.00	376.00	0.00	2794.00	287175.00	1.00	50.03	-1.57	3654.00	287175.00	102.78	35.00	226.00	28.48	811.15	7.59	0.00	102.78	0.00	0.00	0.00	1.04	2794.00	24.71	0.01	0.00	0.00	0.00	0.00	0.00	0.00	
103.00	608.00	536.00	0.00	2793.00	295528.00	1.00	45.64	-2.11	3770.00	295528.00	105.81	39.00	255.00	31.48	990.72	6.91	0.00	105.81	0.00	0.00	0.00	1.07	2793.00	24.70	0.01	0.00	0.00	0.00	0.00	0.00	0.00	
104.00	1079.00	427.00	0.00	2785.00	277264.00	1.00	48.77	-1.66	3584.00	277264.00	99.56	37.00	255.00	30.59	935.94	7.25	0.00	99.56	0.00	0.00	0.00	1.04	2785.00	24.63	0.00	0.00	0.00	0.00	0.00	0.00	0.00	
105.00	898.00	438.00	0.00	2778.00	298361.00	1.00	49.05	-1.60	3828.00	298361.00	107.40	40.00	250.00	27.15	736.96	7.48	0.00	107.40	0.00	0.00	0.00	1.04	2778.00	24.56	0.01	0.00	0.00	0.00	0.00	0.00	0.00	
106.00	1187.00	469.00	0.00	2751.00	262359.00	1.00	48.31	-1.24	3355.00	262359.00	95.37	37.00	251.00	31.64	1000.88	6.88	0.00	95.37	0.00	0.00	0.00	1.05	2751.00	24.32	0.00	0.00	0.00	0.00	0.00	0.00	0.00	
107.00	1462.00	372.00	0.00	2727.00	262674.00	1.00	46.59	-1.16	3705.00	262674.00	96.32	40.00	227.00	24.18	584.80	6.87	0.00	96.32	0.00	0.00	0.00	1.05	2727.00	24.11	0.00	0.00	0.00	0.00	0.00	0.00	0.00	
108.00	1284.00	478.00	0.00	2675.00	272488.00	1.00	44.83	-1.15	3564.00	272488.00	101.86	37.00	255.00	34.89	1217.36	7.86	0.00	101.86	0.00	0.00	0.00	1.06	2675.00	23.65	0.01	0.00	0.00	0.00	0.00	0.00	0.00	
109.00	425.00	421.00	0.00	2670.00	281963.00	1.00	44.28	-1.97	3392.00	281963.00	105.60	39.00	248.00	34.45	1186.94	7.37	0.00	105.60	0.00	0.00	0.00	1.06	2670.00	23.61	0.00	0.00	0.00	0.00	0.00	0.00	0.00	
110.00	663.00	387.00	0.00	2663.00	280773.00	1.00	48.04	-1.76	3360.00	280773.00	105.43	37.00	230.00	29.07	845.30	6.31	0.00	105.43	0.00	0.00	0.00	1.05	2663.00	23.55	0.01	0.00	0.00	0.00	0.00	0.00	0.00	
111.00	975.00	130.00	0.00	2640.00	243204.00	1.00	46.02	0.09	3864.00	243204.00	92.12	35.00	255.00	40.51	1641.06	6.39	0.00	92.12	0.00	0.00	0.00	1.16	2640.00	23.34	0.01	0.00	0.00	0.00	0.00	0.00	0.00	
112.00	1446.00	425.00	0.00	2615.00	262253.00	1.00	42.04	-1.30	3400.00	262253.00	100.29	39.00	255.00	28.58	816.98	7.05	0.00	100.29	0.00	0.00	0.00	1.06	2615.00	23.12	0.00	0.00	0.00	0.00	0.00	0.00	0.00	
113.00	1352.00	350.00	0.00	2611.00	260754.00	1.00	44.83	-1.22	3630.00	260754.00	99.87	35.00	250.00	32.38	1048.59	7.26	0.00	99.87	0.00	0.00	0.00	1.05	2611.00	23.09	0.01	0.00	0.00	0.00	0.00	0.00	0.00	
114.00	848.00	386.00	0.00	2605.00	278052.00	1.00	49.02	0.59	3599.00	278052.00	106.74	39.00	237.00	28.43	808.29	7.43	0.00	106.74	0.00	0.00	0.00	1.05	2605.00	23.03	0.01	0.00	0.00	0.00	0.00	0.00	0.00	
116.00	983.00	452.00	0.00	2575.00	287495.00	1.00	45.92	-2.00	3904.00	287495.00	111.65	40.00	255.00	33.26	1106.49	8.30	0.00	111.65	0.00	0.00	0.00	1.04	2575.00	22.77	0.01	0.00	0.00	0.00	0.00	0.00	0.00	
117.00	1334.00	420.00	0.00	2571.00	123633.00	1.00	44.99	-1.52	3339.00	123633.00	48.09	37.00	72.00	4.24	18.01	1.80	0.00	48.09	0.00	0.00	0.00	1.04	2571.00	22.73	0.01	0.00	0.00	0.00	0.00	0.00	0.00	
118.00	217.00	392.00	0.00	2506.00	215309.00	1.00	42.52	-2.06	3402.00	215309.00	85.92	39.00	220.00	23.54	554.13	5.75	0.00	85.92	0.00	0.00	0.00	1.06	2506.00	22.16	0.00	0.00	0.00	0.00	0.00	0.00	0.00	
119.00	620.00	333.00	0.00	2503.00	255816.00	1.00	44.98	-1.82	3402.00	255816.00	102.20	40.00	242.00	27.43	752.18	7.03	0.00	102.20	0.00	0.00	0.00	1.02	2503.00	22.13	0.01	0.00	0.00	0.00	0.00	0.00	0.00	
120.00	797.00	374.00	0.00	2502.00	247478.00	1.00	45.41	-1.85	3355.00	247478.00	98.91	35.00	223.00	29.58	874.89	6.59	0.00	98.91	0.00	0.00	0.00	1.02	2502.00	22.12	0.01	0.00	0.00	0.00	0.00	0.00	0.00	
121.00	1261.00	321.00	0.00	2497.00	243562.00	1.00	44.22	-1.37	3392.00	243562.00	97.54	40.00	223.00	28.80	829.69	7.11	0.00	97.54	0.00	0.00	0.00	1.02	2497.00	22.08	0.00	0.00	0.00	0.00	0.00	0.00	0.00	
122.00	402.00	367.00	0.00	2463.00	246902.00	1.00	42.62	-1.86	3432.00	246902.00	100.24	39.00	255.00	32.78	1074.30	7.52	0.00	100.24	0.00	0.00	0.00	1.03	2463.00	21.78	0.00	0.00	0.00	0.00	0.00	0.00	0.00	
123.00	104.00	368.00	0.00	2463.00	226482.00	1.00	41.32	-1.99	3315.00	226482.00	91.95	40.00	254.00	26.92	724.63	6.65	0.00	91.95	0.00	0.00	0.00	1.06	2463.00	21.78	0.00	0.00	0.00	0.00	0.00	0.00	0.00	
124.00	689.00	466.00	0.00	2458.00	276728.00	1.00	46.29	-2.21	3080.00	276728.00	112.58	39.00	251.00	32.53	1058.38	7.59	0.00	112.58	0.00	0.00	0.00	1.04	2458.00	21.73	0.01	0.00	0.00	0.00	0.00	0.00	0.00	
125.00	399.00	311.00	0.00	2455.00	234824.00	1.00	44.50	-1.89	3233.00	234824.00	95.65	40.00	242.00	28.78	828.25	7.36	0.00	95.65	0.00	0.00	0.00	1.02	2455.00	21.71	0.00	0.00	0.00	0.00	0.00	0.00	0.00	
126.00	1576.00	332.00	0.00	2425.00	229898.00	1.00	44.83	-1.52	3584.00	229898.00	94.80	38.00	220.00	25.60	655.23	6.61	0.00	94.80	0.00	0.00	0.00	1.01	2425.00	21.44	0.01	0.00	0.00	0.00	0.00	0.00	0.00	
127.00	1403.00	334.00	0.00	2421.00	207771.00	1.00	44.55	-1.01	3024.00	207771.00	85.82	35.00	255.00	31.41	986.84	7.44	0.00	85.82	0.00	0.00	0.00	1.03	2421.00	21.41	0.01	0.00	0.00	0.00	0.00	0.00	0.00	
128.00	319.00	470.00	0.00	2396.00	250827.00	1.00	40.60	0.61	3599.00	250827.00	104.69	40.00	255.00	32.86	1079.61	7.34	0.00	104.69	0.00	0.00	0.00	1.11	2396.00	21.19	0.01	0.00	0.00	0.00	0.00	0.00	0.00	
129.00	748.00	289.00	0.00	2372.00	210483.00	1.00	39.38	-1.88	3450.00	210483.00	88.74	33.00	213.00	26.73	714.30	6.30	0.00	88.74	0.00	0.00	0.00	1.12	2372.00	20.97	0.01	0.00	0.00	0.00	0.00	0.00	0.00	
130.00	1095.00	337.00	0.00	2359.00	232540.00	1.00	42.78	-1.17	3120.00	232540.00	98.58	37.00	250.00	32.03	1025.86	7.70	0.00	98.58	0.00	0.00	0.00	1.02	2359.00	20.86	0.00	0.00	0.00	0.00	0.00	0.00	0.00	
131.00	1035.00	313.00	0.00	2340.00	234340.00	1.00	42.80	-1.56	2940.00	234340.00	100.15	39.00	235.00	31.36	983.68	6.93	0.00	100.15	0.00	0.00	0.00	1.01	2340.00	20.69	0.00	0.00	0.00	0.00	0.00	0.00	0.00	
132.00	1158.00	400.00	0.00	2335.00	243991.00	1.00	41.73	-0.66	3132.00	243991.00	104.49	38.00	252.00	32.29	1042.60	7.83	0.00	104.49	0.00	0.00	0.00	1.04	2335.00	20.65	0.00	0.00	0.00	0.00	0.00	0.00	0.00	
133.00	71.00	474.00	0.00	2332.00	156594.00	1.00	40.32	-1.96	2989.00	156594.00	67.15	37.00	192.00	24.71	610.82	5.11	0.00	67.15	0.00	0.00	0.00	1.05	2332.00	20.62	0.00	0.00	0.00	0.00	0.00	0.00	0.00	
134.00	345.00	408.00	0.00	2288.00	214179.00	1.00	42.19	-2.23	3078.00	214179.00	93.61	40.00	226.00	26.90	723.56	7.23	0.00	93.61	0.00	0.00	0.00	1.02	2288.00	20.23	0.00	0.00	0.00	0.00	0.00	0.00	0.00	
135.00	791.00	602.00	0.00	2288.00	157042.00	1.00	42.07	-1.42	3286.00	157042.00	68.64	40.00	97.00	6.18	38.17	1.71	0.00	68.64	0.00	0.00	0.00	1.03	2288.00	20.23	0.04	0.00	0.00	0.00	0.00	0.00	0.00	
136.00	246.00	295.00	0.00	2285.00	211060.00	1.00	41.84	-1.76	2928.00	211060.00	92.37	37.00	255.00	28.47	810.78	6.62	0.00	92.37	0.00	0.00	0.00	1.03	2285.00	20.20	0.01	0.00	0.00	0.00	0.00	0.00	0.00	
137.00	1313.00	270.00	0.00	2278.00	217255.00	1.00	43.59	-1.01	3078.00	217255.00	95.37	40.00	255.00	32.70	1069.08	7.40	0.00	95.37	0.00	0.00	0.00	1.00	2278.00	20.14	0.00	0.00	0.00	0.00	0.00	0.00	0.00	
138.00	1147.00	159.00	0.00	2272.00	237291.00	1.00	44.50	-1.18	2968.00	237291.00	104.44	37.00	255.00	33.41	1116.31	8.21	0.00	104.44	0.00	0.00	0.00	0.99	2272.00	20.09	0.00	0.00	0.00	0.00	0.00	0.00	0.00	
139.00	563.00	280.00	0.00	2266.00	224261.00	1.00	41.85	-2.11	3068.00	224261.00	98.97	40.00	233.00	24.90	620.02	7.56	0.00	98.97	0.00	0.00	0.00	1.02	2266.00	20.04	0.00	0.00	0.00	0.00	0.00	0.00	0.00	
140.00	716.00	375.00	0.00	2264.00	225738.00	1.00	43.52	-1.62	2784.00	225738.00	99.71	38.00	244.00	29.12	847.89	7.18	0.00	99.71	0.00	0.00	0.00	1.01	2264.00	20.02	0.01	0.00	0.00	0.00	0.00	0.00	0.00	
141.00	583.00	218.00	0.00	2246.00	225349.00	1.00	41.42	-1.96	2958.00	225349.00	100.33	37.00	241.00	27.16	737.50	7.50	0.00	100.33	0.00	0.00	0.00	1.01	2246.00	19.86	0.00	0.00	0.00	0.00	0.00	0.00	0.00	
142.00	1246.00	257.00	0.00	2237.00	218985.00	1.00	42.25	-1.06	2912.00	218985.00	97.89	33.00	234.00	29.54	872.74	7.23	0.00	97.89	0.00	0.00	0.00	1.00	2237.00	19.78	0.00	0.00	0.00	0.00	0.00	0.00	0.00	
143.00	1185.00	328.00	0.00	2237.00	232616.00	1.00	42.53	-1.19	2850.00	232616.00	103.99	39.00	255.00	33.15	1098.90	7.98	0.00	103.99	0.00	0.00	0.00	1.00	2237.00	19.78	0.00	0.00	0.00	0.00	0.00	0.00	0.00	
144.00	1173.00	242.00	0.00	2231.00	209266.00	1.00	43.24	-1.71	2950.00	209266.00	93.80	38.00	211.00	29.89	893.53	7.28	0.00	93.80	0.00	0.00	0.00	0.99	2231.00	19.73	0.00	0.00	0.00	0.00	0.00	0.00	0.00	
145.00	797.00	103.00	0.00	2206.00	227910.00	1.00	40.11	-1.65	3024.00	227910.00	103.31	40.00	255.00	32.36	1047.06	7.96	0.00	103.31	0.00	0.00	0.00	1.00	2206.00	19.51	0.01	0.00	0.00	0.00	0.00	0.00	0.00	
146.00	903.00	741.00	0.00	2199.00	151179.00	1.00	40.35	-0.42	3416.00	151179.00	68.75	41.00	163.00	10.63	112.90	3.73	0.00	68.75	0.00	0.00	0.00	1.04	2199.00	19.44	0.03	0.00	0.00	0.00	0.00	0.00	0.00	
147.00	560.00	107.00	0.00	2197.00	220288.00	1.00	43.13	-1.80	2744.00	220288.00	100.27	36.00	255.00	30.89	953.98	7.82	0.00	100.27	0.00	0.00	0.00	0.99	2197.00	19.43	0.00	0.00	0.00	0.00	0.00	0.00	0.00	
148.00	787.00	707.00	0.00	2197.00	277381.00	1.00	39.16	-2.08	3186.00	277381.00	126.25	35.00	251.00	39.75	1580.21	10.39	0.00	126.25	0.00	0.00	0.00	1.06	2197.00	19.43	0.03	0.00	0.00	0.00	0.00	0.00	0.00	
149.00	195.00	321.00	0.00	2174.00	198523.00	1.00	40.10	-2.16	3016.00	198523.00	91.32	40.00	217.00	20.35	414.02	6.43	0.00	91.32	0.00	0.00	0.00	1.02	2174.00	19.22	0.01	0.00	0.00	0.00	0.00	0.00	0.00	
150.00	1215.00	204.00	0.00	2164.00	220490.00	1.00	40.79	-0.83	2912.00	220490.00	101.89	37.00	238.00	32.55	1059.32	7.93	0.00	101.89	0.00	0.00	0.00	1.01	2164.00	19.13	0.00	0.00	0.00	0.00	0.00	0.00	0.00	
151.00	257.00	462.00	0.00	2160.00	230171.00	1.00	37.83	-0.98	3968.00	230171.00	106.56	40.00	255.00	30.63	938.08	6.51	0.00	106.56	0.00	0.00	0.00	1.15	2160.00	19.10	0.04	0.00	0.00	0.00	0.00	0.00	0.00	
152.00	242.00	498.00	0.00	2119.00	202162.00	1.00	40.59	-1.33	3286.00	202162.00	95.40	39.00	238.00	30.58	935.08	6.40	0.00	95.40	0.00	0.00	0.00	1.01	2119.00	18.74	0.02	0.00	0.00	0.00	0.00	0.00	0.00	
153.00	116.00	307.00	0.00	2116.00	178443.00	1.00	40.15	-2.01	2744.00	178443.00	84.33	39.00	255.00	25.77	663.97	7.07	0.00	84.33	0.00	0.00	0.00	1.03	2116.00	18.71	0.00	0.00	0.00	0.00	0.00	0.00	0.00	
154.00	1247.00	148.00	0.00	2109.00	200067.00	1.00	41.43	-1.01	2703.00	200067.00	94.86	39.00	240.00	26.80	718.31	7.29	0.00	94.86	0.00	0.00	0.00	0.99	2109.00	18.65	0.00	0.00	0.00	0.00	0.00	0.00	0.00	
155.00	763.00	674.00	0.00	2105.00	230147.00	1.00	34.87	-1.63	2967.00	230147.00	109.33	41.00	196.00	24.71	610.76	5.72	0.00	109.33	0.00	0.00	0.00	1.04	2105.00	18.61	0.05	0.00	0.00	0.00	0.00	0.00	0.00	
156.00	1450.00	141.00	0.00	2094.00	191812.00	1.00	38.18	-1.67	2852.00	191812.00	91.60	40.00	255.00	28.94	837.43	7.53	0.00	91.60	0.00	0.00	0.00	0.99	2094.00	18.52	0.00	0.00	0.00	0.00	0.00	0.00	0.00	
157.00	742.00	148.00	0.00	2052.00	198855.00	1.00	40.68	-1.59	2585.00	198855.00	96.91	39.00	238.00	28.86	832.70	7.29	0.00	96.91	0.00	0.00	0.00	0.97	2052.00	18.14	0.00	0.00	0.00	0.00	0.00	0.00	0.00	
158.00	922.00	232.00	0.00	2031.00	215240.00	1.00	32.13	-0.37	3332.00	215240.00	105.98	37.00	220.00	24.60	605.13	6.78	0.00	105.98	0.00	0.00	0.00	1.20	2031.00	17.96	0.04	0.00	0.00	0.00	0.00	0.00	0.00	
159.00	285.00	203.00	0.00	2021.00	176513.00	1.00	39.10	-2.05	2632.00	176513.00	87.34	40.00	224.00	26.16	684.45	7.28	0.00	87.34	0.00	0.00	0.00	1.00	2021.00	17.87	0.00	0.00	0.00	0.00	0.00	0.00	0.00	
160.00	1076.00	165.00	0.00	2018.00	151521.00	1.00	41.25	-1.61	2592.00	151521.00	75.08	39.00	163.00	21.64	468.19	5.80	0.00	75.08	0.00	0.00	0.00	0.96	2018.00	17.84	0.00	0.00	0.00	0.00	0.00	0.00	0.00	
161.00	1357.00	178.00	0.00	1980.00	196032.00	1.00	37.75	-1.39	2610.00	196032.00	99.01	37.00	236.00	30.34	920.66	8.32	0.00	99.01	0.00	0.00	0.00	0.98	1980.00	17.51	0.00	0.00	0.00	0.00	0.00	0.00	0.00	
162.00	1111.00	243.00	0.00	1977.00	191506.00	1.00	36.67	-1.48	2772.00	191506.00	96.87	39.00	255.00	29.38	863.19	8.01	0.00	96.87	0.00	0.00	0.00	0.97	1977.00	17.48	0.00	0.00	0.00	0.00	0.00	0.00	0.00	
163.00	1300.00	179.00	0.00	1944.00	185641.00	1.00	36.42	-1.55	2478.00	185641.00	95.49	36.00	204.00	23.35	545.28	7.25	0.00	95.49	0.00	0.00	0.00	0.98	1944.00	17.19	0.00	0.00	0.00	0.00	0.00	0.00	0.00	
164.00	582.00	151.00	0.00	1931.00	187238.00	1.00	38.87	-1.91	2576.00	187238.00	96.96	35.00	246.00	30.86	952.06	8.13	0.00	96.96	0.00	0.00	0.00	0.97	1931.00	17.07	0.00	0.00	0.00	0.00	0.00	0.00	0.00	
165.00	491.00	178.00	0.00	1930.00	151395.00	1.00	39.05	-1.83	2430.00	151395.00	78.44	34.00	223.00	27.73	768.81	6.86	0.00	78.44	0.00	0.00	0.00	0.96	1930.00	17.07	0.00	0.00	0.00	0.00	0.00	0.00	0.00	
166.00	1031.00	72.00	0.00	1918.00	180815.00	1.00	39.57	-1.40	2484.00	180815.00	94.27	40.00	251.00	29.89	893.17	7.13	0.00	94.27	0.00	0.00	0.00	0.95	1918.00	16.96	0.00	0.00	0.00	0.00	0.00	0.00	0.00	
167.00	906.00	269.00	0.00	1892.00	220564.00	1.00	37.44	-1.05	3120.00	220564.00	116.58	39.00	255.00	36.52	1333.64	9.57	0.00	116.58	0.00	0.00	0.00	0.99	1892.00	16.73	0.02	0.00	0.00	0.00	0.00	0.00	0.00	
168.00	647.00	215.00	0.00	1891.00	176814.00	1.00	36.42	-1.89	2451.00	176814.00	93.50	36.00	255.00	27.99	783.65	8.05	0.00	93.50	0.00	0.00	0.00	0.99	1891.00	16.72	0.00	0.00	0.00	0.00	0.00	0.00	0.00	
169.00	680.00	104.00	0.00	1881.00	193906.00	1.00	38.21	-1.96	2484.00	193906.00	103.09	39.00	253.00	34.51	1190.66	8.47	0.00	103.09	0.00	0.00	0.00	0.96	1881.00	16.63	0.00	0.00	0.00	0.00	0.00	0.00	0.00	
170.00	1766.00	784.00	0.00	1845.00	139761.00	1.00	40.22	-0.70	3953.00	139761.00	75.75	35.00	255.00	28.58	817.00	8.65	0.00	75.75	0.00	0.00	0.00	1.12	1845.00	16.31	0.00	0.00	0.00	0.00	0.00	0.00	0.00	
171.00	871.00	684.00	0.00	1835.00	148474.00	1.00	32.02	-0.44	3102.00	148474.00	80.91	34.00	227.00	27.59	761.01	5.19	0.00	80.91	0.00	0.00	0.00	1.11	1835.00	16.23	0.05	0.00	0.00	0.00	0.00	0.00	0.00	
172.00	800.00	1061.00	0.00	1818.00	202100.00	1.00	30.49	-1.58	2485.00	202100.00	111.17	40.00	237.00	31.33	981.37	9.11	0.00	111.17	0.00	0.00	0.00	1.10	1818.00	16.08	0.00	0.00	0.00	0.00	0.00	0.00	0.00	
173.00	496.00	96.00	0.00	1798.00	175521.00	1.00	37.91	-1.82	2430.00	175521.00	97.62	36.00	255.00	32.21	1037.43	9.06	0.00	97.62	0.00	0.00	0.00	0.97	1798.00	15.90	0.00	0.00	0.00	0.00	0.00	0.00	0.00	
174.00	1233.00	96.00	0.00	1784.00	172027.00	1.00	35.34	-1.54	2436.00	172027.00	96.43	40.00	233.00	28.91	836.07	8.38	0.00	96.43	0.00	0.00	0.00	0.94	1784.00	15.77	0.00	0.00	0.00	0.00	0.00	0.00	0.00	
175.00	437.00	184.00	0.00	1778.00	152494.00	1.00	36.56	-1.82	2322.00	152494.00	85.77	36.00	255.00	28.19	794.49	7.21	0.00	85.77	0.00	0.00	0.00	0.98	1778.00	15.72	0.00	0.00	0.00	0.00	0.00	0.00	0.00	
176.00	738.00	63.00	0.00	1774.00	173419.00	1.00	36.38	-1.77	2322.00	173419.00	97.76	39.00	235.00	30.72	943.83	8.25	0.00	97.76	0.00	0.00	0.00	0.94	1774.00	15.69	0.00	0.00	0.00	0.00	0.00	0.00	0.00	
177.00	901.00	27.00	0.00	1731.00	141118.00	1.00	36.38	-1.37	2279.00	141118.00	81.52	39.00	190.00	22.66	513.26	6.09	0.00	81.52	0.00	0.00	0.00	0.93	1731.00	15.31	0.00	0.00	0.00	0.00	0.00	0.00	0.00	
178.00	1114.00	114.00	0.00	1713.00	154410.00	1.00	35.45	-1.53	2268.00	154410.00	90.14	40.00	184.00	22.08	487.74	7.17	0.00	90.14	0.00	0.00	0.00	0.94	1713.00	15.15	0.00	0.00	0.00	0.00	0.00	0.00	0.00	
179.00	619.00	99.00	0.00	1671.00	152461.00	1.00	34.90	-1.88	2184.00	152461.00	91.24	35.00	255.00	24.42	596.58	7.30	0.00	91.24	0.00	0.00	0.00	0.95	1671.00	14.78	0.00	0.00	0.00	0.00	0.00	0.00	0.00	
180.00	425.00	114.00	0.00	1658.00	138567.00	1.00	36.13	-1.75	2288.00	138567.00	83.57	35.00	255.00	26.21	686.76	7.49	0.00	83.57	0.00	0.00	0.00	0.98	1658.00	14.66	0.00	0.00	0.00	0.00	0.00	0.00	0.00	
181.00	928.00	150.00	0.00	1635.00	159547.00	1.00	37.10	-1.63	2244.00	159547.00	97.58	38.00	255.00	28.50	812.13	7.74	0.00	97.58	0.00	0.00	0.00	0.92	1635.00	14.46	0.01	0.00	0.00	0.00	0.00	0.00	0.00	
182.00	192.00	1063.00	0.00	1598.00	143809.00	1.00	26.67	-1.62	2280.00	143809.00	89.99	40.00	154.00	18.78	352.57	5.67	0.00	89.99	0.00	0.00	0.00	1.13	1598.00	14.13	0.00	0.00	0.00	0.00	0.00	0.00	0.00	
183.00	845.00	111.00	0.00	1570.00	156406.00	1.00	36.35	-2.31	2200.00	156406.00	99.62	40.00	245.00	29.12	847.92	7.64	0.00	99.62	0.00	0.00	0.00	0.94	1570.00	13.88	0.01	0.00	0.00	0.00	0.00	0.00	0.00	
184.00	413.00	242.00	0.00	1555.00	74725.00	1.00	36.73	-2.09	2236.00	74725.00	48.05	34.00	127.00	9.29	86.26	3.64	0.00	48.05	0.00	0.00	0.00	0.97	1555.00	13.75	0.00	0.00	0.00	0.00	0.00	0.00	0.00	
185.00	1142.00	34.00	0.00	1546.00	141903.00	1.00	34.50	-1.51	2279.00	141903.00	91.79	39.00	255.00	32.05	1027.38	8.90	0.00	91.79	0.00	0.00	0.00	0.90	1546.00	13.67	0.00	0.00	0.00	0.00	0.00	0.00	0.00	
186.00	956.00	235.00	0.00	1517.00	170912.00	1.00	34.59	-0.39	2009.00	170912.00	112.66	35.00	255.00	33.77	1140.31	7.48	0.00	112.66	0.00	0.00	0.00	0.92	1517.00	13.41	0.03	0.00	0.00	0.00	0.00	0.00	0.00	
187.00	1082.00	14.00	0.00	1507.00	139389.00	1.00	31.55	-1.61	1890.00	139389.00	92.49	40.00	240.00	30.12	907.30	6.92	0.00	92.49	0.00	0.00	0.00	0.97	1507.00	13.33	0.00	0.00	0.00	0.00	0.00	0.00	0.00	
188.00	894.00	673.00	0.00	1352.00	141323.00	1.00	25.01	-0.42	2688.00	141323.00	104.53	35.00	250.00	42.10	1772.59	9.39	0.00	104.53	0.00	0.00	0.00	1.19	1352.00	11.95	0.05	0.00	0.00	0.00	0.00	0.00	0.00	
189.00	270.00	435.00	0.00	1267.00	126190.00	1.00	25.37	-1.25	1782.00	126190.00	99.60	37.00	176.00	21.77	474.11	5.67	0.00	99.60	0.00	0.00	0.00	0.99	1267.00	11.20	0.03	0.00	0.00	0.00	0.00	0.00	0.00	
190.00	582.00	51.00	0.00	1083.00	70410.00	1.00	31.37	0.01	1444.00	70410.00	65.01	39.00	132.00	15.43	237.99	5.29	0.00	65.01	0.00	0.00	0.00	0.90	1083.00	9.58	0.00	0.00	0.00	0.00	0.00	0.00	0.00	
191.00	705.00	11.00	0.00	957.00	66879.00	1.00	26.76	-1.51	1410.00	66879.00	69.88	35.00	255.00	31.23	975.50	7.48	0.00	69.88	0.00	0.00	0.00	0.93	957.00	8.46	0.00	0.00	0.00	0.00	0.00	0.00	0.00	
192.00	70.00	579.00	0.00	813.00	33027.00	1.00	27.48	-0.38	1122.00	33027.00	40.62	37.00	47.00	1.52	2.30	0.64	0.00	40.62	0.00	0.00	0.00	0.83	813.00	7.19	0.02	0.00	0.00	0.00	0.00	0.00	0.00	
193.00	51.00	533.00	0.00	719.00	28833.00	1.00	17.75	-1.72	860.00	28833.00	40.10	37.00	42.00	0.96	0.92	0.56	0.00	40.10	0.00	0.00	0.00	0.90	719.00	6.36	0.00	0.00	0.00	0.00	0.00	0.00	0.00	
196.00	796.00	336.00	0.00	484.00	21444.00	1.00	12.24	-1.37	782.00	21444.00	44.31	38.00	54.00	2.71	7.36	1.58	0.00	44.31	0.00	0.00	0.00	0.95	484.00	4.28	0.05	0.00	0.00	0.00	0.00	0.00	0.00	
197.00	1618.00	601.00	0.00	430.00	39550.00	1.00	13.69	-1.16	640.00	39550.00	91.98	44.00	117.00	12.86	165.43	4.66	0.00	91.98	0.00	0.00	0.00	0.82	430.00	3.80	0.10	0.00	0.00	0.00	0.00	0.00	0.00	
198.00	294.00	465.00	0.00	410.00	37803.00	1.00	12.28	0.36	648.00	37803.00	92.20	35.00	127.00	20.64	425.86	7.49	0.00	92.20	0.00	0.00	0.00	0.88	410.00	3.63	0.09	0.00	0.00	0.00	0.00	0.00	0.00	
199.00	424.00	504.00	0.00	385.00	18877.00	1.00	12.85	-0.29	576.00	18877.00	49.03	39.00	53.00	3.05	9.32	1.84	0.00	49.03	0.00	0.00	0.00	0.79	385.00	3.40	0.05	0.00	0.00	0.00	0.00	0.00	0.00	
201.00	520.00	455.00	0.00	365.00	20038.00	1.00	10.29	-2.25	832.00	20038.00	54.90	39.00	63.00	5.01	25.10	3.08	0.00	54.90	0.00	0.00	0.00	1.03	365.00	3.23	0.07	0.00	0.00	0.00	0.00	0.00	0.00	
202.00	781.00	313.00	0.00	335.00	15158.00	1.00	12.94	0.48	504.00	15158.00	45.25	37.00	59.00	4.00	16.02	2.20	0.00	45.25	0.00	0.00	0.00	0.77	335.00	2.96	0.06	0.00	0.00	0.00	0.00	0.00	0.00	
203.00	65.00	560.00	0.00	334.00	13679.00	1.00	12.50	-1.45	450.00	13679.00	40.96	39.00	44.00	1.10	1.21	0.66	0.00	40.96	0.00	0.00	0.00	0.74	334.00	2.95	0.04	0.00	0.00	0.00	0.00	0.00	0.00	
205.00	486.00	290.00	0.00	323.00	16000.00	1.00	10.25	-1.61	507.00	16000.00	49.54	39.00	72.00	8.31	69.08	3.65	0.00	49.54	0.00	0.00	0.00	0.81	323.00	2.86	0.05	0.00	0.00	0.00	0.00	0.00	0.00	
206.00	1047.00	829.00	0.00	232.00	11856.00	0.99	7.10	0.04	360.00	11856.00	51.10	37.00	63.00	5.43	29.50	4.52	0.00	51.10	0.00	0.00	0.00	0.87	232.00	2.05	0.07	0.00	0.00	0.00	0.00	0.00	0.00	
207.00	734.00	189.00	0.00	163.00	7477.00	0.99	6.47	-1.47	224.00	7477.00	45.87	40.00	54.00	2.86	8.19	2.55	0.00	45.87	0.00	0.00	0.00	0.75	163.00	1.44	0.07	0.00	0.00	0.00	0.00	0.00	0.00	
210.00	275.00	1073.00	0.00	126.00	6899.00	0.97	3.97	-1.58	132.00	6899.00	54.75	40.00	68.00	5.75	33.02	5.89	0.00	54.75	0.00	0.00	0.00	0.85	126.00	1.11	0.00	0.00	0.00	0.00	0.00	0.00	0.00	
211.00	1343.00	445.00	0.00	118.00	5732.00	0.99	6.74	-1.76	160.00	5732.00	48.58	40.00	55.00	3.69	13.61	2.71	0.00	48.58	0.00	0.00	0.00	0.61	118.00	1.04	0.09	0.00	0.00	0.00	0.00	0.00	0.00	
212.00	1732.00	763.00	0.00	117.00	5395.00	1.00	10.30	-0.16	132.00	5395.00	46.11	40.00	54.00	3.88	15.03	2.90	0.00	46.11	0.00	0.00	0.00	0.49	117.00	1.03	0.00	0.00	0.00	0.00	0.00	0.00	0.00	
213.00	993.00	91.00	0.00	102.00	4526.00	0.99	7.53	-0.82	156.00	4526.00	44.37	39.00	51.00	3.19	10.16	2.32	0.00	44.37	0.00	0.00	0.00	0.54	102.00	0.90	0.06	0.00	0.00	0.00	0.00	0.00	0.00	
214.00	1501.00	489.00	0.00	95.00	6149.00	0.99	6.16	-0.72	192.00	6149.00	64.73	40.00	88.00	12.22	149.39	8.47	0.00	64.73	0.00	0.00	0.00	0.67	95.00	0.84	0.11	0.00	0.00	0.00	0.00	0.00	0.00	
216.00	48.00	509.00	0.00	86.00	3559.00	0.98	4.67	-1.55	95.00	3559.00	41.38	39.00	43.00	0.92	0.85	1.51	0.00	41.38	0.00	0.00	0.00	0.62	86.00	0.76	0.00	0.00	0.00	0.00	0.00	0.00	0.00	
