ID	centroid_x	centroid_y	centroid_z	volume	integrated_intensity	eccentricity	elongation	orientation	bounding_box_volume	sum	mean	minimum	maximum	sigma	variance	surface_gradient	interior_gradient	surface_intensity	interior_intensity	intensity_ratio	convexity	radius_variation	surface_area	shape	shared_boundary	t_energy	t_entropy	inverse_diff_moment	inertia	cluster_shade	cluster_prominence	
1.00	628.00	554.00	0.00	5841.00	637406.00	1.00	61.07	-0.44	8840.00	637406.00	109.13	37.00	252.00	28.76	826.85	7.10	0.00	109.13	0.00	0.00	0.00	1.36	5841.00	51.65	0.00	0.00	0.00	0.00	0.00	0.00	0.00	
2.00	124.00	661.00	0.00	5741.00	527647.00	1.00	62.43	-0.99	9191.00	527647.00	91.91	38.00	224.00	25.66	658.38	5.89	0.00	91.91	0.00	0.00	0.00	1.33	5741.00	50.76	0.00	0.00	0.00	0.00	0.00	0.00	0.00	
3.00	57.00	560.00	0.00	5403.00	460757.00	1.00	60.33	-0.81	8370.00	460757.00	85.28	36.00	233.00	25.47	648.53	5.23	0.00	85.28	0.00	0.00	0.00	1.35	5403.00	47.77	0.00	0.00	0.00	0.00	0.00	0.00	0.00	
4.00	756.00	663.00	0.00	5160.00	608677.00	1.00	47.64	0.17	8778.00	608677.00	117.96	33.00	253.00	25.21	635.73	6.13	0.00	117.96	0.00	0.00	0.00	1.48	5160.00	45.63	0.03	0.00	0.00	0.00	0.00	0.00	0.00	
5.00	335.00	954.00	0.00	5095.00	492503.00	1.00	67.79	0.66	6804.00	492503.00	96.66	37.00	255.00	28.03	785.83	6.00	0.00	96.66	0.00	0.00	0.00	1.23	5095.00	45.05	0.01	0.00	0.00	0.00	0.00	0.00	0.00	
6.00	488.00	1011.00	0.00	4975.00	500119.00	1.00	63.86	0.58	6966.00	500119.00	100.53	37.00	251.00	25.44	647.08	6.02	0.00	100.53	0.00	0.00	0.00	1.21	4975.00	43.99	0.00	0.00	0.00	0.00	0.00	0.00	0.00	
7.00	504.00	420.00	0.00	4919.00	382832.00	1.00	53.86	0.16	6500.00	382832.00	77.83	37.00	242.00	27.40	750.89	4.65	0.00	77.83	0.00	0.00	0.00	1.37	4919.00	43.49	0.00	0.00	0.00	0.00	0.00	0.00	0.00	
8.00	1003.00	970.00	0.00	4825.00	560135.00	1.00	65.20	-0.27	6000.00	560135.00	116.09	37.00	255.00	37.64	1416.54	9.60	0.00	116.09	0.00	0.00	0.00	1.20	4825.00	42.66	0.00	0.00	0.00	0.00	0.00	0.00	0.00	
9.00	666.00	460.00	0.00	4820.00	515262.00	1.00	52.36	-1.26	7171.00	515262.00	106.90	35.00	255.00	31.36	983.46	7.19	0.00	106.90	0.00	0.00	0.00	1.31	4820.00	42.62	0.00	0.00	0.00	0.00	0.00	0.00	0.00	
10.00	1195.00	741.00	0.00	4814.00	552433.00	1.00	66.18	0.13	7680.00	552433.00	114.76	35.00	255.00	32.34	1046.19	8.35	0.00	114.76	0.00	0.00	0.00	1.28	4814.00	42.57	0.01	0.00	0.00	0.00	0.00	0.00	0.00	
11.00	969.00	314.00	0.00	4776.00	512378.00	1.00	54.53	0.45	6840.00	512378.00	107.28	36.00	232.00	25.75	662.90	6.74	0.00	107.28	0.00	0.00	0.00	1.32	4776.00	42.23	0.01	0.00	0.00	0.00	0.00	0.00	0.00	
12.00	1460.00	852.00	0.00	4727.00	479499.00	1.00	62.09	-0.95	6478.00	479499.00	101.44	38.00	234.00	26.85	721.00	6.77	0.00	101.44	0.00	0.00	0.00	1.20	4727.00	41.80	0.00	0.00	0.00	0.00	0.00	0.00	0.00	
13.00	116.00	1036.00	0.00	4685.00	407077.00	1.00	57.26	0.71	6240.00	407077.00	86.89	34.00	242.00	25.91	671.26	5.51	0.00	86.89	0.00	0.00	0.00	1.26	4685.00	41.43	0.00	0.00	0.00	0.00	0.00	0.00	0.00	
14.00	843.00	953.00	0.00	4655.00	533083.00	1.00	63.26	0.21	5760.00	533083.00	114.52	37.00	255.00	31.93	1019.27	8.64	0.00	114.52	0.00	0.00	0.00	1.20	4655.00	41.16	0.00	0.00	0.00	0.00	0.00	0.00	0.00	
15.00	952.00	911.00	0.00	4591.00	555902.00	1.00	64.41	-0.10	5621.00	555902.00	121.09	39.00	255.00	39.06	1525.52	9.50	0.00	121.09	0.00	0.00	0.00	1.18	4591.00	40.59	0.01	0.00	0.00	0.00	0.00	0.00	0.00	
16.00	1569.00	838.00	0.00	4555.00	437150.00	1.00	59.74	-0.85	6241.00	437150.00	95.97	36.00	244.00	27.39	750.37	7.01	0.00	95.97	0.00	0.00	0.00	1.20	4555.00	40.28	0.00	0.00	0.00	0.00	0.00	0.00	0.00	
17.00	388.00	997.00	0.00	4547.00	447349.00	1.00	58.42	0.61	6552.00	447349.00	98.38	36.00	255.00	30.78	947.24	6.88	0.00	98.38	0.00	0.00	0.00	1.22	4547.00	40.21	0.01	0.00	0.00	0.00	0.00	0.00	0.00	
18.00	618.00	360.00	0.00	4531.00	465281.00	1.00	50.95	0.33	7296.00	465281.00	102.69	37.00	252.00	25.46	648.25	6.56	0.00	102.69	0.00	0.00	0.00	1.35	4531.00	40.06	0.01	0.00	0.00	0.00	0.00	0.00	0.00	
19.00	775.00	951.00	0.00	4520.00	498957.00	1.00	62.17	0.27	5600.00	498957.00	110.39	39.00	255.00	29.89	893.15	8.36	0.00	110.39	0.00	0.00	0.00	1.18	4520.00	39.97	0.00	0.00	0.00	0.00	0.00	0.00	0.00	
20.00	1684.00	903.00	0.00	4516.00	433261.00	1.00	58.00	-0.75	6083.00	433261.00	95.94	40.00	255.00	26.69	712.34	5.86	0.00	95.94	0.00	0.00	0.00	1.22	4516.00	39.93	0.00	0.00	0.00	0.00	0.00	0.00	0.00	
21.00	722.00	874.00	0.00	4434.00	510461.00	1.00	62.86	0.70	6006.00	510461.00	115.12	40.00	255.00	34.70	1204.12	9.86	0.00	115.12	0.00	0.00	0.00	1.17	4434.00	39.21	0.00	0.00	0.00	0.00	0.00	0.00	0.00	
22.00	1686.00	809.00	0.00	4414.00	411083.00	1.00	57.08	-0.94	5920.00	411083.00	93.13	40.00	244.00	22.66	513.48	6.16	0.00	93.13	0.00	0.00	0.00	1.21	4414.00	39.03	0.00	0.00	0.00	0.00	0.00	0.00	0.00	
23.00	576.00	1012.00	0.00	4408.00	453186.00	1.00	62.50	0.46	6150.00	453186.00	102.81	36.00	249.00	30.60	936.29	6.67	0.00	102.81	0.00	0.00	0.00	1.18	4408.00	38.98	0.01	0.00	0.00	0.00	0.00	0.00	0.00	
24.00	726.00	302.00	0.00	4367.00	350442.00	1.00	45.93	0.74	8277.00	350442.00	80.25	33.00	255.00	35.77	1279.32	4.85	0.00	80.25	0.00	0.00	0.00	1.53	4367.00	38.61	0.01	0.00	0.00	0.00	0.00	0.00	0.00	
25.00	1009.00	830.00	0.00	4333.00	520164.00	1.00	63.38	-0.16	5694.00	520164.00	120.05	32.00	255.00	41.55	1726.06	9.42	0.00	120.05	0.00	0.00	0.00	1.17	4333.00	38.31	0.01	0.00	0.00	0.00	0.00	0.00	0.00	
26.00	181.00	874.00	0.00	4306.00	394607.00	1.00	55.18	-2.17	5740.00	394607.00	91.64	37.00	255.00	29.76	885.49	5.95	0.00	91.64	0.00	0.00	0.00	1.21	4306.00	38.07	0.00	0.00	0.00	0.00	0.00	0.00	0.00	
27.00	185.00	983.00	0.00	4267.00	382796.00	1.00	53.81	0.71	6000.00	382796.00	89.71	38.00	255.00	27.35	747.88	5.49	0.00	89.71	0.00	0.00	0.00	1.24	4267.00	37.73	0.00	0.00	0.00	0.00	0.00	0.00	0.00	
28.00	471.00	506.00	0.00	4208.00	353282.00	1.00	52.97	-0.90	6708.00	353282.00	83.95	37.00	249.00	30.65	939.47	5.20	0.00	83.95	0.00	0.00	0.00	1.33	4208.00	37.21	0.01	0.00	0.00	0.00	0.00	0.00	0.00	
29.00	1380.00	767.00	0.00	4161.00	446481.00	1.00	59.55	-0.84	5256.00	446481.00	107.30	37.00	255.00	31.66	1002.33	8.00	0.00	107.30	0.00	0.00	0.00	1.16	4161.00	36.79	0.00	0.00	0.00	0.00	0.00	0.00	0.00	
30.00	1076.00	805.00	0.00	4128.00	461749.00	1.00	61.61	-0.90	5550.00	461749.00	111.86	33.00	243.00	31.97	1022.34	8.56	0.00	111.86	0.00	0.00	0.00	1.15	4128.00	36.50	0.00	0.00	0.00	0.00	0.00	0.00	0.00	
31.00	899.00	864.00	0.00	4127.00	485442.00	1.00	61.76	-0.04	5920.00	485442.00	117.63	35.00	255.00	31.71	1005.51	9.12	0.00	117.63	0.00	0.00	0.00	1.13	4127.00	36.49	0.01	0.00	0.00	0.00	0.00	0.00	0.00	
32.00	1732.00	689.00	0.00	4043.00	399167.00	1.00	54.38	-1.00	5396.00	399167.00	98.73	39.00	255.00	31.85	1014.68	6.68	0.00	98.73	0.00	0.00	0.00	1.19	4043.00	35.75	0.00	0.00	0.00	0.00	0.00	0.00	0.00	
33.00	940.00	817.00	0.00	4018.00	500719.00	1.00	57.74	-0.80	5700.00	500719.00	124.62	39.00	248.00	33.13	1097.37	8.71	0.00	124.62	0.00	0.00	0.00	1.14	4018.00	35.53	0.01	0.00	0.00	0.00	0.00	0.00	0.00	
34.00	480.00	863.00	0.00	4005.00	389259.00	1.00	55.74	0.66	5320.00	389259.00	97.19	34.00	252.00	30.67	940.41	6.24	0.00	97.19	0.00	0.00	0.00	1.17	4005.00	35.41	0.00	0.00	0.00	0.00	0.00	0.00	0.00	
35.00	1472.00	763.00	0.00	3994.00	399994.00	1.00	55.92	-0.90	5624.00	399994.00	100.15	40.00	251.00	30.45	927.49	6.75	0.00	100.15	0.00	0.00	0.00	1.16	3994.00	35.32	0.00	0.00	0.00	0.00	0.00	0.00	0.00	
36.00	954.00	691.00	0.00	3958.00	517648.00	1.00	59.37	-1.12	5688.00	517648.00	130.79	35.00	255.00	34.06	1160.12	9.04	0.00	130.79	0.00	0.00	0.00	1.14	3958.00	35.00	0.02	0.00	0.00	0.00	0.00	0.00	0.00	
37.00	842.00	725.00	0.00	3924.00	442491.00	1.00	59.44	-2.28	5621.00	442491.00	112.77	36.00	255.00	33.33	1111.03	8.53	0.00	112.77	0.00	0.00	0.00	1.14	3924.00	34.70	0.01	0.00	0.00	0.00	0.00	0.00	0.00	
38.00	1075.00	702.00	0.00	3916.00	459459.00	1.00	59.81	-1.13	5184.00	459459.00	117.33	36.00	255.00	32.94	1085.10	9.00	0.00	117.33	0.00	0.00	0.00	1.13	3916.00	34.63	0.00	0.00	0.00	0.00	0.00	0.00	0.00	
39.00	48.00	769.00	0.00	3888.00	346030.00	1.00	53.72	-2.14	5106.00	346030.00	89.00	38.00	247.00	28.87	833.45	6.05	0.00	89.00	0.00	0.00	0.00	1.17	3888.00	34.38	0.00	0.00	0.00	0.00	0.00	0.00	0.00	
40.00	847.00	804.00	0.00	3875.00	405722.00	1.00	59.39	0.31	5110.00	405722.00	104.70	36.00	255.00	32.23	1038.71	8.38	0.00	104.70	0.00	0.00	0.00	1.13	3875.00	34.26	0.00	0.00	0.00	0.00	0.00	0.00	0.00	
42.00	1632.00	568.00	0.00	3763.00	362973.00	1.00	53.87	-1.16	5304.00	362973.00	96.46	37.00	255.00	27.32	746.30	6.37	0.00	96.46	0.00	0.00	0.00	1.14	3763.00	33.27	0.01	0.00	0.00	0.00	0.00	0.00	0.00	
43.00	823.00	651.00	0.00	3762.00	464965.00	1.00	54.95	-2.12	4896.00	464965.00	123.60	33.00	255.00	34.28	1174.86	9.64	0.00	123.60	0.00	0.00	0.00	1.16	3762.00	33.26	0.02	0.00	0.00	0.00	0.00	0.00	0.00	
44.00	913.00	733.00	0.00	3738.00	460194.00	1.00	55.38	-0.87	5624.00	460194.00	123.11	38.00	255.00	34.04	1158.82	8.35	0.00	123.11	0.00	0.00	0.00	1.13	3738.00	33.05	0.02	0.00	0.00	0.00	0.00	0.00	0.00	
45.00	502.00	242.00	0.00	3695.00	372310.00	1.00	44.07	-1.81	5073.00	372310.00	100.76	40.00	235.00	24.88	619.02	6.63	0.00	100.76	0.00	0.00	0.00	1.27	3695.00	32.67	0.00	0.00	0.00	0.00	0.00	0.00	0.00	
46.00	1615.00	736.00	0.00	3682.00	338415.00	1.00	52.69	-0.76	4830.00	338415.00	91.91	39.00	255.00	26.97	727.36	6.08	0.00	91.91	0.00	0.00	0.00	1.15	3682.00	32.56	0.00	0.00	0.00	0.00	0.00	0.00	0.00	
47.00	326.00	846.00	0.00	3656.00	217655.00	1.00	50.64	-2.29	5110.00	217655.00	59.53	39.00	149.00	14.47	209.37	2.92	0.00	59.53	0.00	0.00	0.00	1.18	3656.00	32.33	0.00	0.00	0.00	0.00	0.00	0.00	0.00	
48.00	972.00	114.00	0.00	3613.00	371983.00	1.00	48.86	-0.20	5376.00	371983.00	102.96	34.00	251.00	31.09	966.79	7.48	0.00	102.96	0.00	0.00	0.00	1.22	3613.00	31.95	0.01	0.00	0.00	0.00	0.00	0.00	0.00	
49.00	387.00	517.00	0.00	3552.00	347979.00	1.00	50.36	-1.99	5312.00	347979.00	97.97	36.00	255.00	33.74	1138.29	6.61	0.00	97.97	0.00	0.00	0.00	1.17	3552.00	31.41	0.01	0.00	0.00	0.00	0.00	0.00	0.00	
50.00	1314.00	708.00	0.00	3540.00	350306.00	1.00	54.21	-0.78	4690.00	350306.00	98.96	34.00	241.00	28.61	818.52	7.68	0.00	98.96	0.00	0.00	0.00	1.12	3540.00	31.30	0.00	0.00	0.00	0.00	0.00	0.00	0.00	
51.00	1284.00	566.00	0.00	3537.00	379549.00	1.00	54.92	-1.24	4686.00	379549.00	107.31	39.00	255.00	32.74	1071.70	7.66	0.00	107.31	0.00	0.00	0.00	1.11	3537.00	31.27	0.00	0.00	0.00	0.00	0.00	0.00	0.00	
52.00	266.00	754.00	0.00	3503.00	335730.00	1.00	50.62	0.74	4899.00	335730.00	95.84	39.00	255.00	30.78	947.30	6.89	0.00	95.84	0.00	0.00	0.00	1.15	3503.00	30.97	0.00	0.00	0.00	0.00	0.00	0.00	0.00	
53.00	704.00	535.00	0.00	3502.00	372551.00	1.00	57.23	-1.39	4554.00	372551.00	106.38	38.00	231.00	30.60	936.42	7.39	0.00	106.38	0.00	0.00	0.00	1.12	3502.00	30.97	0.01	0.00	0.00	0.00	0.00	0.00	0.00	
54.00	848.00	572.00	0.00	3500.00	402162.00	1.00	56.34	-1.23	4480.00	402162.00	114.90	36.00	255.00	32.71	1069.78	8.01	0.00	114.90	0.00	0.00	0.00	1.12	3500.00	30.95	0.01	0.00	0.00	0.00	0.00	0.00	0.00	
55.00	1107.00	627.00	0.00	3485.00	393922.00	1.00	56.28	-1.25	4420.00	393922.00	113.03	37.00	255.00	34.76	1208.51	10.25	0.00	113.03	0.00	0.00	0.00	1.10	3485.00	30.82	0.00	0.00	0.00	0.00	0.00	0.00	0.00	
56.00	514.00	320.00	0.00	3477.00	289987.00	1.00	42.89	-0.98	6860.00	289987.00	83.40	32.00	242.00	34.28	1174.99	5.51	0.00	83.40	0.00	0.00	0.00	1.42	3477.00	30.74	0.02	0.00	0.00	0.00	0.00	0.00	0.00	
57.00	631.00	679.00	0.00	3453.00	353491.00	1.00	52.27	-2.27	4488.00	353491.00	102.37	35.00	255.00	28.59	817.38	6.94	0.00	102.37	0.00	0.00	0.00	1.12	3453.00	30.53	0.00	0.00	0.00	0.00	0.00	0.00	0.00	
58.00	1438.00	636.00	0.00	3442.00	340507.00	1.00	53.57	-0.91	4422.00	340507.00	98.93	40.00	244.00	31.39	985.59	6.85	0.00	98.93	0.00	0.00	0.00	1.11	3442.00	30.43	0.00	0.00	0.00	0.00	0.00	0.00	0.00	
59.00	658.00	737.00	0.00	3425.00	370216.00	1.00	53.57	0.16	4331.00	370216.00	108.09	34.00	255.00	30.26	915.95	6.97	0.00	108.09	0.00	0.00	0.00	1.12	3425.00	30.28	0.01	0.00	0.00	0.00	0.00	0.00	0.00	
60.00	1379.00	686.00	0.00	3406.00	341731.00	1.00	51.95	-0.92	4347.00	341731.00	100.33	40.00	255.00	31.87	1015.48	7.35	0.00	100.33	0.00	0.00	0.00	1.12	3406.00	30.12	0.00	0.00	0.00	0.00	0.00	0.00	0.00	
61.00	588.00	745.00	0.00	3399.00	348945.00	1.00	51.69	0.54	4485.00	348945.00	102.66	39.00	244.00	31.16	970.97	6.89	0.00	102.66	0.00	0.00	0.00	1.11	3399.00	30.05	0.00	0.00	0.00	0.00	0.00	0.00	0.00	
62.00	799.00	205.00	0.00	3394.00	345899.00	1.00	40.62	-1.72	4992.00	345899.00	101.91	40.00	243.00	26.43	698.32	7.22	0.00	101.91	0.00	0.00	0.00	1.30	3394.00	30.01	0.01	0.00	0.00	0.00	0.00	0.00	0.00	
63.00	788.00	449.00	0.00	3393.00	383499.00	1.00	53.59	-1.67	4725.00	383499.00	113.03	37.00	242.00	28.04	786.22	8.50	0.00	113.03	0.00	0.00	0.00	1.10	3393.00	30.00	0.01	0.00	0.00	0.00	0.00	0.00	0.00	
64.00	423.00	584.00	0.00	3370.00	293661.00	1.00	52.11	-2.19	4347.00	293661.00	87.14	40.00	232.00	22.65	513.12	5.65	0.00	87.14	0.00	0.00	0.00	1.11	3370.00	29.80	0.00	0.00	0.00	0.00	0.00	0.00	0.00	
65.00	440.00	783.00	0.00	3351.00	332445.00	1.00	51.11	0.76	4556.00	332445.00	99.21	37.00	255.00	34.49	1189.47	7.07	0.00	99.21	0.00	0.00	0.00	1.12	3351.00	29.63	0.01	0.00	0.00	0.00	0.00	0.00	0.00	
66.00	914.00	579.00	0.00	3338.00	368218.00	1.00	54.46	-1.72	4416.00	368218.00	110.31	37.00	255.00	32.35	1046.25	7.35	0.00	110.31	0.00	0.00	0.00	1.09	3338.00	29.52	0.01	0.00	0.00	0.00	0.00	0.00	0.00	
67.00	1516.00	651.00	0.00	3332.00	314554.00	1.00	51.58	-0.76	4224.00	314554.00	94.40	33.00	217.00	24.97	623.48	6.33	0.00	94.40	0.00	0.00	0.00	1.12	3332.00	29.46	0.00	0.00	0.00	0.00	0.00	0.00	0.00	
68.00	585.00	629.00	0.00	3331.00	324226.00	1.00	54.46	-2.25	4290.00	324226.00	97.34	38.00	238.00	27.83	774.39	7.50	0.00	97.34	0.00	0.00	0.00	1.09	3331.00	29.45	0.00	0.00	0.00	0.00	0.00	0.00	0.00	
69.00	310.00	696.00	0.00	3327.00	321237.00	1.00	50.34	0.69	4347.00	321237.00	96.55	38.00	220.00	22.81	520.07	6.11	0.00	96.55	0.00	0.00	0.00	1.12	3327.00	29.42	0.00	0.00	0.00	0.00	0.00	0.00	0.00	
70.00	500.00	754.00	0.00	3307.00	326463.00	1.00	50.19	0.74	4624.00	326463.00	98.72	40.00	237.00	26.07	679.68	6.51	0.00	98.72	0.00	0.00	0.00	1.13	3307.00	29.24	0.01	0.00	0.00	0.00	0.00	0.00	0.00	
71.00	1167.00	567.00	0.00	3279.00	322124.00	1.00	54.66	-1.16	4224.00	322124.00	98.24	39.00	255.00	38.78	1503.88	8.25	0.00	98.24	0.00	0.00	0.00	1.08	3279.00	28.99	0.00	0.00	0.00	0.00	0.00	0.00	0.00	
72.00	266.00	626.00	0.00	3278.00	319770.00	1.00	50.68	-2.25	4221.00	319770.00	97.55	37.00	250.00	29.83	889.91	6.99	0.00	97.55	0.00	0.00	0.00	1.11	3278.00	28.98	0.00	0.00	0.00	0.00	0.00	0.00	0.00	
73.00	1011.00	710.00	0.00	3261.00	333684.00	1.00	51.74	0.40	4340.00	333684.00	102.33	37.00	233.00	27.70	767.32	6.44	0.00	102.33	0.00	0.00	0.00	1.12	3261.00	28.83	0.01	0.00	0.00	0.00	0.00	0.00	0.00	
74.00	731.00	589.00	0.00	3258.00	344691.00	1.00	52.25	-1.99	4899.00	344691.00	105.80	38.00	246.00	30.03	901.81	6.72	0.00	105.80	0.00	0.00	0.00	1.08	3258.00	28.81	0.02	0.00	0.00	0.00	0.00	0.00	0.00	
75.00	1052.00	542.00	0.00	3244.00	366840.00	1.00	53.77	-1.23	4030.00	366840.00	113.08	35.00	251.00	30.97	959.02	8.72	0.00	113.08	0.00	0.00	0.00	1.09	3244.00	28.68	0.01	0.00	0.00	0.00	0.00	0.00	0.00	
76.00	714.00	732.00	0.00	3244.00	387394.00	1.00	52.92	-0.52	4355.00	387394.00	119.42	38.00	255.00	29.60	876.37	6.90	0.00	119.42	0.00	0.00	0.00	1.10	3244.00	28.68	0.02	0.00	0.00	0.00	0.00	0.00	0.00	
77.00	929.00	632.00	0.00	3243.00	386768.00	1.00	52.43	-1.73	4355.00	386768.00	119.26	34.00	255.00	32.71	1070.04	8.57	0.00	119.26	0.00	0.00	0.00	1.11	3243.00	28.68	0.01	0.00	0.00	0.00	0.00	0.00	0.00	
78.00	412.00	665.00	0.00	3238.00	315474.00	1.00	49.09	-2.31	4488.00	315474.00	97.43	40.00	239.00	24.25	587.84	6.72	0.00	97.43	0.00	0.00	0.00	1.12	3238.00	28.63	0.00	0.00	0.00	0.00	0.00	0.00	0.00	
79.00	472.00	344.00	0.00	3235.00	299465.00	1.00	51.97	-0.01	5280.00	299465.00	92.57	34.00	247.00	31.13	969.19	5.95	0.00	92.57	0.00	0.00	0.00	1.15	3235.00	28.60	0.01	0.00	0.00	0.00	0.00	0.00	0.00	
80.00	825.00	299.00	0.00	3205.00	262126.00	1.00	42.11	0.69	4970.00	262126.00	81.79	30.00	220.00	30.94	957.04	5.45	0.00	81.79	0.00	0.00	0.00	1.34	3205.00	28.34	0.01	0.00	0.00	0.00	0.00	0.00	0.00	
81.00	1350.00	484.00	0.00	3195.00	325334.00	1.00	52.52	-1.09	4288.00	325334.00	101.83	40.00	221.00	25.53	651.88	6.80	0.00	101.83	0.00	0.00	0.00	1.08	3195.00	28.25	0.00	0.00	0.00	0.00	0.00	0.00	0.00	
82.00	296.00	539.00	0.00	3172.00	308625.00	1.00	50.27	-2.20	4158.00	308625.00	97.30	38.00	242.00	27.46	753.83	6.56	0.00	97.30	0.00	0.00	0.00	1.10	3172.00	28.05	0.00	0.00	0.00	0.00	0.00	0.00	0.00	
83.00	263.00	446.00	0.00	3136.00	299302.00	1.00	50.85	-1.92	4087.00	299302.00	95.44	34.00	255.00	27.58	760.60	6.41	0.00	95.44	0.00	0.00	0.00	1.09	3136.00	27.73	0.01	0.00	0.00	0.00	0.00	0.00	0.00	
84.00	736.00	227.00	0.00	3133.00	244999.00	1.00	41.19	-0.93	4940.00	244999.00	78.20	38.00	230.00	34.46	1187.23	4.84	0.00	78.20	0.00	0.00	0.00	1.26	3133.00	27.70	0.01	0.00	0.00	0.00	0.00	0.00	0.00	
85.00	1358.00	546.00	0.00	3073.00	324141.00	1.00	47.94	-1.08	4080.00	324141.00	105.48	34.00	255.00	30.40	924.39	7.49	0.00	105.48	0.00	0.00	0.00	1.10	3073.00	27.17	0.00	0.00	0.00	0.00	0.00	0.00	0.00	
86.00	234.00	312.00	0.00	3057.00	300556.00	1.00	43.55	-2.34	4550.00	300556.00	98.32	34.00	255.00	29.37	862.36	7.40	0.00	98.32	0.00	0.00	0.00	1.27	3057.00	27.03	0.01	0.00	0.00	0.00	0.00	0.00	0.00	
87.00	1280.00	495.00	0.00	3035.00	308739.00	1.00	51.22	-0.77	4032.00	308739.00	101.73	39.00	255.00	33.96	1153.32	8.01	0.00	101.73	0.00	0.00	0.00	1.07	3035.00	26.84	0.00	0.00	0.00	0.00	0.00	0.00	0.00	
88.00	795.00	597.00	0.00	3025.00	373958.00	1.00	47.12	-0.12	4088.00	373958.00	123.62	33.00	250.00	33.43	1117.66	6.88	0.00	123.62	0.00	0.00	0.00	1.10	3025.00	26.75	0.03	0.00	0.00	0.00	0.00	0.00	0.00	
89.00	544.00	496.00	0.00	3021.00	317983.00	1.00	47.75	-2.06	4402.00	317983.00	105.26	36.00	255.00	32.31	1043.72	7.32	0.00	105.26	0.00	0.00	0.00	1.08	3021.00	26.71	0.01	0.00	0.00	0.00	0.00	0.00	0.00	
90.00	1225.00	532.00	0.00	3016.00	310828.00	1.00	49.00	-1.42	3876.00	310828.00	103.06	33.00	255.00	31.53	994.11	7.12	0.00	103.06	0.00	0.00	0.00	1.08	3016.00	26.67	0.01	0.00	0.00	0.00	0.00	0.00	0.00	
91.00	1119.00	490.00	0.00	2990.00	317940.00	1.00	51.23	-1.42	4026.00	317940.00	106.33	40.00	255.00	33.88	1148.05	8.28	0.00	106.33	0.00	0.00	0.00	1.06	2990.00	26.44	0.00	0.00	0.00	0.00	0.00	0.00	0.00	
92.00	801.00	369.00	0.00	2983.00	263145.00	1.00	47.44	0.66	3904.00	263145.00	88.21	33.00	222.00	30.41	924.55	5.71	0.00	88.21	0.00	0.00	0.00	1.15	2983.00	26.38	0.01	0.00	0.00	0.00	0.00	0.00	0.00	
93.00	1478.00	496.00	0.00	2982.00	209230.00	1.00	48.90	-0.83	4095.00	209230.00	70.16	40.00	177.00	14.88	221.45	3.69	0.00	70.16	0.00	0.00	0.00	1.08	2982.00	26.37	0.01	0.00	0.00	0.00	0.00	0.00	0.00	
94.00	1578.00	338.00	0.00	2954.00	272811.00	1.00	48.34	-0.64	4544.00	272811.00	92.35	36.00	228.00	23.12	534.64	6.27	0.00	92.35	0.00	0.00	0.00	1.09	2954.00	26.12	0.01	0.00	0.00	0.00	0.00	0.00	0.00	
95.00	323.00	461.00	0.00	2918.00	287276.00	1.00	47.16	-2.15	4140.00	287276.00	98.45	37.00	225.00	23.24	540.31	6.15	0.00	98.45	0.00	0.00	0.00	1.09	2918.00	25.80	0.01	0.00	0.00	0.00	0.00	0.00	0.00	
96.00	540.00	567.00	0.00	2885.00	280982.00	1.00	48.54	-2.34	3904.00	280982.00	97.39	39.00	238.00	31.79	1010.51	7.10	0.00	97.39	0.00	0.00	0.00	1.07	2885.00	25.51	0.00	0.00	0.00	0.00	0.00	0.00	0.00	
97.00	206.00	569.00	0.00	2871.00	269159.00	1.00	44.99	-2.28	3904.00	269159.00	93.75	36.00	248.00	29.36	861.83	6.48	0.00	93.75	0.00	0.00	0.00	1.11	2871.00	25.39	0.00	0.00	0.00	0.00	0.00	0.00	0.00	
98.00	1542.00	473.00	0.00	2847.00	278105.00	1.00	45.30	-1.07	3876.00	278105.00	97.68	40.00	255.00	30.16	909.64	7.26	0.00	97.68	0.00	0.00	0.00	1.09	2847.00	25.17	0.00	0.00	0.00	0.00	0.00	0.00	0.00	
99.00	997.00	537.00	0.00	2847.00	317273.00	1.00	48.47	-0.06	3696.00	317273.00	111.44	39.00	254.00	28.20	795.36	8.41	0.00	111.44	0.00	0.00	0.00	1.08	2847.00	25.17	0.01	0.00	0.00	0.00	0.00	0.00	0.00	
100.00	1181.00	684.00	0.00	2846.00	316610.00	1.00	45.86	-2.00	4331.00	316610.00	111.25	37.00	255.00	33.59	1128.41	8.50	0.00	111.25	0.00	0.00	0.00	1.10	2846.00	25.16	0.01	0.00	0.00	0.00	0.00	0.00	0.00	
101.00	220.00	377.00	0.00	2833.00	261672.00	1.00	46.99	-1.83	3685.00	261672.00	92.37	37.00	224.00	28.37	804.92	6.12	0.00	92.37	0.00	0.00	0.00	1.06	2833.00	25.05	0.01	0.00	0.00	0.00	0.00	0.00	0.00	
102.00	193.00	631.00	0.00	2824.00	265352.00	1.00	43.79	0.77	3843.00	265352.00	93.96	35.00	209.00	24.72	611.18	6.79	0.00	93.96	0.00	0.00	0.00	1.12	2824.00	24.97	0.01	0.00	0.00	0.00	0.00	0.00	0.00	
103.00	1617.00	628.00	0.00	2817.00	290037.00	1.00	44.88	-1.03	4355.00	290037.00	102.96	36.00	255.00	33.30	1109.04	7.66	0.00	102.96	0.00	0.00	0.00	1.18	2817.00	24.91	0.01	0.00	0.00	0.00	0.00	0.00	0.00	
104.00	1253.00	427.00	0.00	2812.00	285376.00	1.00	49.05	-1.13	3658.00	285376.00	101.49	38.00	241.00	30.21	912.38	7.94	0.00	101.49	0.00	0.00	0.00	1.05	2812.00	24.86	0.00	0.00	0.00	0.00	0.00	0.00	0.00	
105.00	1336.00	418.00	0.00	2800.00	290824.00	1.00	47.32	-1.28	3584.00	290824.00	103.87	37.00	255.00	33.99	1155.54	8.09	0.00	103.87	0.00	0.00	0.00	1.05	2800.00	24.76	0.00	0.00	0.00	0.00	0.00	0.00	0.00	
106.00	1186.00	462.00	0.00	2800.00	258285.00	1.00	49.75	-1.39	3770.00	258285.00	92.24	38.00	255.00	33.52	1123.75	7.40	0.00	92.24	0.00	0.00	0.00	1.04	2800.00	24.76	0.00	0.00	0.00	0.00	0.00	0.00	0.00	
107.00	902.00	418.00	0.00	2798.00	323798.00	1.00	49.54	-0.51	3420.00	323798.00	115.72	35.00	255.00	30.55	933.16	8.03	0.00	115.72	0.00	0.00	0.00	1.08	2798.00	24.74	0.01	0.00	0.00	0.00	0.00	0.00	0.00	
108.00	879.00	332.00	0.00	2735.00	289383.00	1.00	48.20	-1.58	3410.00	289383.00	105.81	40.00	219.00	25.80	665.71	7.45	0.00	105.81	0.00	0.00	0.00	1.04	2735.00	24.18	0.00	0.00	0.00	0.00	0.00	0.00	0.00	
109.00	712.00	663.00	0.00	2731.00	347181.00	1.00	40.73	0.30	3600.00	347181.00	127.13	35.00	255.00	29.13	848.72	7.33	0.00	127.13	0.00	0.00	0.00	1.17	2731.00	24.15	0.02	0.00	0.00	0.00	0.00	0.00	0.00	
110.00	866.00	213.00	0.00	2725.00	315450.00	1.00	48.24	-1.88	3876.00	315450.00	115.76	35.00	255.00	29.69	881.63	6.74	0.00	115.76	0.00	0.00	0.00	1.05	2725.00	24.10	0.03	0.00	0.00	0.00	0.00	0.00	0.00	
111.00	852.00	387.00	0.00	2724.00	286805.00	1.00	50.52	-1.86	3648.00	286805.00	105.29	35.00	232.00	24.67	608.46	7.01	0.00	105.29	0.00	0.00	0.00	1.05	2724.00	24.09	0.01	0.00	0.00	0.00	0.00	0.00	0.00	
112.00	996.00	379.00	0.00	2686.00	276265.00	1.00	48.42	-1.22	3712.00	276265.00	102.85	36.00	245.00	29.40	864.52	7.83	0.00	102.85	0.00	0.00	0.00	1.03	2686.00	23.75	0.01	0.00	0.00	0.00	0.00	0.00	0.00	
113.00	663.00	393.00	0.00	2681.00	285169.00	1.00	48.96	-2.14	3480.00	285169.00	106.37	40.00	222.00	28.19	794.90	6.40	0.00	106.37	0.00	0.00	0.00	1.05	2681.00	23.71	0.01	0.00	0.00	0.00	0.00	0.00	0.00	
114.00	1443.00	427.00	0.00	2668.00	273475.00	1.00	44.21	-1.15	3752.00	273475.00	102.50	39.00	251.00	32.89	1081.82	7.60	0.00	102.50	0.00	0.00	0.00	1.06	2668.00	23.59	0.00	0.00	0.00	0.00	0.00	0.00	0.00	
115.00	1080.00	426.00	0.00	2663.00	258255.00	1.00	47.29	-1.37	3520.00	258255.00	96.98	37.00	219.00	29.16	850.16	6.99	0.00	96.98	0.00	0.00	0.00	1.03	2663.00	23.55	0.00	0.00	0.00	0.00	0.00	0.00	0.00	
116.00	1461.00	378.00	0.00	2650.00	253904.00	1.00	46.19	-1.01	3363.00	253904.00	95.81	40.00	242.00	26.92	724.49	7.36	0.00	95.81	0.00	0.00	0.00	1.04	2650.00	23.43	0.00	0.00	0.00	0.00	0.00	0.00	0.00	
117.00	795.00	530.00	0.00	2633.00	225753.00	1.00	45.35	-1.81	3776.00	225753.00	85.74	38.00	162.00	25.02	626.12	6.94	0.00	85.74	0.00	0.00	0.00	1.08	2633.00	23.28	0.01	0.00	0.00	0.00	0.00	0.00	0.00	
118.00	941.00	484.00	0.00	2608.00	282734.00	1.00	45.68	-1.03	3953.00	282734.00	108.41	40.00	255.00	29.45	867.27	7.65	0.00	108.41	0.00	0.00	0.00	1.04	2608.00	23.06	0.01	0.00	0.00	0.00	0.00	0.00	0.00	
119.00	563.00	416.00	0.00	2600.00	262571.00	1.00	42.56	-2.11	3472.00	262571.00	100.99	37.00	241.00	26.82	719.46	7.51	0.00	100.99	0.00	0.00	0.00	1.09	2600.00	22.99	0.01	0.00	0.00	0.00	0.00	0.00	0.00	
120.00	1637.00	461.00	0.00	2585.00	159908.00	1.00	43.85	-1.09	3520.00	159908.00	61.86	35.00	179.00	19.63	385.39	4.46	0.00	61.86	0.00	0.00	0.00	1.06	2585.00	22.86	0.00	0.00	0.00	0.00	0.00	0.00	0.00	
121.00	415.00	1054.00	0.00	2563.00	252709.00	1.00	44.00	-1.80	3500.00	252709.00	98.60	37.00	254.00	30.63	938.05	6.09	0.00	98.60	0.00	0.00	0.00	1.13	2563.00	22.66	0.00	0.00	0.00	0.00	0.00	0.00	0.00	
122.00	415.00	426.00	0.00	2544.00	254866.00	1.00	42.20	-2.02	3510.00	254866.00	100.18	36.00	239.00	28.67	822.10	7.08	0.00	100.18	0.00	0.00	0.00	1.07	2544.00	22.49	0.00	0.00	0.00	0.00	0.00	0.00	0.00	
123.00	803.00	1057.00	0.00	2541.00	274568.00	1.00	39.49	-1.56	3300.00	274568.00	108.06	38.00	255.00	30.90	954.62	8.44	0.00	108.06	0.00	0.00	0.00	1.14	2541.00	22.47	0.00	0.00	0.00	0.00	0.00	0.00	0.00	
124.00	716.00	385.00	0.00	2532.00	254725.00	1.00	47.64	-1.73	3068.00	254725.00	100.60	37.00	255.00	28.16	792.84	7.30	0.00	100.60	0.00	0.00	0.00	1.04	2532.00	22.39	0.01	0.00	0.00	0.00	0.00	0.00	0.00	
125.00	109.00	368.00	0.00	2528.00	233140.00	1.00	41.92	-1.93	3417.00	233140.00	92.22	40.00	255.00	28.56	815.43	6.93	0.00	92.22	0.00	0.00	0.00	1.06	2528.00	22.35	0.00	0.00	0.00	0.00	0.00	0.00	0.00	
126.00	396.00	319.00	0.00	2517.00	239965.00	1.00	45.33	-1.80	3348.00	239965.00	95.34	37.00	244.00	28.15	792.27	7.11	0.00	95.34	0.00	0.00	0.00	1.02	2517.00	22.26	0.01	0.00	0.00	0.00	0.00	0.00	0.00	
127.00	1766.00	786.00	0.00	2507.00	191860.00	1.00	41.75	-0.39	4307.00	191860.00	76.53	34.00	255.00	20.42	417.14	6.10	0.00	76.53	0.00	0.00	0.00	1.06	2507.00	22.17	0.00	0.00	0.00	0.00	0.00	0.00	0.00	
128.00	717.00	1058.00	0.00	2498.00	284555.00	1.00	37.70	-1.62	3318.00	284555.00	113.91	39.00	255.00	36.16	1307.65	8.71	0.00	113.91	0.00	0.00	0.00	1.17	2498.00	22.09	0.00	0.00	0.00	0.00	0.00	0.00	0.00	
129.00	400.00	368.00	0.00	2474.00	243695.00	1.00	42.97	-1.79	3100.00	243695.00	98.50	40.00	251.00	28.69	823.11	6.76	0.00	98.50	0.00	0.00	0.00	1.03	2474.00	21.88	0.01	0.00	0.00	0.00	0.00	0.00	0.00	
130.00	1170.00	328.00	0.00	2471.00	248108.00	1.00	45.71	-1.66	3348.00	248108.00	100.41	36.00	255.00	32.77	1074.03	8.19	0.00	100.41	0.00	0.00	0.00	1.01	2471.00	21.85	0.00	0.00	0.00	0.00	0.00	0.00	0.00	
131.00	248.00	498.00	0.00	2437.00	232584.00	1.00	42.40	-2.08	3294.00	232584.00	95.44	40.00	218.00	26.79	717.66	6.75	0.00	95.44	0.00	0.00	0.00	1.06	2437.00	21.55	0.01	0.00	0.00	0.00	0.00	0.00	0.00	
132.00	348.00	409.00	0.00	2405.00	223272.00	1.00	42.90	-2.09	3233.00	223272.00	92.84	36.00	218.00	23.51	552.85	6.64	0.00	92.84	0.00	0.00	0.00	1.03	2405.00	21.27	0.01	0.00	0.00	0.00	0.00	0.00	0.00	
133.00	1085.00	330.00	0.00	2403.00	210151.00	1.00	44.33	-1.40	3286.00	210151.00	87.45	39.00	235.00	22.57	509.43	6.74	0.00	87.45	0.00	0.00	0.00	1.00	2403.00	21.25	0.00	0.00	0.00	0.00	0.00	0.00	0.00	
134.00	593.00	473.00	0.00	2364.00	246450.00	1.00	44.88	-0.29	3480.00	246450.00	104.25	37.00	250.00	30.46	927.53	7.91	0.00	104.25	0.00	0.00	0.00	1.02	2364.00	20.90	0.01	0.00	0.00	0.00	0.00	0.00	0.00	
135.00	331.00	350.00	0.00	2344.00	235210.00	1.00	42.66	-2.34	3024.00	235210.00	100.35	36.00	255.00	29.14	849.19	7.55	0.00	100.35	0.00	0.00	0.00	1.04	2344.00	20.73	0.01	0.00	0.00	0.00	0.00	0.00	0.00	
136.00	1346.00	343.00	0.00	2343.00	234136.00	1.00	42.36	-1.00	3078.00	234136.00	99.93	36.00	255.00	32.88	1080.77	8.26	0.00	99.93	0.00	0.00	0.00	1.02	2343.00	20.72	0.00	0.00	0.00	0.00	0.00	0.00	0.00	
137.00	580.00	276.00	0.00	2341.00	230056.00	1.00	43.93	-2.27	3192.00	230056.00	98.27	39.00	211.00	23.28	542.15	7.01	0.00	98.27	0.00	0.00	0.00	1.01	2341.00	20.70	0.00	0.00	0.00	0.00	0.00	0.00	0.00	
138.00	574.00	226.00	0.00	2337.00	241723.00	1.00	41.97	-1.77	3100.00	241723.00	103.43	33.00	255.00	33.11	1096.23	7.97	0.00	103.43	0.00	0.00	0.00	1.01	2337.00	20.66	0.01	0.00	0.00	0.00	0.00	0.00	0.00	
139.00	838.00	464.00	0.00	2323.00	241495.00	1.00	41.53	0.63	3422.00	241495.00	103.96	36.00	246.00	25.45	647.57	7.97	0.00	103.96	0.00	0.00	0.00	1.05	2323.00	20.54	0.01	0.00	0.00	0.00	0.00	0.00	0.00	
140.00	1026.00	316.00	0.00	2312.00	227774.00	1.00	45.58	-1.52	3068.00	227774.00	98.52	39.00	228.00	29.62	877.63	6.61	0.00	98.52	0.00	0.00	0.00	1.01	2312.00	20.44	0.01	0.00	0.00	0.00	0.00	0.00	0.00	
141.00	1264.00	318.00	0.00	2308.00	223526.00	1.00	41.34	-1.32	3100.00	223526.00	96.85	40.00	220.00	29.34	860.86	7.31	0.00	96.85	0.00	0.00	0.00	1.01	2308.00	20.41	0.00	0.00	0.00	0.00	0.00	0.00	0.00	
142.00	1359.00	185.00	0.00	2283.00	226337.00	1.00	42.68	-1.39	3060.00	226337.00	99.14	37.00	255.00	31.92	1018.90	7.99	0.00	99.14	0.00	0.00	0.00	1.00	2283.00	20.19	0.00	0.00	0.00	0.00	0.00	0.00	0.00	
143.00	1243.00	254.00	0.00	2253.00	216992.00	1.00	42.16	-1.37	3060.00	216992.00	96.31	40.00	241.00	28.03	785.44	7.20	0.00	96.31	0.00	0.00	0.00	1.00	2253.00	19.92	0.00	0.00	0.00	0.00	0.00	0.00	0.00	
144.00	984.00	453.00	0.00	2247.00	252565.00	1.00	39.79	-2.23	3840.00	252565.00	112.40	36.00	255.00	33.75	1139.29	7.73	0.00	112.40	0.00	0.00	0.00	1.09	2247.00	19.87	0.03	0.00	0.00	0.00	0.00	0.00	0.00	
145.00	909.00	237.00	0.00	2211.00	241589.00	1.00	43.45	-0.13	3564.00	241589.00	109.27	36.00	255.00	28.04	786.05	6.07	0.00	109.27	0.00	0.00	0.00	1.09	2211.00	19.55	0.04	0.00	0.00	0.00	0.00	0.00	0.00	
146.00	1313.00	274.00	0.00	2184.00	212355.00	1.00	40.46	-1.32	2760.00	212355.00	97.23	38.00	246.00	30.95	958.20	7.57	0.00	97.23	0.00	0.00	0.00	1.00	2184.00	19.31	0.00	0.00	0.00	0.00	0.00	0.00	0.00	
147.00	1608.00	382.00	0.00	2167.00	209673.00	1.00	41.30	-1.70	3445.00	209673.00	96.76	40.00	233.00	27.25	742.65	7.34	0.00	96.76	0.00	0.00	0.00	0.98	2167.00	19.16	0.01	0.00	0.00	0.00	0.00	0.00	0.00	
148.00	425.00	244.00	0.00	2155.00	201665.00	1.00	42.22	-1.91	2850.00	201665.00	93.58	38.00	255.00	37.42	1399.90	9.23	0.00	93.58	0.00	0.00	0.00	0.98	2155.00	19.05	0.00	0.00	0.00	0.00	0.00	0.00	0.00	
149.00	648.00	220.00	0.00	2143.00	204151.00	1.00	40.32	-1.94	2679.00	204151.00	95.26	40.00	254.00	30.35	921.14	6.96	0.00	95.26	0.00	0.00	0.00	1.00	2143.00	18.95	0.00	0.00	0.00	0.00	0.00	0.00	0.00	
150.00	1218.00	202.00	0.00	2141.00	207890.00	1.00	40.69	-1.07	2700.00	207890.00	97.10	38.00	249.00	29.84	890.38	7.72	0.00	97.10	0.00	0.00	0.00	1.00	2141.00	18.93	0.00	0.00	0.00	0.00	0.00	0.00	0.00	
151.00	1412.00	325.00	0.00	2137.00	179113.00	1.00	40.46	-0.88	2756.00	179113.00	83.82	39.00	255.00	31.59	998.16	7.49	0.00	83.82	0.00	0.00	0.00	1.02	2137.00	18.90	0.00	0.00	0.00	0.00	0.00	0.00	0.00	
152.00	1165.00	245.00	0.00	2132.00	198476.00	1.00	40.29	-1.55	2842.00	198476.00	93.09	40.00	203.00	23.16	536.24	7.08	0.00	93.09	0.00	0.00	0.00	0.98	2132.00	18.85	0.00	0.00	0.00	0.00	0.00	0.00	0.00	
153.00	1107.00	245.00	0.00	2130.00	204912.00	1.00	39.20	-1.67	2820.00	204912.00	96.20	39.00	255.00	30.19	911.20	7.28	0.00	96.20	0.00	0.00	0.00	0.98	2130.00	18.83	0.00	0.00	0.00	0.00	0.00	0.00	0.00	
154.00	1245.00	145.00	0.00	2125.00	198407.00	1.00	41.52	-1.30	2688.00	198407.00	93.37	39.00	242.00	27.42	751.77	7.53	0.00	93.37	0.00	0.00	0.00	0.98	2125.00	18.79	0.00	0.00	0.00	0.00	0.00	0.00	0.00	
155.00	876.00	680.00	0.00	2122.00	191057.00	1.00	42.98	-0.50	3078.00	191057.00	90.04	34.00	255.00	38.31	1467.97	7.26	0.00	90.04	0.00	0.00	0.00	0.98	2122.00	18.76	0.03	0.00	0.00	0.00	0.00	0.00	0.00	
156.00	652.00	293.00	0.00	2107.00	203369.00	1.00	38.20	-1.71	2684.00	203369.00	96.52	39.00	201.00	22.09	488.05	7.17	0.00	96.52	0.00	0.00	0.00	1.00	2107.00	18.63	0.00	0.00	0.00	0.00	0.00	0.00	0.00	
157.00	786.00	706.00	0.00	2089.00	256475.00	1.00	36.33	-2.30	2968.00	256475.00	122.77	38.00	255.00	36.75	1350.58	9.68	0.00	122.77	0.00	0.00	0.00	1.09	2089.00	18.47	0.03	0.00	0.00	0.00	0.00	0.00	0.00	
158.00	981.00	190.00	0.00	2086.00	234540.00	1.00	41.99	-1.58	2538.00	234540.00	112.44	40.00	255.00	32.86	1079.60	8.04	0.00	112.44	0.00	0.00	0.00	0.99	2086.00	18.44	0.01	0.00	0.00	0.00	0.00	0.00	0.00	
159.00	1302.00	181.00	0.00	2080.00	197613.00	1.00	39.19	-1.61	2714.00	197613.00	95.01	39.00	215.00	27.86	776.37	7.19	0.00	95.01	0.00	0.00	0.00	0.98	2080.00	18.39	0.00	0.00	0.00	0.00	0.00	0.00	0.00	
160.00	119.00	303.00	0.00	2078.00	171935.00	1.00	38.92	-2.18	2744.00	171935.00	82.74	39.00	136.00	14.81	219.43	5.43	0.00	82.74	0.00	0.00	0.00	1.01	2078.00	18.37	0.00	0.00	0.00	0.00	0.00	0.00	0.00	
161.00	303.00	203.00	0.00	2072.00	186096.00	1.00	39.22	-1.86	2610.00	186096.00	89.81	40.00	231.00	28.65	820.55	7.74	0.00	89.81	0.00	0.00	0.00	1.00	2072.00	18.32	0.00	0.00	0.00	0.00	0.00	0.00	0.00	
162.00	582.00	153.00	0.00	2059.00	189079.00	1.00	40.86	-1.83	2538.00	189079.00	91.83	40.00	243.00	26.56	705.26	6.68	0.00	91.83	0.00	0.00	0.00	0.98	2059.00	18.21	0.00	0.00	0.00	0.00	0.00	0.00	0.00	
163.00	492.00	175.00	0.00	2048.00	178857.00	1.00	40.80	-1.72	2592.00	178857.00	87.33	36.00	226.00	28.30	800.89	6.92	0.00	87.33	0.00	0.00	0.00	0.97	2048.00	18.11	0.00	0.00	0.00	0.00	0.00	0.00	0.00	
164.00	748.00	66.00	0.00	2046.00	195359.00	1.00	41.85	-1.69	2592.00	195359.00	95.48	40.00	228.00	27.07	732.71	7.28	0.00	95.48	0.00	0.00	0.00	0.97	2046.00	18.09	0.00	0.00	0.00	0.00	0.00	0.00	0.00	
165.00	1143.00	156.00	0.00	2017.00	195635.00	1.00	39.34	-1.47	2520.00	195635.00	96.99	38.00	231.00	24.76	613.28	7.37	0.00	96.99	0.00	0.00	0.00	0.97	2017.00	17.83	0.00	0.00	0.00	0.00	0.00	0.00	0.00	
166.00	1155.00	411.00	0.00	2005.00	95798.00	1.00	36.75	-1.09	2679.00	95798.00	47.78	37.00	62.00	4.06	16.50	1.65	0.00	47.78	0.00	0.00	0.00	1.02	2005.00	17.73	0.00	0.00	0.00	0.00	0.00	0.00	0.00	
167.00	17.00	691.00	0.00	1996.00	160023.00	1.00	36.12	0.21	2904.00	160023.00	80.17	40.00	255.00	20.70	428.68	5.62	0.00	80.17	0.00	0.00	0.00	1.07	1996.00	17.65	0.00	0.00	0.00	0.00	0.00	0.00	0.00	
168.00	673.00	106.00	0.00	1987.00	198649.00	1.00	39.18	-1.31	2576.00	198649.00	99.97	40.00	255.00	32.12	1031.42	8.36	0.00	99.97	0.00	0.00	0.00	0.97	1987.00	17.57	0.00	0.00	0.00	0.00	0.00	0.00	0.00	
169.00	754.00	144.00	0.00	1984.00	188814.00	1.00	39.56	-1.64	2784.00	188814.00	95.17	39.00	223.00	27.83	774.51	7.68	0.00	95.17	0.00	0.00	0.00	0.96	1984.00	17.54	0.00	0.00	0.00	0.00	0.00	0.00	0.00	
170.00	1356.00	128.00	0.00	1969.00	195754.00	1.00	37.66	-1.59	2552.00	195754.00	99.42	38.00	255.00	33.22	1103.50	8.48	0.00	99.42	0.00	0.00	0.00	0.97	1969.00	17.41	0.00	0.00	0.00	0.00	0.00	0.00	0.00	
171.00	546.00	1061.00	0.00	1955.00	220799.00	1.00	30.49	-1.66	2550.00	220799.00	112.94	33.00	255.00	34.71	1204.99	8.26	0.00	112.94	0.00	0.00	0.00	1.15	1955.00	17.29	0.01	0.00	0.00	0.00	0.00	0.00	0.00	
172.00	422.00	121.00	0.00	1946.00	176260.00	1.00	38.68	-1.84	2376.00	176260.00	90.58	38.00	242.00	26.57	705.78	7.55	0.00	90.58	0.00	0.00	0.00	0.97	1946.00	17.21	0.00	0.00	0.00	0.00	0.00	0.00	0.00	
173.00	1457.00	136.00	0.00	1945.00	173624.00	1.00	37.01	-1.39	2436.00	173624.00	89.27	38.00	255.00	28.14	791.83	7.75	0.00	89.27	0.00	0.00	0.00	0.98	1945.00	17.20	0.00	0.00	0.00	0.00	0.00	0.00	0.00	
174.00	800.00	104.00	0.00	1939.00	197585.00	1.00	40.79	-2.00	2438.00	197585.00	101.90	40.00	249.00	26.85	721.15	7.15	0.00	101.90	0.00	0.00	0.00	0.97	1939.00	17.15	0.01	0.00	0.00	0.00	0.00	0.00	0.00	
175.00	65.00	486.00	0.00	1937.00	140220.00	1.00	36.99	-1.67	3072.00	140220.00	72.39	35.00	203.00	23.96	573.85	6.15	0.00	72.39	0.00	0.00	0.00	1.08	1937.00	17.13	0.00	0.00	0.00	0.00	0.00	0.00	0.00	
176.00	879.00	171.00	0.00	1933.00	189018.00	1.00	36.98	-1.35	2832.00	189018.00	97.78	40.00	232.00	26.69	712.40	6.47	0.00	97.78	0.00	0.00	0.00	1.01	1933.00	17.09	0.01	0.00	0.00	0.00	0.00	0.00	0.00	
177.00	435.00	187.00	0.00	1922.00	175039.00	1.00	36.07	-1.88	2552.00	175039.00	91.07	35.00	243.00	30.47	928.56	7.34	0.00	91.07	0.00	0.00	0.00	1.00	1922.00	16.99	0.00	0.00	0.00	0.00	0.00	0.00	0.00	
178.00	331.00	306.00	0.00	1866.00	162371.00	1.00	34.56	-1.94	2520.00	162371.00	87.02	40.00	221.00	21.17	448.14	6.04	0.00	87.02	0.00	0.00	0.00	1.03	1866.00	16.50	0.01	0.00	0.00	0.00	0.00	0.00	0.00	
179.00	950.00	234.00	0.00	1850.00	206534.00	1.00	41.38	-0.77	2304.00	206534.00	111.64	36.00	255.00	34.79	1210.37	8.57	0.00	111.64	0.00	0.00	0.00	0.97	1850.00	16.36	0.01	0.00	0.00	0.00	0.00	0.00	0.00	
180.00	498.00	97.00	0.00	1841.00	178819.00	1.00	38.98	-1.86	2376.00	178819.00	97.13	37.00	255.00	32.41	1050.21	8.58	0.00	97.13	0.00	0.00	0.00	0.98	1841.00	16.28	0.00	0.00	0.00	0.00	0.00	0.00	0.00	
181.00	1075.00	167.00	0.00	1838.00	147594.00	1.00	38.00	-1.44	2420.00	147594.00	80.30	40.00	226.00	26.23	688.13	6.62	0.00	80.30	0.00	0.00	0.00	0.95	1838.00	16.25	0.00	0.00	0.00	0.00	0.00	0.00	0.00	
182.00	1030.00	194.00	0.00	1834.00	191140.00	1.00	38.93	-1.49	2392.00	191140.00	104.22	40.00	231.00	29.97	898.36	7.65	0.00	104.22	0.00	0.00	0.00	0.96	1834.00	16.22	0.01	0.00	0.00	0.00	0.00	0.00	0.00	
183.00	1118.00	114.00	0.00	1818.00	173904.00	1.00	37.81	-1.57	2376.00	173904.00	95.66	37.00	231.00	30.08	904.76	8.05	0.00	95.66	0.00	0.00	0.00	0.94	1818.00	16.08	0.00	0.00	0.00	0.00	0.00	0.00	0.00	
184.00	560.00	99.00	0.00	1799.00	171339.00	1.00	35.15	-1.71	2240.00	171339.00	95.24	38.00	251.00	24.82	615.98	7.77	0.00	95.24	0.00	0.00	0.00	0.96	1799.00	15.91	0.00	0.00	0.00	0.00	0.00	0.00	0.00	
185.00	1231.00	91.00	0.00	1793.00	166111.00	1.00	36.37	-1.35	2365.00	166111.00	92.64	39.00	236.00	26.35	694.44	7.91	0.00	92.64	0.00	0.00	0.00	0.95	1793.00	15.85	0.00	0.00	0.00	0.00	0.00	0.00	0.00	
186.00	845.00	111.00	0.00	1754.00	178743.00	1.00	37.68	-1.82	2288.00	178743.00	101.91	37.00	245.00	32.54	1058.79	8.20	0.00	101.91	0.00	0.00	0.00	0.94	1754.00	15.51	0.01	0.00	0.00	0.00	0.00	0.00	0.00	
187.00	1144.00	42.00	0.00	1722.00	159804.00	1.00	36.98	-1.64	2236.00	159804.00	92.80	40.00	255.00	30.55	933.10	7.74	0.00	92.80	0.00	0.00	0.00	0.93	1722.00	15.23	0.00	0.00	0.00	0.00	0.00	0.00	0.00	
188.00	935.00	154.00	0.00	1671.00	171925.00	1.00	35.96	-1.47	2420.00	171925.00	102.89	40.00	255.00	31.53	994.20	8.69	0.00	102.89	0.00	0.00	0.00	0.92	1671.00	14.78	0.01	0.00	0.00	0.00	0.00	0.00	0.00	
189.00	1033.00	72.00	0.00	1649.00	156201.00	1.00	34.46	-1.47	2120.00	156201.00	94.72	36.00	228.00	28.90	835.19	7.66	0.00	94.72	0.00	0.00	0.00	0.93	1649.00	14.58	0.00	0.00	0.00	0.00	0.00	0.00	0.00	
190.00	616.00	102.00	0.00	1638.00	154154.00	1.00	35.69	-1.87	2184.00	154154.00	94.11	37.00	255.00	30.26	915.52	8.96	0.00	94.11	0.00	0.00	0.00	0.97	1638.00	14.48	0.00	0.00	0.00	0.00	0.00	0.00	0.00	
191.00	14.00	621.00	0.00	1587.00	149863.00	1.00	34.86	0.10	2520.00	149863.00	94.43	36.00	255.00	38.50	1482.18	8.58	0.00	94.43	0.00	0.00	0.00	1.02	1587.00	14.03	0.00	0.00	0.00	0.00	0.00	0.00	0.00	
192.00	892.00	27.00	0.00	1563.00	135069.00	1.00	34.70	-1.67	2288.00	135069.00	86.42	39.00	255.00	27.59	760.97	8.28	0.00	86.42	0.00	0.00	0.00	0.90	1563.00	13.82	0.00	0.00	0.00	0.00	0.00	0.00	0.00	
193.00	966.00	422.00	0.00	1541.00	172426.00	1.00	28.31	0.32	2688.00	172426.00	111.89	40.00	214.00	27.67	765.46	5.62	0.00	111.89	0.00	0.00	0.00	1.09	1541.00	13.63	0.05	0.00	0.00	0.00	0.00	0.00	0.00	
194.00	651.00	24.00	0.00	1521.00	138152.00	1.00	34.62	-1.70	2100.00	138152.00	90.83	38.00	255.00	29.53	871.79	9.40	0.00	90.83	0.00	0.00	0.00	0.91	1521.00	13.45	0.00	0.00	0.00	0.00	0.00	0.00	0.00	
195.00	943.00	408.00	0.00	1422.00	169382.00	1.00	29.93	0.27	1908.00	169382.00	119.12	39.00	255.00	32.69	1068.57	8.43	0.00	119.12	0.00	0.00	0.00	0.98	1422.00	12.57	0.04	0.00	0.00	0.00	0.00	0.00	0.00	
196.00	584.00	52.00	0.00	1334.00	87356.00	1.00	33.28	-1.49	1794.00	87356.00	65.48	37.00	135.00	16.78	281.63	5.19	0.00	65.48	0.00	0.00	0.00	0.88	1334.00	11.80	0.00	0.00	0.00	0.00	0.00	0.00	0.00	
197.00	190.00	333.00	0.00	1328.00	114578.00	1.00	29.96	0.26	1750.00	114578.00	86.28	40.00	129.00	16.39	268.74	5.10	0.00	86.28	0.00	0.00	0.00	0.96	1328.00	11.74	0.02	0.00	0.00	0.00	0.00	0.00	0.00	
198.00	898.00	271.00	0.00	1201.00	136266.00	1.00	26.55	-1.45	1581.00	136266.00	113.46	39.00	255.00	31.84	1013.90	9.36	0.00	113.46	0.00	0.00	0.00	0.92	1201.00	10.62	0.02	0.00	0.00	0.00	0.00	0.00	0.00	
199.00	183.00	1065.00	0.00	1150.00	95903.00	1.00	22.68	-1.60	1647.00	95903.00	83.39	40.00	122.00	15.54	241.58	4.61	0.00	83.39	0.00	0.00	0.00	1.02	1150.00	10.17	0.00	0.00	0.00	0.00	0.00	0.00	0.00	
200.00	705.00	11.00	0.00	1093.00	94889.00	1.00	26.42	-1.56	1470.00	94889.00	86.82	37.00	255.00	37.81	1429.66	9.82	0.00	86.82	0.00	0.00	0.00	0.94	1093.00	9.66	0.00	0.00	0.00	0.00	0.00	0.00	0.00	
201.00	1093.00	10.00	0.00	1024.00	94861.00	1.00	22.50	-1.54	1200.00	94861.00	92.64	40.00	202.00	25.29	639.54	7.57	0.00	92.64	0.00	0.00	0.00	0.94	1024.00	9.05	0.00	0.00	0.00	0.00	0.00	0.00	0.00	
203.00	430.00	498.00	0.00	462.00	23585.00	1.00	11.62	-0.45	984.00	23585.00	51.05	39.00	56.00	3.13	9.78	1.47	0.00	51.05	0.00	0.00	0.00	1.04	462.00	4.09	0.10	0.00	0.00	0.00	0.00	0.00	0.00	
204.00	685.00	315.00	0.00	430.00	21588.00	1.00	13.06	0.48	735.00	21588.00	50.20	39.00	61.00	4.70	22.11	2.50	0.00	50.20	0.00	0.00	0.00	0.90	430.00	3.80	0.06	0.00	0.00	0.00	0.00	0.00	0.00	
205.00	834.00	331.00	0.00	402.00	18542.00	1.00	18.28	0.18	572.00	18542.00	46.12	39.00	54.00	2.93	8.59	1.67	0.00	46.12	0.00	0.00	0.00	0.70	402.00	3.55	0.06	0.00	0.00	0.00	0.00	0.00	0.00	
206.00	1616.00	601.00	0.00	393.00	34730.00	1.00	13.54	-1.16	551.00	34730.00	88.37	40.00	102.00	8.68	75.35	3.65	0.00	88.37	0.00	0.00	0.00	0.78	393.00	3.47	0.10	0.00	0.00	0.00	0.00	0.00	0.00	
207.00	804.00	555.00	0.00	377.00	19743.00	1.00	14.11	-1.82	448.00	19743.00	52.37	36.00	79.00	5.63	31.70	1.90	0.00	52.37	0.00	0.00	0.00	0.72	377.00	3.33	0.10	0.00	0.00	0.00	0.00	0.00	0.00	
208.00	51.00	515.00	0.00	312.00	14884.00	1.00	11.20	-1.40	442.00	14884.00	47.71	38.00	54.00	3.28	10.78	2.08	0.00	47.71	0.00	0.00	0.00	0.78	312.00	2.76	0.06	0.00	0.00	0.00	0.00	0.00	0.00	
209.00	486.00	286.00	0.00	259.00	13567.00	0.99	8.14	-1.64	400.00	13567.00	52.38	40.00	69.00	7.50	56.21	4.50	0.00	52.38	0.00	0.00	0.00	0.86	259.00	2.29	0.07	0.00	0.00	0.00	0.00	0.00	0.00	
211.00	1503.00	483.00	0.00	161.00	10448.00	0.99	5.94	-0.58	468.00	10448.00	64.89	40.00	80.00	10.40	108.11	6.83	0.00	64.89	0.00	0.00	0.00	0.96	161.00	1.42	0.10	0.00	0.00	0.00	0.00	0.00	0.00	
212.00	275.00	1073.00	0.00	135.00	7375.00	0.97	4.26	-1.56	170.00	7375.00	54.63	40.00	66.00	5.47	29.94	5.20	0.00	54.63	0.00	0.00	0.00	0.86	135.00	1.19	0.00	0.00	0.00	0.00	0.00	0.00	0.00	
214.00	627.00	739.00	0.00	104.00	7703.00	0.97	4.34	-0.04	125.00	7703.00	74.07	39.00	108.00	21.14	446.88	14.32	0.00	74.07	0.00	0.00	0.00	0.73	104.00	0.92	0.11	0.00	0.00	0.00	0.00	0.00	0.00	
215.00	1238.00	578.00	0.00	87.00	3609.00	0.99	6.69	-1.49	112.00	3609.00	41.48	39.00	45.00	1.29	1.67	1.35	0.00	41.48	0.00	0.00	0.00	0.50	87.00	0.77	0.04	0.00	0.00	0.00	0.00	0.00	0.00	
216.00	1231.00	571.00	0.00	85.00	3563.00	0.99	7.40	-1.47	96.00	3563.00	41.92	40.00	45.00	1.32	1.74	1.41	0.00	41.92	0.00	0.00	0.00	0.48	85.00	0.75	0.04	0.00	0.00	0.00	0.00	0.00	0.00	
217.00	889.00	464.00	0.00	71.00	3114.00	0.99	6.42	0.62	99.00	3114.00	43.86	40.00	48.00	2.42	5.84	2.49	0.00	43.86	0.00	0.00	0.00	0.51	71.00	0.63	0.00	0.00	0.00	0.00	0.00	0.00	0.00	
