ID	centroid_x	centroid_y	centroid_z	volume	integrated_intensity	eccentricity	elongation	orientation	bounding_box_volume	sum	mean	minimum	maximum	sigma	variance	surface_gradient	interior_gradient	surface_intensity	interior_intensity	intensity_ratio	convexity	radius_variation	surface_area	shape	shared_boundary	t_energy	t_entropy	inverse_diff_moment	inertia	cluster_shade	cluster_prominence	
1.00	933.00	713.00	0.00	7052.00	886276.00	1.00	61.20	0.56	11700.00	886276.00	125.68	36.00	255.00	33.44	1118.17	8.60	0.00	125.68	0.00	0.00	0.00	1.57	7052.00	62.36	0.01	0.00	0.00	0.00	0.00	0.00	0.00	
2.00	967.00	131.00	0.00	5477.00	558664.00	1.00	59.91	0.61	9792.00	558664.00	102.00	37.00	255.00	30.70	942.26	7.13	0.00	102.00	0.00	0.00	0.00	1.56	5477.00	48.43	0.00	0.00	0.00	0.00	0.00	0.00	0.00	
3.00	556.00	482.00	0.00	5031.00	543502.00	1.00	53.70	-1.73	7038.00	543502.00	108.03	35.00	243.00	26.44	699.08	6.96	0.00	108.03	0.00	0.00	0.00	1.34	5031.00	44.49	0.01	0.00	0.00	0.00	0.00	0.00	0.00	
4.00	337.00	953.00	0.00	5012.00	471739.00	1.00	65.59	0.49	6474.00	471739.00	94.12	38.00	214.00	21.67	469.72	5.04	0.00	94.12	0.00	0.00	0.00	1.23	5012.00	44.32	0.01	0.00	0.00	0.00	0.00	0.00	0.00	
5.00	1196.00	742.00	0.00	4939.00	565477.00	1.00	65.54	0.24	7332.00	565477.00	114.49	33.00	243.00	31.91	1018.39	8.21	0.00	114.49	0.00	0.00	0.00	1.30	4939.00	43.67	0.01	0.00	0.00	0.00	0.00	0.00	0.00	
6.00	486.00	1010.00	0.00	4928.00	494643.00	1.00	63.61	0.57	6880.00	494643.00	100.37	40.00	244.00	25.61	655.83	6.19	0.00	100.37	0.00	0.00	0.00	1.21	4928.00	43.57	0.00	0.00	0.00	0.00	0.00	0.00	0.00	
7.00	844.00	966.00	0.00	4780.00	528571.00	1.00	64.75	0.25	6396.00	528571.00	110.58	39.00	255.00	32.09	1029.59	8.31	0.00	110.58	0.00	0.00	0.00	1.20	4780.00	42.27	0.00	0.00	0.00	0.00	0.00	0.00	0.00	
8.00	116.00	1036.00	0.00	4758.00	416377.00	1.00	58.23	0.73	6400.00	416377.00	87.51	36.00	241.00	25.05	627.28	5.37	0.00	87.51	0.00	0.00	0.00	1.25	4758.00	42.07	0.00	0.00	0.00	0.00	0.00	0.00	0.00	
9.00	1460.00	853.00	0.00	4723.00	478004.00	1.00	62.11	-0.95	6478.00	478004.00	101.21	39.00	232.00	26.63	709.04	6.70	0.00	101.21	0.00	0.00	0.00	1.20	4723.00	41.76	0.00	0.00	0.00	0.00	0.00	0.00	0.00	
10.00	1003.00	969.00	0.00	4628.00	423902.00	1.00	63.97	-0.27	6080.00	423902.00	91.60	36.00	226.00	32.91	1083.03	7.62	0.00	91.60	0.00	0.00	0.00	1.18	4628.00	40.92	0.00	0.00	0.00	0.00	0.00	0.00	0.00	
11.00	1677.00	908.00	0.00	4616.00	447492.00	1.00	59.60	-0.79	6318.00	447492.00	96.94	40.00	244.00	28.05	786.54	5.99	0.00	96.94	0.00	0.00	0.00	1.21	4616.00	40.82	0.00	0.00	0.00	0.00	0.00	0.00	0.00	
12.00	387.00	997.00	0.00	4548.00	449590.00	1.00	57.39	0.66	6552.00	449590.00	98.85	36.00	255.00	31.16	971.12	6.63	0.00	98.85	0.00	0.00	0.00	1.23	4548.00	40.21	0.01	0.00	0.00	0.00	0.00	0.00	0.00	
13.00	955.00	909.00	0.00	4536.00	549203.00	1.00	63.41	-0.03	5772.00	549203.00	121.08	36.00	255.00	40.36	1629.11	9.52	0.00	121.08	0.00	0.00	0.00	1.19	4536.00	40.11	0.01	0.00	0.00	0.00	0.00	0.00	0.00	
14.00	774.00	947.00	0.00	4520.00	485876.00	1.00	62.74	0.25	5609.00	485876.00	107.49	35.00	255.00	29.30	858.62	7.80	0.00	107.49	0.00	0.00	0.00	1.18	4520.00	39.97	0.00	0.00	0.00	0.00	0.00	0.00	0.00	
15.00	1570.00	839.00	0.00	4482.00	428437.00	1.00	59.26	-0.79	6083.00	428437.00	95.59	39.00	255.00	26.81	718.84	6.72	0.00	95.59	0.00	0.00	0.00	1.20	4482.00	39.63	0.00	0.00	0.00	0.00	0.00	0.00	0.00	
16.00	717.00	880.00	0.00	4447.00	491110.00	1.00	62.37	0.52	6000.00	491110.00	110.44	37.00	255.00	32.40	1049.66	8.98	0.00	110.44	0.00	0.00	0.00	1.17	4447.00	39.32	0.00	0.00	0.00	0.00	0.00	0.00	0.00	
17.00	185.00	985.00	0.00	4427.00	401097.00	1.00	55.88	0.72	6156.00	401097.00	90.60	34.00	255.00	27.89	778.00	5.56	0.00	90.60	0.00	0.00	0.00	1.23	4427.00	39.14	0.00	0.00	0.00	0.00	0.00	0.00	0.00	
18.00	583.00	1010.00	0.00	4405.00	452766.00	1.00	63.28	-2.30	5776.00	452766.00	102.78	38.00	249.00	30.38	923.12	6.17	0.00	102.78	0.00	0.00	0.00	1.19	4405.00	38.95	0.01	0.00	0.00	0.00	0.00	0.00	0.00	
19.00	898.00	864.00	0.00	4351.00	485877.00	1.00	62.46	0.28	5772.00	485877.00	111.67	34.00	255.00	31.94	1020.13	9.10	0.00	111.67	0.00	0.00	0.00	1.16	4351.00	38.47	0.01	0.00	0.00	0.00	0.00	0.00	0.00	
20.00	949.00	811.00	0.00	4293.00	522932.00	1.00	62.16	0.24	5472.00	522932.00	121.81	36.00	255.00	33.60	1128.89	8.82	0.00	121.81	0.00	0.00	0.00	1.17	4293.00	37.96	0.01	0.00	0.00	0.00	0.00	0.00	0.00	
21.00	1690.00	810.00	0.00	4262.00	396871.00	1.00	56.20	-0.87	5767.00	396871.00	93.12	40.00	232.00	24.08	580.04	6.10	0.00	93.12	0.00	0.00	0.00	1.20	4262.00	37.69	0.00	0.00	0.00	0.00	0.00	0.00	0.00	
22.00	1377.00	766.00	0.00	4247.00	463489.00	1.00	59.64	-0.96	5472.00	463489.00	109.13	34.00	255.00	32.49	1055.70	8.47	0.00	109.13	0.00	0.00	0.00	1.17	4247.00	37.55	0.00	0.00	0.00	0.00	0.00	0.00	0.00	
23.00	1072.00	804.00	0.00	4207.00	488186.00	1.00	62.64	-0.99	5700.00	488186.00	116.04	38.00	255.00	31.86	1015.25	8.53	0.00	116.04	0.00	0.00	0.00	1.15	4207.00	37.20	0.01	0.00	0.00	0.00	0.00	0.00	0.00	
24.00	1013.00	833.00	0.00	4123.00	494867.00	1.00	59.43	-0.40	5548.00	494867.00	120.03	33.00	255.00	39.65	1571.85	9.17	0.00	120.03	0.00	0.00	0.00	1.16	4123.00	36.46	0.01	0.00	0.00	0.00	0.00	0.00	0.00	
25.00	492.00	416.00	0.00	4050.00	316550.00	1.00	49.94	-0.07	6534.00	316550.00	78.16	33.00	195.00	24.55	602.80	4.69	0.00	78.16	0.00	0.00	0.00	1.33	4050.00	35.81	0.01	0.00	0.00	0.00	0.00	0.00	0.00	
26.00	1732.00	694.00	0.00	4033.00	386016.00	1.00	53.96	-0.95	5460.00	386016.00	95.71	39.00	249.00	28.71	824.15	6.10	0.00	95.71	0.00	0.00	0.00	1.19	4033.00	35.66	0.00	0.00	0.00	0.00	0.00	0.00	0.00	
27.00	471.00	506.00	0.00	4032.00	340246.00	1.00	54.12	-0.89	6384.00	340246.00	84.39	38.00	233.00	28.76	827.42	5.06	0.00	84.39	0.00	0.00	0.00	1.30	4032.00	35.65	0.01	0.00	0.00	0.00	0.00	0.00	0.00	
28.00	1472.00	764.00	0.00	3988.00	399373.00	1.00	55.91	-0.90	5624.00	399373.00	100.14	40.00	255.00	30.77	946.82	6.75	0.00	100.14	0.00	0.00	0.00	1.16	3988.00	35.26	0.00	0.00	0.00	0.00	0.00	0.00	0.00	
29.00	465.00	874.00	0.00	3969.00	385235.00	1.00	56.11	0.57	5325.00	385235.00	97.06	37.00	255.00	32.71	1069.82	6.40	0.00	97.06	0.00	0.00	0.00	1.16	3969.00	35.09	0.00	0.00	0.00	0.00	0.00	0.00	0.00	
30.00	175.00	877.00	0.00	3960.00	361767.00	1.00	54.04	0.78	5254.00	361767.00	91.36	37.00	255.00	30.15	908.77	6.01	0.00	91.36	0.00	0.00	0.00	1.18	3960.00	35.02	0.00	0.00	0.00	0.00	0.00	0.00	0.00	
31.00	843.00	799.00	0.00	3939.00	422799.00	1.00	60.62	0.20	5183.00	422799.00	107.34	39.00	255.00	33.31	1109.88	8.53	0.00	107.34	0.00	0.00	0.00	1.13	3939.00	34.83	0.00	0.00	0.00	0.00	0.00	0.00	0.00	
32.00	841.00	728.00	0.00	3890.00	455410.00	1.00	58.16	0.64	5250.00	455410.00	117.07	35.00	255.00	34.85	1214.38	8.88	0.00	117.07	0.00	0.00	0.00	1.13	3890.00	34.40	0.01	0.00	0.00	0.00	0.00	0.00	0.00	
33.00	722.00	728.00	0.00	3827.00	440766.00	1.00	59.13	-2.32	4899.00	440766.00	115.17	38.00	255.00	30.04	902.39	6.90	0.00	115.17	0.00	0.00	0.00	1.14	3827.00	33.84	0.02	0.00	0.00	0.00	0.00	0.00	0.00	
34.00	1614.00	736.00	0.00	3810.00	349405.00	1.00	53.68	-0.86	5180.00	349405.00	91.71	38.00	255.00	28.65	820.95	6.23	0.00	91.71	0.00	0.00	0.00	1.16	3810.00	33.69	0.00	0.00	0.00	0.00	0.00	0.00	0.00	
35.00	1633.00	570.00	0.00	3758.00	363841.00	1.00	54.37	-1.10	5244.00	363841.00	96.82	39.00	253.00	27.78	771.97	6.14	0.00	96.82	0.00	0.00	0.00	1.14	3758.00	33.23	0.01	0.00	0.00	0.00	0.00	0.00	0.00	
36.00	1315.00	720.00	0.00	3745.00	360651.00	1.00	56.31	-0.75	4828.00	360651.00	96.30	33.00	247.00	31.98	1022.51	7.53	0.00	96.30	0.00	0.00	0.00	1.14	3745.00	33.11	0.00	0.00	0.00	0.00	0.00	0.00	0.00	
37.00	716.00	664.00	0.00	3743.00	461149.00	1.00	59.11	0.43	5476.00	461149.00	123.20	36.00	255.00	29.57	874.13	6.90	0.00	123.20	0.00	0.00	0.00	1.14	3743.00	33.10	0.02	0.00	0.00	0.00	0.00	0.00	0.00	
38.00	1077.00	689.00	0.00	3743.00	412787.00	1.00	57.82	-0.89	4828.00	412787.00	110.28	37.00	255.00	33.26	1106.21	8.24	0.00	110.28	0.00	0.00	0.00	1.12	3743.00	33.10	0.00	0.00	0.00	0.00	0.00	0.00	0.00	
39.00	1007.00	705.00	0.00	3709.00	403320.00	1.00	57.59	-1.34	4828.00	403320.00	108.74	35.00	242.00	27.86	776.05	6.57	0.00	108.74	0.00	0.00	0.00	1.12	3709.00	32.80	0.01	0.00	0.00	0.00	0.00	0.00	0.00	
40.00	830.00	302.00	0.00	3672.00	295794.00	1.00	49.52	0.46	5670.00	295794.00	80.55	37.00	222.00	31.53	994.37	5.18	0.00	80.55	0.00	0.00	0.00	1.23	3672.00	32.47	0.01	0.00	0.00	0.00	0.00	0.00	0.00	
41.00	503.00	242.00	0.00	3671.00	365787.00	1.00	42.79	-1.80	4984.00	365787.00	99.64	37.00	243.00	25.01	625.36	6.55	0.00	99.64	0.00	0.00	0.00	1.29	3671.00	32.46	0.00	0.00	0.00	0.00	0.00	0.00	0.00	
42.00	823.00	108.00	0.00	3615.00	362762.00	1.00	39.90	-1.46	4900.00	362762.00	100.35	38.00	246.00	26.45	699.80	7.17	0.00	100.35	0.00	0.00	0.00	1.32	3615.00	31.96	0.00	0.00	0.00	0.00	0.00	0.00	0.00	
43.00	784.00	698.00	0.00	3607.00	399297.00	1.00	57.05	-1.95	4828.00	399297.00	110.70	33.00	255.00	32.24	1039.58	7.88	0.00	110.70	0.00	0.00	0.00	1.12	3607.00	31.89	0.02	0.00	0.00	0.00	0.00	0.00	0.00	
44.00	589.00	745.00	0.00	3603.00	385042.00	1.00	56.08	0.38	4620.00	385042.00	106.87	36.00	255.00	33.79	1141.84	7.30	0.00	106.87	0.00	0.00	0.00	1.11	3603.00	31.86	0.00	0.00	0.00	0.00	0.00	0.00	0.00	
45.00	329.00	842.00	0.00	3554.00	206353.00	1.00	49.75	-2.31	4968.00	206353.00	58.06	38.00	137.00	13.46	181.08	2.70	0.00	58.06	0.00	0.00	0.00	1.17	3554.00	31.43	0.00	0.00	0.00	0.00	0.00	0.00	0.00	
46.00	64.00	570.00	0.00	3549.00	315784.00	1.00	51.96	0.75	5254.00	315784.00	88.98	35.00	245.00	27.69	766.75	5.94	0.00	88.98	0.00	0.00	0.00	1.16	3549.00	31.38	0.00	0.00	0.00	0.00	0.00	0.00	0.00	
47.00	446.00	783.00	0.00	3546.00	348090.00	1.00	54.73	-2.09	4757.00	348090.00	98.16	37.00	255.00	35.07	1229.96	6.87	0.00	98.16	0.00	0.00	0.00	1.12	3546.00	31.35	0.01	0.00	0.00	0.00	0.00	0.00	0.00	
48.00	732.00	300.00	0.00	3521.00	309587.00	1.00	49.93	0.60	6348.00	309587.00	87.93	36.00	243.00	35.22	1240.46	5.71	0.00	87.93	0.00	0.00	0.00	1.28	3521.00	31.13	0.01	0.00	0.00	0.00	0.00	0.00	0.00	
49.00	803.00	204.00	0.00	3510.00	363498.00	1.00	40.80	-1.69	4998.00	363498.00	103.56	37.00	240.00	27.26	743.31	7.29	0.00	103.56	0.00	0.00	0.00	1.30	3510.00	31.04	0.01	0.00	0.00	0.00	0.00	0.00	0.00	
50.00	1100.00	624.00	0.00	3504.00	392536.00	1.00	56.97	-1.19	4422.00	392536.00	112.03	35.00	255.00	34.48	1188.75	9.68	0.00	112.03	0.00	0.00	0.00	1.10	3504.00	30.98	0.00	0.00	0.00	0.00	0.00	0.00	0.00	
51.00	734.00	225.00	0.00	3499.00	357995.00	1.00	45.25	-1.13	5440.00	357995.00	102.31	36.00	231.00	26.93	725.40	6.35	0.00	102.31	0.00	0.00	0.00	1.22	3499.00	30.94	0.01	0.00	0.00	0.00	0.00	0.00	0.00	
52.00	661.00	739.00	0.00	3488.00	377469.00	1.00	54.59	0.41	4536.00	377469.00	108.22	39.00	255.00	30.74	944.65	6.85	0.00	108.22	0.00	0.00	0.00	1.12	3488.00	30.84	0.01	0.00	0.00	0.00	0.00	0.00	0.00	
53.00	1429.00	635.00	0.00	3487.00	335113.00	1.00	53.60	-1.02	4485.00	335113.00	96.10	39.00	249.00	31.73	1006.67	6.23	0.00	96.10	0.00	0.00	0.00	1.11	3487.00	30.83	0.00	0.00	0.00	0.00	0.00	0.00	0.00	
54.00	1374.00	678.00	0.00	3467.00	349516.00	1.00	53.24	-0.95	4347.00	349516.00	100.81	39.00	255.00	33.41	1116.01	7.42	0.00	100.81	0.00	0.00	0.00	1.12	3467.00	30.66	0.00	0.00	0.00	0.00	0.00	0.00	0.00	
55.00	142.00	670.00	0.00	3458.00	330636.00	1.00	53.22	-2.23	4899.00	330636.00	95.61	37.00	221.00	28.30	801.02	6.15	0.00	95.61	0.00	0.00	0.00	1.12	3458.00	30.58	0.01	0.00	0.00	0.00	0.00	0.00	0.00	
56.00	1515.00	628.00	0.00	3450.00	327859.00	1.00	53.75	-0.69	4356.00	327859.00	95.03	36.00	251.00	29.64	878.69	6.37	0.00	95.03	0.00	0.00	0.00	1.12	3450.00	30.51	0.00	0.00	0.00	0.00	0.00	0.00	0.00	
57.00	516.00	320.00	0.00	3445.00	292791.00	1.00	42.48	-0.96	6816.00	292791.00	84.99	37.00	240.00	34.79	1210.60	5.46	0.00	84.99	0.00	0.00	0.00	1.46	3445.00	30.46	0.02	0.00	0.00	0.00	0.00	0.00	0.00	
58.00	926.00	628.00	0.00	3445.00	399387.00	1.00	54.11	-1.06	4544.00	399387.00	115.93	35.00	255.00	33.40	1115.54	8.42	0.00	115.93	0.00	0.00	0.00	1.14	3445.00	30.46	0.01	0.00	0.00	0.00	0.00	0.00	0.00	
59.00	849.00	570.00	0.00	3437.00	390722.00	1.00	56.16	-1.41	4221.00	390722.00	113.68	37.00	255.00	32.25	1039.76	8.07	0.00	113.68	0.00	0.00	0.00	1.11	3437.00	30.39	0.00	0.00	0.00	0.00	0.00	0.00	0.00	
60.00	385.00	516.00	0.00	3433.00	344157.00	1.00	50.57	-1.99	5120.00	344157.00	100.25	34.00	255.00	33.13	1097.57	6.63	0.00	100.25	0.00	0.00	0.00	1.13	3433.00	30.36	0.01	0.00	0.00	0.00	0.00	0.00	0.00	
61.00	879.00	219.00	0.00	3428.00	396732.00	1.00	47.21	-1.45	5340.00	396732.00	115.73	39.00	255.00	34.25	1173.10	7.89	0.00	115.73	0.00	0.00	0.00	1.19	3428.00	30.31	0.01	0.00	0.00	0.00	0.00	0.00	0.00	
62.00	1535.00	477.00	0.00	3422.00	316840.00	1.00	48.12	-1.53	4640.00	316840.00	92.59	33.00	255.00	29.20	852.66	6.32	0.00	92.59	0.00	0.00	0.00	1.17	3422.00	30.26	0.01	0.00	0.00	0.00	0.00	0.00	0.00	
63.00	423.00	575.00	0.00	3413.00	300768.00	1.00	53.65	-2.27	4489.00	300768.00	88.12	37.00	246.00	23.25	540.56	5.69	0.00	88.12	0.00	0.00	0.00	1.11	3413.00	30.18	0.00	0.00	0.00	0.00	0.00	0.00	0.00	
64.00	826.00	644.00	0.00	3377.00	384714.00	1.00	53.61	-2.12	4620.00	384714.00	113.92	36.00	255.00	33.24	1104.89	8.11	0.00	113.92	0.00	0.00	0.00	1.10	3377.00	29.86	0.01	0.00	0.00	0.00	0.00	0.00	0.00	
65.00	1287.00	562.00	0.00	3368.00	372463.00	1.00	55.22	-1.46	4410.00	372463.00	110.59	38.00	255.00	32.47	1054.34	8.03	0.00	110.59	0.00	0.00	0.00	1.09	3368.00	29.78	0.01	0.00	0.00	0.00	0.00	0.00	0.00	
66.00	315.00	694.00	0.00	3352.00	318837.00	1.00	49.87	-2.33	4355.00	318837.00	95.12	34.00	245.00	26.43	698.40	6.52	0.00	95.12	0.00	0.00	0.00	1.14	3352.00	29.64	0.00	0.00	0.00	0.00	0.00	0.00	0.00	
67.00	637.00	573.00	0.00	3325.00	364063.00	1.00	52.28	-2.22	5180.00	364063.00	109.49	39.00	255.00	27.61	762.09	7.03	0.00	109.49	0.00	0.00	0.00	1.10	3325.00	29.40	0.01	0.00	0.00	0.00	0.00	0.00	0.00	
68.00	48.00	759.00	0.00	3303.00	301319.00	1.00	48.20	-2.34	4485.00	301319.00	91.23	38.00	242.00	28.46	810.05	6.32	0.00	91.23	0.00	0.00	0.00	1.14	3303.00	29.21	0.00	0.00	0.00	0.00	0.00	0.00	0.00	
69.00	475.00	342.00	0.00	3284.00	304422.00	1.00	50.41	-0.12	4960.00	304422.00	92.70	37.00	219.00	29.57	874.61	5.53	0.00	92.70	0.00	0.00	0.00	1.14	3284.00	29.04	0.02	0.00	0.00	0.00	0.00	0.00	0.00	
70.00	581.00	626.00	0.00	3283.00	314961.00	1.00	53.65	-2.27	4556.00	314961.00	95.94	39.00	220.00	25.08	628.78	7.27	0.00	95.94	0.00	0.00	0.00	1.08	3283.00	29.03	0.00	0.00	0.00	0.00	0.00	0.00	0.00	
71.00	702.00	530.00	0.00	3249.00	339115.00	1.00	52.79	-1.78	4020.00	339115.00	104.38	38.00	231.00	30.34	920.80	7.24	0.00	104.38	0.00	0.00	0.00	1.09	3249.00	28.73	0.00	0.00	0.00	0.00	0.00	0.00	0.00	
72.00	1158.00	572.00	0.00	3223.00	311775.00	1.00	53.22	-1.57	4087.00	311775.00	96.73	40.00	220.00	34.46	1187.51	7.87	0.00	96.73	0.00	0.00	0.00	1.08	3223.00	28.50	0.00	0.00	0.00	0.00	0.00	0.00	0.00	
73.00	406.00	666.00	0.00	3208.00	311107.00	1.00	49.89	0.62	4158.00	311107.00	96.98	40.00	255.00	25.30	639.90	6.44	0.00	96.98	0.00	0.00	0.00	1.11	3208.00	28.37	0.00	0.00	0.00	0.00	0.00	0.00	0.00	
74.00	1460.00	387.00	0.00	3196.00	300350.00	1.00	51.12	-0.17	4788.00	300350.00	93.98	36.00	228.00	23.53	553.44	6.46	0.00	93.98	0.00	0.00	0.00	1.11	3196.00	28.26	0.01	0.00	0.00	0.00	0.00	0.00	0.00	
75.00	728.00	587.00	0.00	3185.00	337907.00	1.00	51.76	0.46	4757.00	337907.00	106.09	35.00	249.00	31.43	987.89	6.85	0.00	106.09	0.00	0.00	0.00	1.08	3185.00	28.16	0.02	0.00	0.00	0.00	0.00	0.00	0.00	
76.00	1275.00	500.00	0.00	3183.00	327134.00	1.00	54.26	-0.75	4160.00	327134.00	102.78	35.00	255.00	33.50	1122.38	7.81	0.00	102.78	0.00	0.00	0.00	1.08	3183.00	28.14	0.01	0.00	0.00	0.00	0.00	0.00	0.00	
77.00	1359.00	547.00	0.00	3181.00	335997.00	1.00	49.52	-1.01	4480.00	335997.00	105.63	40.00	255.00	31.11	967.83	7.16	0.00	105.63	0.00	0.00	0.00	1.10	3181.00	28.13	0.00	0.00	0.00	0.00	0.00	0.00	0.00	
78.00	790.00	435.00	0.00	3176.00	337802.00	1.00	54.71	0.27	4752.00	337802.00	106.36	36.00	255.00	30.34	920.72	7.86	0.00	106.36	0.00	0.00	0.00	1.07	3176.00	28.08	0.01	0.00	0.00	0.00	0.00	0.00	0.00	
79.00	925.00	570.00	0.00	3151.00	337988.00	1.00	52.18	-1.60	4080.00	337988.00	107.26	39.00	254.00	32.39	1049.38	7.04	0.00	107.26	0.00	0.00	0.00	1.08	3151.00	27.86	0.01	0.00	0.00	0.00	0.00	0.00	0.00	
80.00	498.00	749.00	0.00	3151.00	306810.00	1.00	51.55	0.06	4608.00	306810.00	97.37	37.00	242.00	26.74	715.23	6.30	0.00	97.37	0.00	0.00	0.00	1.08	3151.00	27.86	0.01	0.00	0.00	0.00	0.00	0.00	0.00	
81.00	1054.00	545.00	0.00	3125.00	333171.00	1.00	51.26	-1.36	3894.00	333171.00	106.61	38.00	255.00	27.75	770.27	7.48	0.00	106.61	0.00	0.00	0.00	1.08	3125.00	27.63	0.01	0.00	0.00	0.00	0.00	0.00	0.00	
82.00	294.00	538.00	0.00	3108.00	308321.00	1.00	49.21	-2.25	4095.00	308321.00	99.20	36.00	239.00	27.27	743.92	6.39	0.00	99.20	0.00	0.00	0.00	1.10	3108.00	27.48	0.00	0.00	0.00	0.00	0.00	0.00	0.00	
83.00	265.00	758.00	0.00	3068.00	287463.00	1.00	47.85	0.25	4130.00	287463.00	93.70	40.00	237.00	28.30	800.90	7.19	0.00	93.70	0.00	0.00	0.00	1.08	3068.00	27.13	0.00	0.00	0.00	0.00	0.00	0.00	0.00	
84.00	634.00	675.00	0.00	3060.00	314339.00	1.00	46.87	-2.29	4095.00	314339.00	102.73	40.00	255.00	32.20	1036.97	7.23	0.00	102.73	0.00	0.00	0.00	1.13	3060.00	27.06	0.00	0.00	0.00	0.00	0.00	0.00	0.00	
85.00	995.00	536.00	0.00	3048.00	338775.00	1.00	52.45	-0.08	3965.00	338775.00	111.15	39.00	249.00	28.24	797.76	7.96	0.00	111.15	0.00	0.00	0.00	1.08	3048.00	26.95	0.01	0.00	0.00	0.00	0.00	0.00	0.00	
86.00	908.00	414.00	0.00	3034.00	346774.00	1.00	52.75	-1.75	3840.00	346774.00	114.30	36.00	255.00	30.29	917.59	7.55	0.00	114.30	0.00	0.00	0.00	1.10	3034.00	26.83	0.01	0.00	0.00	0.00	0.00	0.00	0.00	
87.00	807.00	1053.00	0.00	2981.00	321520.00	1.00	45.28	-1.54	3600.00	321520.00	107.86	40.00	255.00	31.35	982.89	8.33	0.00	107.86	0.00	0.00	0.00	1.14	2981.00	26.36	0.00	0.00	0.00	0.00	0.00	0.00	0.00	
88.00	261.00	625.00	0.00	2979.00	283208.00	1.00	47.08	0.73	3906.00	283208.00	95.07	40.00	255.00	27.59	761.06	6.74	0.00	95.07	0.00	0.00	0.00	1.10	2979.00	26.34	0.00	0.00	0.00	0.00	0.00	0.00	0.00	
89.00	29.00	529.00	0.00	2976.00	274350.00	1.00	48.14	-2.02	3780.00	274350.00	92.19	37.00	241.00	24.42	596.17	5.82	0.00	92.19	0.00	0.00	0.00	1.11	2976.00	26.31	0.01	0.00	0.00	0.00	0.00	0.00	0.00	
90.00	212.00	559.00	0.00	2918.00	268151.00	1.00	45.05	-2.15	4080.00	268151.00	91.90	40.00	248.00	26.34	693.91	6.15	0.00	91.90	0.00	0.00	0.00	1.11	2918.00	25.80	0.00	0.00	0.00	0.00	0.00	0.00	0.00	
91.00	1358.00	484.00	0.00	2910.00	295013.00	1.00	49.08	-0.71	3969.00	295013.00	101.38	40.00	242.00	26.92	724.89	6.79	0.00	101.38	0.00	0.00	0.00	1.06	2910.00	25.73	0.00	0.00	0.00	0.00	0.00	0.00	0.00	
92.00	629.00	445.00	0.00	2900.00	316409.00	1.00	45.59	-1.83	4176.00	316409.00	109.11	36.00	255.00	31.55	995.43	6.87	0.00	109.11	0.00	0.00	0.00	1.09	2900.00	25.64	0.02	0.00	0.00	0.00	0.00	0.00	0.00	
93.00	1134.00	485.00	0.00	2892.00	308546.00	1.00	49.98	-1.27	3770.00	308546.00	106.69	40.00	251.00	33.60	1128.77	7.51	0.00	106.69	0.00	0.00	0.00	1.05	2892.00	25.57	0.01	0.00	0.00	0.00	0.00	0.00	0.00	
94.00	547.00	568.00	0.00	2882.00	274778.00	1.00	48.04	0.76	3782.00	274778.00	95.34	36.00	236.00	30.65	939.43	6.49	0.00	95.34	0.00	0.00	0.00	1.07	2882.00	25.48	0.00	0.00	0.00	0.00	0.00	0.00	0.00	
95.00	261.00	445.00	0.00	2860.00	271721.00	1.00	47.01	-1.97	3685.00	271721.00	95.01	36.00	255.00	28.26	798.56	6.45	0.00	95.01	0.00	0.00	0.00	1.08	2860.00	25.29	0.01	0.00	0.00	0.00	0.00	0.00	0.00	
96.00	1252.00	428.00	0.00	2851.00	290267.00	1.00	49.54	-1.13	3780.00	290267.00	101.81	38.00	253.00	30.20	912.13	7.95	0.00	101.81	0.00	0.00	0.00	1.05	2851.00	25.21	0.00	0.00	0.00	0.00	0.00	0.00	0.00	
97.00	195.00	628.00	0.00	2847.00	265374.00	1.00	43.88	-2.24	4030.00	265374.00	93.21	39.00	215.00	23.79	565.81	6.64	0.00	93.21	0.00	0.00	0.00	1.12	2847.00	25.17	0.01	0.00	0.00	0.00	0.00	0.00	0.00	
98.00	326.00	466.00	0.00	2846.00	281311.00	1.00	46.46	-2.18	3894.00	281311.00	98.84	35.00	235.00	26.55	705.16	6.49	0.00	98.84	0.00	0.00	0.00	1.09	2846.00	25.16	0.00	0.00	0.00	0.00	0.00	0.00	0.00	
99.00	717.00	392.00	0.00	2832.00	301609.00	1.00	51.25	-1.54	3600.00	301609.00	106.50	40.00	255.00	30.12	907.23	7.85	0.00	106.50	0.00	0.00	0.00	1.06	2832.00	25.04	0.01	0.00	0.00	0.00	0.00	0.00	0.00	
100.00	661.00	300.00	0.00	2823.00	269078.00	1.00	43.05	-1.29	3796.00	269078.00	95.32	33.00	216.00	30.60	936.30	6.91	0.00	95.32	0.00	0.00	0.00	1.13	2823.00	24.96	0.01	0.00	0.00	0.00	0.00	0.00	0.00	
101.00	851.00	385.00	0.00	2813.00	296839.00	1.00	50.23	-1.19	3717.00	296839.00	105.52	39.00	205.00	26.43	698.37	6.91	0.00	105.52	0.00	0.00	0.00	1.06	2813.00	24.87	0.01	0.00	0.00	0.00	0.00	0.00	0.00	
102.00	777.00	531.00	0.00	2813.00	237124.00	1.00	49.14	-1.58	3828.00	237124.00	84.30	38.00	140.00	23.55	554.56	5.62	0.00	84.30	0.00	0.00	0.00	1.05	2813.00	24.87	0.00	0.00	0.00	0.00	0.00	0.00	0.00	
103.00	1616.00	629.00	0.00	2798.00	286962.00	1.00	44.09	-1.04	4355.00	286962.00	102.56	40.00	255.00	32.11	1030.83	7.22	0.00	102.56	0.00	0.00	0.00	1.18	2798.00	24.74	0.01	0.00	0.00	0.00	0.00	0.00	0.00	
104.00	559.00	417.00	0.00	2752.00	277851.00	1.00	43.89	-1.97	4088.00	277851.00	100.96	36.00	251.00	28.31	801.73	7.18	0.00	100.96	0.00	0.00	0.00	1.09	2752.00	24.33	0.01	0.00	0.00	0.00	0.00	0.00	0.00	
105.00	942.00	487.00	0.00	2749.00	298431.00	1.00	47.48	-1.13	3894.00	298431.00	108.56	40.00	255.00	29.69	881.39	7.63	0.00	108.56	0.00	0.00	0.00	1.04	2749.00	24.31	0.01	0.00	0.00	0.00	0.00	0.00	0.00	
106.00	413.00	427.00	0.00	2748.00	286067.00	1.00	45.15	-2.00	3630.00	286067.00	104.10	40.00	234.00	32.59	1061.96	7.12	0.00	104.10	0.00	0.00	0.00	1.07	2748.00	24.30	0.00	0.00	0.00	0.00	0.00	0.00	0.00	
107.00	883.00	331.00	0.00	2731.00	286713.00	1.00	48.10	-1.47	3705.00	286713.00	104.98	34.00	251.00	27.59	760.98	7.39	0.00	104.98	0.00	0.00	0.00	1.04	2731.00	24.15	0.00	0.00	0.00	0.00	0.00	0.00	0.00	
108.00	1187.00	465.00	0.00	2729.00	254529.00	1.00	48.75	-1.14	3477.00	254529.00	93.27	33.00	255.00	30.72	943.61	7.15	0.00	93.27	0.00	0.00	0.00	1.04	2729.00	24.13	0.01	0.00	0.00	0.00	0.00	0.00	0.00	
109.00	1579.00	338.00	0.00	2724.00	253953.00	1.00	44.31	-0.89	3776.00	253953.00	93.23	40.00	202.00	22.87	522.97	6.09	0.00	93.23	0.00	0.00	0.00	1.09	2724.00	24.09	0.01	0.00	0.00	0.00	0.00	0.00	0.00	
110.00	1187.00	683.00	0.00	2715.00	297068.00	1.00	44.31	-1.88	3990.00	297068.00	109.42	40.00	247.00	33.88	1147.89	7.90	0.00	109.42	0.00	0.00	0.00	1.09	2715.00	24.01	0.01	0.00	0.00	0.00	0.00	0.00	0.00	
111.00	1143.00	410.00	0.00	2702.00	292581.00	1.00	47.69	-1.32	3648.00	292581.00	108.28	36.00	255.00	35.02	1226.43	7.85	0.00	108.28	0.00	0.00	0.00	1.04	2702.00	23.89	0.00	0.00	0.00	0.00	0.00	0.00	0.00	
112.00	961.00	337.00	0.00	2681.00	302569.00	1.00	46.43	-1.52	3520.00	302569.00	112.86	37.00	241.00	28.58	816.94	7.20	0.00	112.86	0.00	0.00	0.00	1.04	2681.00	23.71	0.01	0.00	0.00	0.00	0.00	0.00	0.00	
113.00	1476.00	488.00	0.00	2669.00	190504.00	1.00	45.37	-0.54	3906.00	190504.00	71.38	40.00	179.00	15.14	229.17	3.72	0.00	71.38	0.00	0.00	0.00	1.11	2669.00	23.60	0.01	0.00	0.00	0.00	0.00	0.00	0.00	
114.00	1084.00	331.00	0.00	2645.00	266836.00	1.00	48.39	-1.63	3245.00	266836.00	100.88	39.00	255.00	31.68	1003.78	7.74	0.00	100.88	0.00	0.00	0.00	1.03	2645.00	23.39	0.00	0.00	0.00	0.00	0.00	0.00	0.00	
115.00	223.00	376.00	0.00	2644.00	240766.00	1.00	43.33	-1.90	3564.00	240766.00	91.06	34.00	217.00	25.14	631.93	6.12	0.00	91.06	0.00	0.00	0.00	1.06	2644.00	23.38	0.00	0.00	0.00	0.00	0.00	0.00	0.00	
116.00	1074.00	425.00	0.00	2616.00	254900.00	1.00	46.28	-1.46	3456.00	254900.00	97.44	37.00	229.00	30.76	946.44	6.96	0.00	97.44	0.00	0.00	0.00	1.02	2616.00	23.13	0.00	0.00	0.00	0.00	0.00	0.00	0.00	
117.00	794.00	376.00	0.00	2606.00	252155.00	1.00	47.55	-1.85	3245.00	252155.00	96.76	37.00	231.00	28.50	812.49	6.69	0.00	96.76	0.00	0.00	0.00	1.03	2606.00	23.04	0.01	0.00	0.00	0.00	0.00	0.00	0.00	
118.00	1333.00	410.00	0.00	2605.00	271965.00	1.00	44.66	-1.20	3510.00	271965.00	104.40	40.00	255.00	35.70	1274.23	8.12	0.00	104.40	0.00	0.00	0.00	1.04	2605.00	23.03	0.00	0.00	0.00	0.00	0.00	0.00	0.00	
119.00	1261.00	321.00	0.00	2591.00	250509.00	1.00	45.96	-1.33	3286.00	250509.00	96.68	40.00	244.00	28.73	825.43	6.86	0.00	96.68	0.00	0.00	0.00	1.03	2591.00	22.91	0.00	0.00	0.00	0.00	0.00	0.00	0.00	
120.00	680.00	465.00	0.00	2587.00	275141.00	1.00	43.59	-2.13	3696.00	275141.00	106.36	39.00	255.00	31.77	1009.56	7.40	0.00	106.36	0.00	0.00	0.00	1.07	2587.00	22.87	0.01	0.00	0.00	0.00	0.00	0.00	0.00	
121.00	995.00	380.00	0.00	2569.00	274734.00	1.00	48.67	-1.02	3840.00	274734.00	106.94	34.00	242.00	29.05	843.79	8.12	0.00	106.94	0.00	0.00	0.00	1.02	2569.00	22.72	0.02	0.00	0.00	0.00	0.00	0.00	0.00	
122.00	1764.00	783.00	0.00	2560.00	208642.00	1.00	42.87	-0.18	4047.00	208642.00	81.50	39.00	255.00	27.92	779.43	7.20	0.00	81.50	0.00	0.00	0.00	1.04	2560.00	22.64	0.00	0.00	0.00	0.00	0.00	0.00	0.00	
123.00	628.00	342.00	0.00	2533.00	254914.00	1.00	44.66	-1.47	3276.00	254914.00	100.64	34.00	255.00	28.67	821.95	6.97	0.00	100.64	0.00	0.00	0.00	1.04	2533.00	22.40	0.01	0.00	0.00	0.00	0.00	0.00	0.00	
124.00	618.00	530.00	0.00	2524.00	260574.00	1.00	41.48	-2.11	3894.00	260574.00	103.24	37.00	229.00	27.49	755.61	7.19	0.00	103.24	0.00	0.00	0.00	1.10	2524.00	22.32	0.01	0.00	0.00	0.00	0.00	0.00	0.00	
125.00	415.00	1053.00	0.00	2518.00	249954.00	1.00	45.86	-1.71	3300.00	249954.00	99.27	35.00	255.00	32.69	1068.39	6.72	0.00	99.27	0.00	0.00	0.00	1.09	2518.00	22.26	0.00	0.00	0.00	0.00	0.00	0.00	0.00	
126.00	1219.00	539.00	0.00	2500.00	272551.00	1.00	46.47	-0.22	3420.00	272551.00	109.02	38.00	249.00	34.85	1214.82	7.30	0.00	109.02	0.00	0.00	0.00	1.08	2500.00	22.11	0.01	0.00	0.00	0.00	0.00	0.00	0.00	
127.00	797.00	594.00	0.00	2495.00	300547.00	1.00	41.50	-0.23	3905.00	300547.00	120.46	34.00	245.00	35.42	1254.41	7.07	0.00	120.46	0.00	0.00	0.00	1.12	2495.00	22.06	0.03	0.00	0.00	0.00	0.00	0.00	0.00	
128.00	403.00	368.00	0.00	2466.00	241824.00	1.00	43.20	-1.87	3172.00	241824.00	98.06	40.00	255.00	29.10	846.62	6.77	0.00	98.06	0.00	0.00	0.00	1.03	2466.00	21.80	0.01	0.00	0.00	0.00	0.00	0.00	0.00	
129.00	876.00	682.00	0.00	2464.00	209167.00	1.00	45.43	-0.29	3819.00	209167.00	84.89	29.00	255.00	38.65	1493.49	7.29	0.00	84.89	0.00	0.00	0.00	1.04	2464.00	21.79	0.02	0.00	0.00	0.00	0.00	0.00	0.00	
130.00	984.00	452.00	0.00	2456.00	274049.00	1.00	43.29	-2.28	4096.00	274049.00	111.58	36.00	255.00	33.17	1100.22	7.92	0.00	111.58	0.00	0.00	0.00	1.06	2456.00	21.72	0.02	0.00	0.00	0.00	0.00	0.00	0.00	
131.00	106.00	368.00	0.00	2453.00	219073.00	1.00	41.83	-2.03	3276.00	219073.00	89.31	40.00	240.00	25.18	634.08	6.52	0.00	89.31	0.00	0.00	0.00	1.05	2453.00	21.69	0.00	0.00	0.00	0.00	0.00	0.00	0.00	
132.00	1344.00	334.00	0.00	2450.00	241321.00	1.00	43.92	-1.12	3294.00	241321.00	98.50	40.00	255.00	31.13	969.08	7.64	0.00	98.50	0.00	0.00	0.00	1.02	2450.00	21.66	0.00	0.00	0.00	0.00	0.00	0.00	0.00	
133.00	397.00	319.00	0.00	2444.00	229995.00	1.00	43.89	-1.82	3224.00	229995.00	94.11	33.00	224.00	27.57	759.90	6.95	0.00	94.11	0.00	0.00	0.00	1.02	2444.00	21.61	0.01	0.00	0.00	0.00	0.00	0.00	0.00	
134.00	1170.00	253.00	0.00	2440.00	235665.00	1.00	45.03	-1.95	3068.00	235665.00	96.58	36.00	211.00	27.07	732.64	7.17	0.00	96.58	0.00	0.00	0.00	1.01	2440.00	21.57	0.00	0.00	0.00	0.00	0.00	0.00	0.00	
135.00	831.00	471.00	0.00	2424.00	246787.00	1.00	42.94	-1.94	3276.00	246787.00	101.81	37.00	230.00	28.91	835.56	7.54	0.00	101.81	0.00	0.00	0.00	1.02	2424.00	21.43	0.01	0.00	0.00	0.00	0.00	0.00	0.00	
136.00	1635.00	460.00	0.00	2407.00	140798.00	1.00	40.36	-1.12	3575.00	140798.00	58.50	32.00	156.00	16.04	257.43	3.99	0.00	58.50	0.00	0.00	0.00	1.09	2407.00	21.28	0.00	0.00	0.00	0.00	0.00	0.00	0.00	
137.00	106.00	640.00	0.00	2399.00	207178.00	1.00	37.34	-2.33	3782.00	207178.00	86.36	40.00	185.00	21.77	473.97	5.65	0.00	86.36	0.00	0.00	0.00	1.17	2399.00	21.21	0.01	0.00	0.00	0.00	0.00	0.00	0.00	
138.00	1164.00	319.00	0.00	2378.00	240354.00	1.00	44.37	-1.63	3172.00	240354.00	101.07	40.00	255.00	33.69	1135.13	8.19	0.00	101.07	0.00	0.00	0.00	1.00	2378.00	21.03	0.00	0.00	0.00	0.00	0.00	0.00	0.00	
139.00	575.00	226.00	0.00	2373.00	248604.00	1.00	43.57	-1.95	2958.00	248604.00	104.76	36.00	255.00	34.52	1191.46	7.94	0.00	104.76	0.00	0.00	0.00	1.02	2373.00	20.98	0.01	0.00	0.00	0.00	0.00	0.00	0.00	
140.00	580.00	278.00	0.00	2370.00	233451.00	1.00	43.91	-2.13	3190.00	233451.00	98.50	39.00	215.00	24.72	611.12	7.42	0.00	98.50	0.00	0.00	0.00	1.01	2370.00	20.96	0.00	0.00	0.00	0.00	0.00	0.00	0.00	
141.00	71.00	476.00	0.00	2344.00	170069.00	1.00	38.51	-1.96	3055.00	170069.00	72.56	39.00	255.00	28.89	834.84	6.05	0.00	72.56	0.00	0.00	0.00	1.11	2344.00	20.73	0.00	0.00	0.00	0.00	0.00	0.00	0.00	
142.00	1608.00	384.00	0.00	2327.00	219647.00	1.00	43.58	-1.37	3472.00	219647.00	94.39	38.00	219.00	22.40	501.67	6.43	0.00	94.39	0.00	0.00	0.00	1.02	2327.00	20.58	0.01	0.00	0.00	0.00	0.00	0.00	0.00	
143.00	978.00	292.00	0.00	2320.00	250572.00	1.00	42.04	-1.32	3050.00	250572.00	108.01	32.00	240.00	29.55	873.02	7.12	0.00	108.01	0.00	0.00	0.00	1.01	2320.00	20.51	0.02	0.00	0.00	0.00	0.00	0.00	0.00	
144.00	243.00	304.00	0.00	2291.00	215755.00	1.00	44.10	-1.48	2891.00	215755.00	94.18	37.00	255.00	31.15	970.31	6.98	0.00	94.18	0.00	0.00	0.00	1.02	2291.00	20.26	0.01	0.00	0.00	0.00	0.00	0.00	0.00	
145.00	349.00	408.00	0.00	2288.00	217318.00	1.00	42.12	0.75	2912.00	217318.00	94.98	34.00	249.00	29.36	862.24	7.84	0.00	94.98	0.00	0.00	0.00	1.03	2288.00	20.23	0.00	0.00	0.00	0.00	0.00	0.00	0.00	
146.00	1028.00	313.00	0.00	2253.00	223830.00	1.00	43.67	-1.52	2958.00	223830.00	99.35	39.00	219.00	28.55	815.28	6.48	0.00	99.35	0.00	0.00	0.00	1.00	2253.00	19.92	0.01	0.00	0.00	0.00	0.00	0.00	0.00	
147.00	333.00	354.00	0.00	2251.00	227595.00	1.00	41.80	-2.27	3025.00	227595.00	101.11	37.00	243.00	29.39	863.61	7.43	0.00	101.11	0.00	0.00	0.00	1.03	2251.00	19.90	0.01	0.00	0.00	0.00	0.00	0.00	0.00	
148.00	1244.00	255.00	0.00	2217.00	214028.00	1.00	41.96	-1.38	2900.00	214028.00	96.54	39.00	241.00	29.59	875.75	7.39	0.00	96.54	0.00	0.00	0.00	0.99	2217.00	19.60	0.00	0.00	0.00	0.00	0.00	0.00	0.00	
149.00	1356.00	190.00	0.00	2206.00	224557.00	1.00	41.24	-1.27	2842.00	224557.00	101.79	38.00	248.00	31.24	975.97	7.63	0.00	101.79	0.00	0.00	0.00	1.00	2206.00	19.51	0.00	0.00	0.00	0.00	0.00	0.00	0.00	
150.00	644.00	221.00	0.00	2202.00	215226.00	1.00	41.23	-1.89	2832.00	215226.00	97.74	40.00	255.00	32.28	1041.82	7.29	0.00	97.74	0.00	0.00	0.00	1.00	2202.00	19.47	0.00	0.00	0.00	0.00	0.00	0.00	0.00	
151.00	1107.00	251.00	0.00	2179.00	210766.00	1.00	40.11	-1.75	2928.00	210766.00	96.73	40.00	255.00	30.20	912.23	7.21	0.00	96.73	0.00	0.00	0.00	0.99	2179.00	19.27	0.00	0.00	0.00	0.00	0.00	0.00	0.00	
152.00	751.00	151.00	0.00	2173.00	210497.00	1.00	42.93	-1.61	2800.00	210497.00	96.87	40.00	243.00	29.24	855.21	7.73	0.00	96.87	0.00	0.00	0.00	0.98	2173.00	19.21	0.00	0.00	0.00	0.00	0.00	0.00	0.00	
153.00	1414.00	326.00	0.00	2158.00	181182.00	1.00	40.88	-0.81	2862.00	181182.00	83.96	35.00	255.00	32.37	1048.13	7.36	0.00	83.96	0.00	0.00	0.00	1.02	2158.00	19.08	0.00	0.00	0.00	0.00	0.00	0.00	0.00	
154.00	876.00	162.00	0.00	2145.00	215080.00	1.00	42.05	-1.52	2640.00	215080.00	100.27	39.00	229.00	30.48	929.13	7.42	0.00	100.27	0.00	0.00	0.00	0.98	2145.00	18.97	0.00	0.00	0.00	0.00	0.00	0.00	0.00	
155.00	126.00	299.00	0.00	2136.00	181543.00	1.00	39.74	-2.08	2900.00	181543.00	84.99	40.00	196.00	20.64	425.99	6.15	0.00	84.99	0.00	0.00	0.00	1.01	2136.00	18.89	0.00	0.00	0.00	0.00	0.00	0.00	0.00	
156.00	328.00	307.00	0.00	2122.00	190317.00	1.00	39.63	-2.09	2695.00	190317.00	89.69	36.00	230.00	27.38	749.65	7.36	0.00	89.69	0.00	0.00	0.00	1.01	2122.00	18.76	0.01	0.00	0.00	0.00	0.00	0.00	0.00	
157.00	424.00	244.00	0.00	2089.00	180696.00	1.00	41.53	-1.99	2800.00	180696.00	86.50	40.00	255.00	34.14	1165.55	7.96	0.00	86.50	0.00	0.00	0.00	0.98	2089.00	18.47	0.00	0.00	0.00	0.00	0.00	0.00	0.00	
158.00	1299.00	182.00	0.00	2082.00	194755.00	1.00	38.82	-1.60	2714.00	194755.00	93.54	38.00	224.00	27.66	765.20	7.36	0.00	93.54	0.00	0.00	0.00	0.99	2082.00	18.41	0.00	0.00	0.00	0.00	0.00	0.00	0.00	
159.00	584.00	148.00	0.00	2074.00	198595.00	1.00	40.97	-1.63	2679.00	198595.00	95.75	40.00	241.00	30.69	941.61	7.39	0.00	95.75	0.00	0.00	0.00	0.97	2074.00	18.34	0.00	0.00	0.00	0.00	0.00	0.00	0.00	
160.00	1352.00	138.00	0.00	2065.00	201810.00	1.00	40.60	-1.26	2592.00	201810.00	97.73	40.00	251.00	30.69	942.11	7.74	0.00	97.73	0.00	0.00	0.00	0.98	2065.00	18.26	0.00	0.00	0.00	0.00	0.00	0.00	0.00	
161.00	302.00	203.00	0.00	2055.00	185166.00	1.00	39.23	-1.92	2668.00	185166.00	90.11	38.00	233.00	28.65	821.06	7.58	0.00	90.11	0.00	0.00	0.00	1.00	2055.00	18.17	0.00	0.00	0.00	0.00	0.00	0.00	0.00	
162.00	1245.00	146.00	0.00	2052.00	195890.00	1.00	40.11	-1.29	2632.00	195890.00	95.46	36.00	234.00	29.97	898.45	8.08	0.00	95.46	0.00	0.00	0.00	0.98	2052.00	18.14	0.00	0.00	0.00	0.00	0.00	0.00	0.00	
163.00	1219.00	201.00	0.00	2028.00	196701.00	1.00	38.80	-1.16	2576.00	196701.00	96.99	40.00	249.00	28.70	823.86	7.65	0.00	96.99	0.00	0.00	0.00	0.99	2028.00	17.93	0.00	0.00	0.00	0.00	0.00	0.00	0.00	
164.00	252.00	505.00	0.00	2008.00	190166.00	1.00	37.01	-1.41	3264.00	190166.00	94.70	39.00	246.00	29.10	846.99	6.28	0.00	94.70	0.00	0.00	0.00	1.03	2008.00	17.76	0.02	0.00	0.00	0.00	0.00	0.00	0.00	
165.00	496.00	176.00	0.00	1995.00	165486.00	1.00	39.38	-1.61	2576.00	165486.00	82.95	40.00	221.00	30.41	924.61	7.00	0.00	82.95	0.00	0.00	0.00	0.96	1995.00	17.64	0.00	0.00	0.00	0.00	0.00	0.00	0.00	
166.00	1314.00	273.00	0.00	1990.00	188347.00	1.00	37.68	-1.16	2585.00	188347.00	94.65	40.00	238.00	26.08	680.11	7.21	0.00	94.65	0.00	0.00	0.00	0.99	1990.00	17.60	0.00	0.00	0.00	0.00	0.00	0.00	0.00	
167.00	981.00	192.00	0.00	1958.00	226293.00	1.00	39.75	-1.81	2530.00	226293.00	115.57	40.00	245.00	32.45	1052.81	7.75	0.00	115.57	0.00	0.00	0.00	0.97	1958.00	17.31	0.02	0.00	0.00	0.00	0.00	0.00	0.00	
168.00	1028.00	200.00	0.00	1934.00	201887.00	1.00	40.30	-1.85	2484.00	201887.00	104.39	40.00	224.00	30.88	953.44	7.46	0.00	104.39	0.00	0.00	0.00	0.97	1934.00	17.10	0.01	0.00	0.00	0.00	0.00	0.00	0.00	
169.00	1442.00	429.00	0.00	1933.00	187210.00	1.00	32.04	-1.01	3276.00	187210.00	96.85	35.00	211.00	23.79	566.05	6.51	0.00	96.85	0.00	0.00	0.00	1.16	1933.00	17.09	0.02	0.00	0.00	0.00	0.00	0.00	0.00	
170.00	1456.00	138.00	0.00	1916.00	177784.00	1.00	36.66	-1.45	2494.00	177784.00	92.79	40.00	248.00	29.92	895.49	7.99	0.00	92.79	0.00	0.00	0.00	0.97	1916.00	16.94	0.00	0.00	0.00	0.00	0.00	0.00	0.00	
171.00	1143.00	153.00	0.00	1887.00	180984.00	1.00	37.28	-1.41	2464.00	180984.00	95.91	39.00	206.00	24.14	582.78	7.46	0.00	95.91	0.00	0.00	0.00	0.96	1887.00	16.69	0.00	0.00	0.00	0.00	0.00	0.00	0.00	
172.00	562.00	1061.00	0.00	1876.00	204173.00	1.00	30.20	-1.71	2516.00	204173.00	108.83	40.00	255.00	36.85	1357.79	7.47	0.00	108.83	0.00	0.00	0.00	1.15	1876.00	16.59	0.01	0.00	0.00	0.00	0.00	0.00	0.00	
173.00	436.00	187.00	0.00	1868.00	170381.00	1.00	36.06	-1.89	2365.00	170381.00	91.21	37.00	232.00	30.02	901.27	7.34	0.00	91.21	0.00	0.00	0.00	0.98	1868.00	16.52	0.00	0.00	0.00	0.00	0.00	0.00	0.00	
174.00	1231.00	95.00	0.00	1858.00	178986.00	1.00	37.18	-1.38	2508.00	178986.00	96.33	39.00	233.00	29.65	879.24	8.24	0.00	96.33	0.00	0.00	0.00	0.95	1858.00	16.43	0.00	0.00	0.00	0.00	0.00	0.00	0.00	
175.00	748.00	68.00	0.00	1857.00	178511.00	1.00	37.39	-1.60	2508.00	178511.00	96.13	40.00	249.00	29.82	889.30	7.82	0.00	96.13	0.00	0.00	0.00	0.95	1857.00	16.42	0.00	0.00	0.00	0.00	0.00	0.00	0.00	
176.00	16.00	687.00	0.00	1851.00	146757.00	1.00	35.25	0.26	2440.00	146757.00	79.29	38.00	255.00	23.12	534.50	6.00	0.00	79.29	0.00	0.00	0.00	1.08	1851.00	16.37	0.00	0.00	0.00	0.00	0.00	0.00	0.00	
177.00	561.00	99.00	0.00	1842.00	177558.00	1.00	35.41	-1.66	2436.00	177558.00	96.39	34.00	240.00	27.63	763.43	8.01	0.00	96.39	0.00	0.00	0.00	0.96	1842.00	16.29	0.00	0.00	0.00	0.00	0.00	0.00	0.00	
178.00	1073.00	169.00	0.00	1832.00	144283.00	1.00	37.77	-1.43	2376.00	144283.00	78.76	40.00	222.00	25.05	627.70	6.43	0.00	78.76	0.00	0.00	0.00	0.94	1832.00	16.20	0.00	0.00	0.00	0.00	0.00	0.00	0.00	
179.00	669.00	104.00	0.00	1798.00	177888.00	1.00	36.67	-1.71	2322.00	177888.00	98.94	37.00	255.00	30.34	920.49	8.39	0.00	98.94	0.00	0.00	0.00	0.95	1798.00	15.90	0.00	0.00	0.00	0.00	0.00	0.00	0.00	
180.00	671.00	390.00	0.00	1797.00	208542.00	1.00	34.37	0.04	2240.00	208542.00	116.05	38.00	255.00	30.33	919.93	7.36	0.00	116.05	0.00	0.00	0.00	1.08	1797.00	15.89	0.03	0.00	0.00	0.00	0.00	0.00	0.00	
181.00	1119.00	112.00	0.00	1767.00	158769.00	1.00	36.58	-1.53	2310.00	158769.00	89.85	35.00	193.00	22.55	508.39	6.90	0.00	89.85	0.00	0.00	0.00	0.94	1767.00	15.62	0.00	0.00	0.00	0.00	0.00	0.00	0.00	
182.00	420.00	112.00	0.00	1757.00	150807.00	1.00	36.72	-2.22	2254.00	150807.00	85.83	40.00	190.00	19.67	386.92	6.60	0.00	85.83	0.00	0.00	0.00	0.96	1757.00	15.54	0.00	0.00	0.00	0.00	0.00	0.00	0.00	
183.00	916.00	280.00	0.00	1735.00	198196.00	1.00	35.27	-1.26	2622.00	198196.00	114.23	36.00	255.00	36.60	1339.43	9.03	0.00	114.23	0.00	0.00	0.00	1.00	1735.00	15.34	0.02	0.00	0.00	0.00	0.00	0.00	0.00	
184.00	193.00	335.00	0.00	1723.00	156312.00	1.00	38.58	-0.93	2744.00	156312.00	90.72	31.00	193.00	22.01	484.54	6.27	0.00	90.72	0.00	0.00	0.00	0.96	1723.00	15.24	0.02	0.00	0.00	0.00	0.00	0.00	0.00	
185.00	709.00	1062.00	0.00	1721.00	170439.00	1.00	28.61	-1.58	2280.00	170439.00	99.03	40.00	253.00	34.06	1160.25	8.01	0.00	99.03	0.00	0.00	0.00	1.14	1721.00	15.22	0.00	0.00	0.00	0.00	0.00	0.00	0.00	
186.00	618.00	103.00	0.00	1689.00	159890.00	1.00	35.09	-1.70	2322.00	159890.00	94.67	37.00	255.00	31.17	971.27	8.62	0.00	94.67	0.00	0.00	0.00	0.95	1689.00	14.93	0.01	0.00	0.00	0.00	0.00	0.00	0.00	
187.00	1032.00	71.00	0.00	1686.00	159236.00	1.00	35.23	-1.53	2173.00	159236.00	94.45	34.00	219.00	29.41	864.78	7.66	0.00	94.45	0.00	0.00	0.00	0.93	1686.00	14.91	0.00	0.00	0.00	0.00	0.00	0.00	0.00	
188.00	500.00	92.00	0.00	1673.00	151739.00	1.00	36.43	-1.91	2193.00	151739.00	90.70	37.00	255.00	28.30	800.80	8.54	0.00	90.70	0.00	0.00	0.00	0.98	1673.00	14.79	0.00	0.00	0.00	0.00	0.00	0.00	0.00	
189.00	606.00	398.00	0.00	1669.00	172630.00	1.00	31.83	-0.51	2784.00	172630.00	103.43	37.00	192.00	22.13	489.75	5.77	0.00	103.43	0.00	0.00	0.00	1.06	1669.00	14.76	0.04	0.00	0.00	0.00	0.00	0.00	0.00	
190.00	953.00	235.00	0.00	1553.00	166727.00	1.00	33.76	-0.69	2256.00	166727.00	107.36	40.00	255.00	34.20	1169.68	7.92	0.00	107.36	0.00	0.00	0.00	0.98	1553.00	13.73	0.02	0.00	0.00	0.00	0.00	0.00	0.00	
191.00	899.00	27.00	0.00	1531.00	132660.00	1.00	33.91	-1.37	2288.00	132660.00	86.65	38.00	255.00	28.92	836.38	8.75	0.00	86.65	0.00	0.00	0.00	0.91	1531.00	13.54	0.00	0.00	0.00	0.00	0.00	0.00	0.00	
192.00	14.00	618.00	0.00	1507.00	139748.00	1.00	35.51	0.12	2537.00	139748.00	92.73	33.00	255.00	38.94	1516.23	8.52	0.00	92.73	0.00	0.00	0.00	1.02	1507.00	13.33	0.00	0.00	0.00	0.00	0.00	0.00	0.00	
193.00	966.00	416.00	0.00	1474.00	161983.00	1.00	26.66	0.12	2142.00	161983.00	109.89	38.00	192.00	23.15	535.85	5.06	0.00	109.89	0.00	0.00	0.00	1.09	1474.00	13.03	0.05	0.00	0.00	0.00	0.00	0.00	0.00	
194.00	767.00	610.00	0.00	1466.00	164458.00	1.00	29.84	-0.21	2170.00	164458.00	112.18	41.00	185.00	17.51	306.75	4.72	0.00	112.18	0.00	0.00	0.00	0.96	1466.00	12.96	0.06	0.00	0.00	0.00	0.00	0.00	0.00	
195.00	1146.00	34.00	0.00	1451.00	121585.00	1.00	33.55	-1.39	2142.00	121585.00	83.79	39.00	255.00	25.76	663.65	7.65	0.00	83.79	0.00	0.00	0.00	0.89	1451.00	12.83	0.00	0.00	0.00	0.00	0.00	0.00	0.00	
196.00	581.00	52.00	0.00	1398.00	93504.00	1.00	33.42	-1.29	1872.00	93504.00	66.88	37.00	148.00	17.60	309.63	5.08	0.00	66.88	0.00	0.00	0.00	0.90	1398.00	12.36	0.00	0.00	0.00	0.00	0.00	0.00	0.00	
197.00	926.00	249.00	0.00	1387.00	148859.00	1.00	28.66	-0.61	2064.00	148859.00	107.32	37.00	243.00	22.28	496.60	5.74	0.00	107.32	0.00	0.00	0.00	1.01	1387.00	12.26	0.05	0.00	0.00	0.00	0.00	0.00	0.00	
199.00	180.00	1065.00	0.00	1132.00	95407.00	1.00	22.88	-1.58	1620.00	95407.00	84.28	40.00	123.00	15.77	248.54	4.85	0.00	84.28	0.00	0.00	0.00	1.01	1132.00	10.01	0.00	0.00	0.00	0.00	0.00	0.00	0.00	
200.00	1093.00	11.00	0.00	1130.00	102358.00	1.00	24.47	-1.53	1300.00	102358.00	90.58	37.00	185.00	22.60	510.82	6.89	0.00	90.58	0.00	0.00	0.00	0.94	1130.00	9.99	0.00	0.00	0.00	0.00	0.00	0.00	0.00	
201.00	705.00	11.00	0.00	1014.00	87137.00	1.00	25.31	-1.52	1500.00	87137.00	85.93	37.00	255.00	37.91	1436.82	10.20	0.00	85.93	0.00	0.00	0.00	0.94	1014.00	8.97	0.00	0.00	0.00	0.00	0.00	0.00	0.00	
202.00	643.00	18.00	0.00	1001.00	79498.00	1.00	22.58	-2.06	1440.00	79498.00	79.42	40.00	116.00	15.51	240.47	6.75	0.00	79.42	0.00	0.00	0.00	0.97	1001.00	8.85	0.00	0.00	0.00	0.00	0.00	0.00	0.00	
203.00	696.00	336.00	0.00	985.00	45204.00	1.00	28.58	-0.71	1295.00	45204.00	45.89	38.00	59.00	3.19	10.18	1.32	0.00	45.89	0.00	0.00	0.00	0.82	985.00	8.71	0.04	0.00	0.00	0.00	0.00	0.00	0.00	
204.00	269.00	483.00	0.00	925.00	90570.00	1.00	20.86	-1.24	1470.00	90570.00	97.91	35.00	137.00	19.34	373.85	5.40	0.00	97.91	0.00	0.00	0.00	1.00	925.00	8.18	0.05	0.00	0.00	0.00	0.00	0.00	0.00	
205.00	756.00	654.00	0.00	899.00	108256.00	1.00	18.11	-0.78	1848.00	108256.00	120.42	33.00	255.00	41.12	1691.08	9.85	0.00	120.42	0.00	0.00	0.00	1.18	899.00	7.95	0.08	0.00	0.00	0.00	0.00	0.00	0.00	
206.00	946.00	411.00	0.00	886.00	115024.00	1.00	17.26	0.08	1007.00	115024.00	129.82	40.00	255.00	36.67	1344.83	9.94	0.00	129.82	0.00	0.00	0.00	1.00	886.00	7.83	0.06	0.00	0.00	0.00	0.00	0.00	0.00	
207.00	629.00	376.00	0.00	814.00	82738.00	1.00	21.52	-1.57	1125.00	82738.00	101.64	38.00	144.00	18.33	335.84	5.09	0.00	101.64	0.00	0.00	0.00	0.94	814.00	7.20	0.07	0.00	0.00	0.00	0.00	0.00	0.00	
208.00	756.00	635.00	0.00	758.00	91179.00	1.00	14.88	-0.92	1932.00	91179.00	120.29	41.00	191.00	24.86	617.81	6.57	0.00	120.29	0.00	0.00	0.00	1.26	758.00	6.70	0.09	0.00	0.00	0.00	0.00	0.00	0.00	
209.00	430.00	500.00	0.00	729.00	37153.00	1.00	17.17	-0.33	1196.00	37153.00	50.96	38.00	58.00	3.56	12.70	1.67	0.00	50.96	0.00	0.00	0.00	0.95	729.00	6.45	0.06	0.00	0.00	0.00	0.00	0.00	0.00	
210.00	1249.00	546.00	0.00	640.00	57610.00	1.00	18.31	0.12	924.00	57610.00	90.02	36.00	121.00	18.92	357.92	5.43	0.00	90.02	0.00	0.00	0.00	0.82	640.00	5.66	0.07	0.00	0.00	0.00	0.00	0.00	0.00	
211.00	215.00	323.00	0.00	561.00	56555.00	1.00	15.26	-0.61	1178.00	56555.00	100.81	40.00	144.00	18.23	332.32	6.00	0.00	100.81	0.00	0.00	0.00	0.97	561.00	4.96	0.08	0.00	0.00	0.00	0.00	0.00	0.00	
213.00	519.00	439.00	0.00	465.00	27616.00	1.00	20.35	-1.87	528.00	27616.00	59.39	40.00	65.00	3.73	13.88	1.68	0.00	59.39	0.00	0.00	0.00	0.69	465.00	4.11	0.07	0.00	0.00	0.00	0.00	0.00	0.00	
214.00	635.00	398.00	0.00	456.00	47728.00	1.00	18.73	0.11	560.00	47728.00	104.67	39.00	167.00	24.22	586.72	5.80	0.00	104.67	0.00	0.00	0.00	0.73	456.00	4.03	0.08	0.00	0.00	0.00	0.00	0.00	0.00	
215.00	1616.00	602.00	0.00	398.00	36112.00	1.00	12.86	-1.14	589.00	36112.00	90.73	40.00	112.00	10.66	113.64	4.23	0.00	90.73	0.00	0.00	0.00	0.83	398.00	3.52	0.10	0.00	0.00	0.00	0.00	0.00	0.00	
216.00	650.00	395.00	0.00	378.00	35116.00	1.00	11.94	0.08	455.00	35116.00	92.90	41.00	113.00	11.72	137.25	3.52	0.00	92.90	0.00	0.00	0.00	0.80	378.00	3.34	0.10	0.00	0.00	0.00	0.00	0.00	0.00	
217.00	809.00	338.00	0.00	356.00	15906.00	1.00	11.31	-1.12	693.00	15906.00	44.68	38.00	52.00	2.85	8.13	1.81	0.00	44.68	0.00	0.00	0.00	0.91	356.00	3.15	0.06	0.00	0.00	0.00	0.00	0.00	0.00	
219.00	275.00	1072.00	0.00	205.00	11796.00	0.99	5.94	-1.58	222.00	11796.00	57.54	40.00	72.00	7.31	53.50	5.20	0.00	57.54	0.00	0.00	0.00	0.87	205.00	1.81	0.00	0.00	0.00	0.00	0.00	0.00	0.00	
221.00	654.00	40.00	0.00	128.00	11205.00	0.99	9.43	-1.50	140.00	11205.00	87.54	39.00	255.00	64.39	4145.45	30.02	0.00	87.54	0.00	0.00	0.00	0.52	128.00	1.13	0.00	0.00	0.00	0.00	0.00	0.00	0.00	
222.00	487.00	287.00	0.00	124.00	6582.00	0.99	6.18	-1.70	184.00	6582.00	53.08	41.00	69.00	6.53	42.63	4.48	0.00	53.08	0.00	0.00	0.00	0.66	124.00	1.10	0.10	0.00	0.00	0.00	0.00	0.00	0.00	
223.00	629.00	739.00	0.00	119.00	8491.00	0.98	5.25	-0.03	162.00	8491.00	71.35	40.00	105.00	16.91	285.93	12.26	0.00	71.35	0.00	0.00	0.00	0.72	119.00	1.05	0.10	0.00	0.00	0.00	0.00	0.00	0.00	
224.00	1737.00	760.00	0.00	118.00	5090.00	1.00	10.20	-0.20	132.00	5090.00	43.14	37.00	51.00	3.44	11.83	2.44	0.00	43.14	0.00	0.00	0.00	0.49	118.00	1.04	0.00	0.00	0.00	0.00	0.00	0.00	0.00	
225.00	295.00	467.00	0.00	94.00	6355.00	0.98	5.50	0.08	133.00	6355.00	67.61	38.00	97.00	18.31	335.42	10.98	0.00	67.61	0.00	0.00	0.00	0.60	94.00	0.83	0.10	0.00	0.00	0.00	0.00	0.00	0.00	
226.00	964.00	176.00	0.00	92.00	6813.00	0.98	4.61	-2.10	247.00	6813.00	74.05	40.00	100.00	18.15	329.57	13.32	0.00	74.05	0.00	0.00	0.00	0.81	92.00	0.81	0.13	0.00	0.00	0.00	0.00	0.00	0.00	
227.00	892.00	460.00	0.00	79.00	3511.00	0.99	8.25	-0.46	100.00	3511.00	44.44	39.00	52.00	3.32	11.04	2.65	0.00	44.44	0.00	0.00	0.00	0.45	79.00	0.70	0.00	0.00	0.00	0.00	0.00	0.00	0.00	
