ID	centroid_x	centroid_y	centroid_z	volume	integrated_intensity	eccentricity	elongation	orientation	bounding_box_volume	sum	mean	minimum	maximum	sigma	variance	surface_gradient	interior_gradient	surface_intensity	interior_intensity	intensity_ratio	convexity	radius_variation	surface_area	shape	shared_boundary	t_energy	t_entropy	inverse_diff_moment	inertia	cluster_shade	cluster_prominence	
1.00	634.00	551.00	0.00	5911.00	631240.00	1.00	60.06	-0.28	8748.00	631240.00	106.79	35.00	233.00	27.14	736.82	7.12	0.00	106.79	0.00	0.00	0.00	1.38	5911.00	52.27	0.00	0.00	0.00	0.00	0.00	0.00	0.00	
2.00	968.00	925.00	0.00	5791.00	648531.00	1.00	63.29	-0.39	9804.00	648531.00	111.99	34.00	255.00	40.13	1610.24	8.55	0.00	111.99	0.00	0.00	0.00	1.36	5791.00	51.21	0.01	0.00	0.00	0.00	0.00	0.00	0.00	
3.00	136.00	654.00	0.00	5738.00	544884.00	1.00	62.08	-1.11	9152.00	544884.00	94.96	38.00	235.00	26.19	685.94	5.68	0.00	94.96	0.00	0.00	0.00	1.32	5738.00	50.74	0.00	0.00	0.00	0.00	0.00	0.00	0.00	
4.00	485.00	1011.00	0.00	5025.00	495172.00	1.00	63.76	0.61	6794.00	495172.00	98.54	36.00	243.00	25.45	647.82	6.09	0.00	98.54	0.00	0.00	0.00	1.22	5025.00	44.43	0.00	0.00	0.00	0.00	0.00	0.00	0.00	
5.00	589.00	1015.00	0.00	4933.00	530092.00	1.00	65.86	-2.23	6480.00	530092.00	107.46	37.00	253.00	31.11	967.87	6.93	0.00	107.46	0.00	0.00	0.00	1.22	4933.00	43.62	0.00	0.00	0.00	0.00	0.00	0.00	0.00	
6.00	386.00	995.00	0.00	4919.00	476045.00	1.00	62.34	0.61	6630.00	476045.00	96.78	35.00	255.00	30.54	932.66	6.57	0.00	96.78	0.00	0.00	0.00	1.22	4919.00	43.49	0.00	0.00	0.00	0.00	0.00	0.00	0.00	
7.00	859.00	978.00	0.00	4869.00	562642.00	1.00	65.56	0.25	6000.00	562642.00	115.56	37.00	255.00	35.84	1284.66	9.59	0.00	115.56	0.00	0.00	0.00	1.20	4869.00	43.05	0.00	0.00	0.00	0.00	0.00	0.00	0.00	
8.00	120.00	1037.00	0.00	4825.00	420266.00	1.00	59.71	0.78	6396.00	420266.00	87.10	38.00	241.00	24.18	584.45	5.20	0.00	87.10	0.00	0.00	0.00	1.25	4825.00	42.66	0.00	0.00	0.00	0.00	0.00	0.00	0.00	
9.00	338.00	944.00	0.00	4742.00	445787.00	1.00	61.02	0.65	6160.00	445787.00	94.01	34.00	251.00	28.07	787.82	5.84	0.00	94.01	0.00	0.00	0.00	1.22	4742.00	41.93	0.00	0.00	0.00	0.00	0.00	0.00	0.00	
10.00	1461.00	854.00	0.00	4737.00	474572.00	1.00	62.34	-0.93	6560.00	474572.00	100.18	38.00	243.00	26.89	723.24	6.72	0.00	100.18	0.00	0.00	0.00	1.20	4737.00	41.89	0.00	0.00	0.00	0.00	0.00	0.00	0.00	
11.00	720.00	658.00	0.00	4731.00	599598.00	1.00	60.74	-2.27	6723.00	599598.00	126.74	34.00	255.00	30.10	906.07	8.06	0.00	126.74	0.00	0.00	0.00	1.22	4731.00	41.83	0.01	0.00	0.00	0.00	0.00	0.00	0.00	
12.00	465.00	507.00	0.00	4668.00	376620.00	1.00	55.72	-1.05	6942.00	376620.00	80.68	35.00	246.00	30.89	954.24	4.69	0.00	80.68	0.00	0.00	0.00	1.29	4668.00	41.28	0.01	0.00	0.00	0.00	0.00	0.00	0.00	
13.00	962.00	687.00	0.00	4631.00	503232.00	1.00	55.01	-1.48	7560.00	503232.00	108.67	38.00	255.00	35.09	1231.28	7.13	0.00	108.67	0.00	0.00	0.00	1.27	4631.00	40.95	0.02	0.00	0.00	0.00	0.00	0.00	0.00	
14.00	1672.00	913.00	0.00	4615.00	433485.00	1.00	58.60	-0.79	6400.00	433485.00	93.93	39.00	248.00	26.86	721.34	5.94	0.00	93.93	0.00	0.00	0.00	1.22	4615.00	40.81	0.00	0.00	0.00	0.00	0.00	0.00	0.00	
16.00	1571.00	839.00	0.00	4510.00	426044.00	1.00	59.44	-0.80	6240.00	426044.00	94.47	36.00	254.00	27.19	739.56	6.89	0.00	94.47	0.00	0.00	0.00	1.20	4510.00	39.88	0.00	0.00	0.00	0.00	0.00	0.00	0.00	
17.00	776.00	945.00	0.00	4503.00	480502.00	1.00	62.46	0.32	5467.00	480502.00	106.71	35.00	254.00	28.30	800.87	8.18	0.00	106.71	0.00	0.00	0.00	1.18	4503.00	39.82	0.00	0.00	0.00	0.00	0.00	0.00	0.00	
18.00	719.00	881.00	0.00	4476.00	502668.00	1.00	62.84	0.53	6080.00	502668.00	112.30	39.00	255.00	34.10	1163.12	9.56	0.00	112.30	0.00	0.00	0.00	1.17	4476.00	39.58	0.00	0.00	0.00	0.00	0.00	0.00	0.00	
19.00	490.00	418.00	0.00	4413.00	342422.00	1.00	54.76	-0.37	7584.00	342422.00	77.59	31.00	213.00	26.18	685.27	4.65	0.00	77.59	0.00	0.00	0.00	1.30	4413.00	39.02	0.01	0.00	0.00	0.00	0.00	0.00	0.00	
20.00	901.00	863.00	0.00	4399.00	491714.00	1.00	63.14	0.28	5698.00	491714.00	111.78	38.00	255.00	32.02	1025.52	9.06	0.00	111.78	0.00	0.00	0.00	1.16	4399.00	38.90	0.00	0.00	0.00	0.00	0.00	0.00	0.00	
21.00	1195.00	747.00	0.00	4338.00	487438.00	1.00	61.13	-1.06	5460.00	487438.00	112.36	36.00	255.00	32.38	1048.65	8.41	0.00	112.36	0.00	0.00	0.00	1.20	4338.00	38.36	0.01	0.00	0.00	0.00	0.00	0.00	0.00	
22.00	1012.00	833.00	0.00	4335.00	520049.00	1.00	63.28	-0.15	5850.00	520049.00	119.97	36.00	255.00	39.74	1579.63	9.03	0.00	119.97	0.00	0.00	0.00	1.17	4335.00	38.33	0.01	0.00	0.00	0.00	0.00	0.00	0.00	
23.00	186.00	982.00	0.00	4335.00	390487.00	1.00	54.21	0.75	6084.00	390487.00	90.08	36.00	255.00	27.67	765.52	5.40	0.00	90.08	0.00	0.00	0.00	1.25	4335.00	38.33	0.00	0.00	0.00	0.00	0.00	0.00	0.00	
24.00	1381.00	762.00	0.00	4234.00	460740.00	1.00	59.69	-0.98	5772.00	460740.00	108.82	37.00	255.00	31.95	1020.76	8.60	0.00	108.82	0.00	0.00	0.00	1.16	4234.00	37.44	0.00	0.00	0.00	0.00	0.00	0.00	0.00	
25.00	947.00	808.00	0.00	4222.00	509688.00	1.00	63.09	-0.55	5400.00	509688.00	120.72	31.00	255.00	33.19	1101.73	9.05	0.00	120.72	0.00	0.00	0.00	1.15	4222.00	37.33	0.01	0.00	0.00	0.00	0.00	0.00	0.00	
26.00	1735.00	704.00	0.00	4095.00	396136.00	1.00	56.14	-0.87	5476.00	396136.00	96.74	34.00	255.00	25.18	633.99	6.21	0.00	96.74	0.00	0.00	0.00	1.18	4095.00	36.21	0.00	0.00	0.00	0.00	0.00	0.00	0.00	
27.00	1473.00	766.00	0.00	4072.00	402558.00	1.00	56.93	-0.86	6006.00	402558.00	98.86	37.00	255.00	31.05	963.97	6.75	0.00	98.86	0.00	0.00	0.00	1.16	4072.00	36.01	0.00	0.00	0.00	0.00	0.00	0.00	0.00	
28.00	1696.00	810.00	0.00	4072.00	375207.00	1.00	54.33	-0.79	5624.00	375207.00	92.14	38.00	227.00	24.35	592.87	6.39	0.00	92.14	0.00	0.00	0.00	1.19	4072.00	36.01	0.00	0.00	0.00	0.00	0.00	0.00	0.00	
29.00	735.00	225.00	0.00	4018.00	404311.00	1.00	50.78	-0.84	5994.00	404311.00	100.62	32.00	229.00	28.59	817.59	6.68	0.00	100.62	0.00	0.00	0.00	1.24	4018.00	35.53	0.01	0.00	0.00	0.00	0.00	0.00	0.00	
30.00	465.00	869.00	0.00	3991.00	387148.00	1.00	56.50	0.60	5244.00	387148.00	97.01	34.00	255.00	31.78	1010.16	6.49	0.00	97.01	0.00	0.00	0.00	1.16	3991.00	35.29	0.00	0.00	0.00	0.00	0.00	0.00	0.00	
31.00	921.00	737.00	0.00	3931.00	476491.00	1.00	59.34	-0.87	5328.00	476491.00	121.21	34.00	255.00	34.06	1160.06	8.67	0.00	121.21	0.00	0.00	0.00	1.13	3931.00	34.76	0.01	0.00	0.00	0.00	0.00	0.00	0.00	
32.00	517.00	325.00	0.00	3930.00	326441.00	1.00	44.99	-0.94	7828.00	326441.00	83.06	33.00	244.00	36.43	1327.48	5.31	0.00	83.06	0.00	0.00	0.00	1.51	3930.00	34.75	0.02	0.00	0.00	0.00	0.00	0.00	0.00	
33.00	849.00	803.00	0.00	3871.00	395582.00	1.00	58.96	0.22	5254.00	395582.00	102.19	34.00	255.00	32.87	1080.33	8.18	0.00	102.19	0.00	0.00	0.00	1.12	3871.00	34.23	0.00	0.00	0.00	0.00	0.00	0.00	0.00	
34.00	177.00	876.00	0.00	3850.00	350829.00	1.00	53.81	0.72	5256.00	350829.00	91.12	37.00	255.00	31.31	980.10	6.39	0.00	91.12	0.00	0.00	0.00	1.16	3850.00	34.04	0.00	0.00	0.00	0.00	0.00	0.00	0.00	
35.00	786.00	696.00	0.00	3846.00	418269.00	1.00	60.43	-2.01	4830.00	418269.00	108.75	35.00	255.00	32.74	1071.99	8.36	0.00	108.75	0.00	0.00	0.00	1.15	3846.00	34.01	0.01	0.00	0.00	0.00	0.00	0.00	0.00	
36.00	720.00	735.00	0.00	3837.00	443678.00	1.00	59.31	0.35	4761.00	443678.00	115.63	38.00	255.00	30.54	932.63	7.51	0.00	115.63	0.00	0.00	0.00	1.15	3837.00	33.93	0.01	0.00	0.00	0.00	0.00	0.00	0.00	
37.00	1613.00	734.00	0.00	3835.00	346871.00	1.00	53.02	-0.96	5092.00	346871.00	90.45	39.00	230.00	28.01	784.53	5.86	0.00	90.45	0.00	0.00	0.00	1.17	3835.00	33.91	0.00	0.00	0.00	0.00	0.00	0.00	0.00	
38.00	843.00	730.00	0.00	3829.00	446364.00	1.00	57.90	0.67	5550.00	446364.00	116.57	33.00	255.00	34.39	1182.46	8.89	0.00	116.57	0.00	0.00	0.00	1.13	3829.00	33.86	0.01	0.00	0.00	0.00	0.00	0.00	0.00	
39.00	1636.00	572.00	0.00	3808.00	367725.00	1.00	57.25	-0.96	5180.00	367725.00	96.57	38.00	255.00	28.12	790.46	6.47	0.00	96.57	0.00	0.00	0.00	1.14	3808.00	33.67	0.01	0.00	0.00	0.00	0.00	0.00	0.00	
40.00	592.00	738.00	0.00	3803.00	411216.00	1.00	57.97	0.77	5183.00	411216.00	108.13	34.00	255.00	33.68	1134.31	7.30	0.00	108.13	0.00	0.00	0.00	1.12	3803.00	33.63	0.01	0.00	0.00	0.00	0.00	0.00	0.00	
41.00	1067.00	800.00	0.00	3793.00	417787.00	1.00	56.39	-0.68	5476.00	417787.00	110.15	39.00	255.00	29.97	898.17	7.86	0.00	110.15	0.00	0.00	0.00	1.13	3793.00	33.54	0.01	0.00	0.00	0.00	0.00	0.00	0.00	
42.00	977.00	118.00	0.00	3737.00	375693.00	1.00	50.47	-0.08	4880.00	375693.00	100.53	34.00	255.00	29.11	847.53	6.70	0.00	100.53	0.00	0.00	0.00	1.22	3737.00	33.04	0.01	0.00	0.00	0.00	0.00	0.00	0.00	
43.00	1533.00	474.00	0.00	3703.00	336019.00	1.00	48.11	-1.49	5336.00	336019.00	90.74	37.00	255.00	29.04	843.30	5.99	0.00	90.74	0.00	0.00	0.00	1.23	3703.00	32.74	0.01	0.00	0.00	0.00	0.00	0.00	0.00	
44.00	806.00	1049.00	0.00	3696.00	368904.00	1.00	54.32	-1.61	4636.00	368904.00	99.81	39.00	228.00	30.76	946.25	8.21	0.00	99.81	0.00	0.00	0.00	1.18	3696.00	32.68	0.00	0.00	0.00	0.00	0.00	0.00	0.00	
45.00	1314.00	717.00	0.00	3660.00	365531.00	1.00	55.73	-0.85	5184.00	365531.00	99.87	39.00	255.00	33.42	1116.81	8.21	0.00	99.87	0.00	0.00	0.00	1.11	3660.00	32.36	0.00	0.00	0.00	0.00	0.00	0.00	0.00	
46.00	503.00	243.00	0.00	3636.00	271771.00	1.00	42.18	-1.72	4641.00	271771.00	74.74	39.00	219.00	26.94	725.93	5.01	0.00	74.74	0.00	0.00	0.00	1.27	3636.00	32.15	0.00	0.00	0.00	0.00	0.00	0.00	0.00	
47.00	851.00	568.00	0.00	3632.00	423492.00	1.00	57.11	-1.36	4818.00	423492.00	116.60	35.00	250.00	32.32	1044.58	8.08	0.00	116.60	0.00	0.00	0.00	1.11	3632.00	32.11	0.01	0.00	0.00	0.00	0.00	0.00	0.00	
48.00	1075.00	688.00	0.00	3617.00	395713.00	1.00	55.91	-1.01	4899.00	395713.00	109.40	35.00	255.00	32.92	1083.79	7.95	0.00	109.40	0.00	0.00	0.00	1.11	3617.00	31.98	0.00	0.00	0.00	0.00	0.00	0.00	0.00	
49.00	1512.00	618.00	0.00	3605.00	337356.00	1.00	57.68	-0.19	5025.00	337356.00	93.58	35.00	255.00	35.46	1257.59	6.94	0.00	93.58	0.00	0.00	0.00	1.17	3605.00	31.88	0.00	0.00	0.00	0.00	0.00	0.00	0.00	
50.00	879.00	220.00	0.00	3599.00	408148.00	1.00	44.51	-1.44	5115.00	408148.00	113.41	37.00	255.00	32.61	1063.45	7.78	0.00	113.41	0.00	0.00	0.00	1.27	3599.00	31.82	0.01	0.00	0.00	0.00	0.00	0.00	0.00	
51.00	825.00	302.00	0.00	3588.00	267937.00	1.00	47.83	0.61	5400.00	267937.00	74.68	38.00	131.00	19.23	369.84	3.94	0.00	74.68	0.00	0.00	0.00	1.24	3588.00	31.73	0.00	0.00	0.00	0.00	0.00	0.00	0.00	
52.00	1361.00	674.00	0.00	3558.00	361816.00	1.00	53.79	-1.38	4650.00	361816.00	101.69	31.00	255.00	32.30	1043.45	7.63	0.00	101.69	0.00	0.00	0.00	1.12	3558.00	31.46	0.00	0.00	0.00	0.00	0.00	0.00	0.00	
53.00	825.00	108.00	0.00	3544.00	360291.00	1.00	41.12	-1.44	4784.00	360291.00	101.66	38.00	243.00	28.68	822.44	7.57	0.00	101.66	0.00	0.00	0.00	1.28	3544.00	31.34	0.00	0.00	0.00	0.00	0.00	0.00	0.00	
54.00	1437.00	639.00	0.00	3542.00	347001.00	1.00	54.76	-1.02	4416.00	347001.00	97.97	38.00	252.00	29.86	891.44	6.54	0.00	97.97	0.00	0.00	0.00	1.11	3542.00	31.32	0.00	0.00	0.00	0.00	0.00	0.00	0.00	
55.00	63.00	570.00	0.00	3521.00	309060.00	1.00	51.64	0.69	5180.00	309060.00	87.78	33.00	242.00	30.90	954.87	6.50	0.00	87.78	0.00	0.00	0.00	1.15	3521.00	31.13	0.00	0.00	0.00	0.00	0.00	0.00	0.00	
56.00	329.00	842.00	0.00	3508.00	197862.00	1.00	48.70	-2.31	4968.00	197862.00	56.40	38.00	136.00	12.90	166.46	2.66	0.00	56.40	0.00	0.00	0.00	1.18	3508.00	31.02	0.00	0.00	0.00	0.00	0.00	0.00	0.00	
57.00	1098.00	622.00	0.00	3499.00	390234.00	1.00	56.50	-1.36	4488.00	390234.00	111.53	36.00	255.00	35.43	1255.01	10.15	0.00	111.53	0.00	0.00	0.00	1.10	3499.00	30.94	0.00	0.00	0.00	0.00	0.00	0.00	0.00	
58.00	386.00	514.00	0.00	3479.00	344290.00	1.00	49.61	-2.05	4940.00	344290.00	98.96	37.00	255.00	33.78	1140.75	6.71	0.00	98.96	0.00	0.00	0.00	1.18	3479.00	30.76	0.01	0.00	0.00	0.00	0.00	0.00	0.00	
59.00	1291.00	553.00	0.00	3478.00	376069.00	1.00	54.26	-1.31	4410.00	376069.00	108.13	37.00	255.00	32.72	1070.86	7.73	0.00	108.13	0.00	0.00	0.00	1.10	3478.00	30.75	0.01	0.00	0.00	0.00	0.00	0.00	0.00	
60.00	703.00	535.00	0.00	3471.00	365946.00	1.00	56.76	-0.75	4422.00	365946.00	105.43	36.00	230.00	30.75	945.32	7.18	0.00	105.43	0.00	0.00	0.00	1.11	3471.00	30.69	0.01	0.00	0.00	0.00	0.00	0.00	0.00	
61.00	496.00	746.00	0.00	3418.00	330613.00	1.00	52.33	0.65	4422.00	330613.00	96.73	37.00	205.00	22.97	527.84	6.32	0.00	96.73	0.00	0.00	0.00	1.12	3418.00	30.22	0.01	0.00	0.00	0.00	0.00	0.00	0.00	
62.00	1195.00	686.00	0.00	3414.00	367659.00	1.00	52.36	-1.34	4176.00	367659.00	107.69	36.00	255.00	32.42	1051.20	7.85	0.00	107.69	0.00	0.00	0.00	1.13	3414.00	30.19	0.01	0.00	0.00	0.00	0.00	0.00	0.00	
63.00	442.00	784.00	0.00	3398.00	336153.00	1.00	54.43	0.44	4550.00	336153.00	98.93	37.00	255.00	34.34	1179.04	7.13	0.00	98.93	0.00	0.00	0.00	1.10	3398.00	30.05	0.01	0.00	0.00	0.00	0.00	0.00	0.00	
64.00	724.00	298.00	0.00	3390.00	292460.00	1.00	49.95	0.67	5688.00	292460.00	86.27	33.00	255.00	33.75	1139.18	5.54	0.00	86.27	0.00	0.00	0.00	1.19	3390.00	29.98	0.01	0.00	0.00	0.00	0.00	0.00	0.00	
65.00	317.00	697.00	0.00	3387.00	330180.00	1.00	51.76	-2.29	4692.00	330180.00	97.48	37.00	255.00	27.20	739.80	6.46	0.00	97.48	0.00	0.00	0.00	1.11	3387.00	29.95	0.01	0.00	0.00	0.00	0.00	0.00	0.00	
66.00	632.00	684.00	0.00	3378.00	364527.00	1.00	51.10	-1.93	4464.00	364527.00	107.91	37.00	255.00	30.74	945.05	6.66	0.00	107.91	0.00	0.00	0.00	1.11	3378.00	29.87	0.01	0.00	0.00	0.00	0.00	0.00	0.00	
67.00	911.00	585.00	0.00	3369.00	372832.00	1.00	50.78	0.50	5082.00	372832.00	110.67	39.00	255.00	28.76	827.03	6.52	0.00	110.67	0.00	0.00	0.00	1.17	3369.00	29.79	0.02	0.00	0.00	0.00	0.00	0.00	0.00	
68.00	52.00	759.00	0.00	3340.00	297965.00	1.00	47.70	-2.32	4620.00	297965.00	89.21	38.00	223.00	27.64	764.24	6.44	0.00	89.21	0.00	0.00	0.00	1.16	3340.00	29.53	0.00	0.00	0.00	0.00	0.00	0.00	0.00	
69.00	914.00	429.00	0.00	3331.00	374770.00	1.00	55.12	-2.19	5180.00	374770.00	112.51	35.00	255.00	35.52	1261.66	8.28	0.00	112.51	0.00	0.00	0.00	1.17	3331.00	29.45	0.01	0.00	0.00	0.00	0.00	0.00	0.00	
70.00	409.00	659.00	0.00	3308.00	326250.00	1.00	49.57	-2.26	4410.00	326250.00	98.62	39.00	255.00	28.07	788.02	6.74	0.00	98.62	0.00	0.00	0.00	1.13	3308.00	29.25	0.00	0.00	0.00	0.00	0.00	0.00	0.00	
71.00	1223.00	557.00	0.00	3306.00	337526.00	1.00	50.51	-1.19	4402.00	337526.00	102.09	33.00	255.00	33.35	1111.94	7.38	0.00	102.09	0.00	0.00	0.00	1.11	3306.00	29.23	0.01	0.00	0.00	0.00	0.00	0.00	0.00	
72.00	420.00	574.00	0.00	3289.00	280977.00	1.00	51.25	-2.25	4416.00	280977.00	85.43	38.00	224.00	22.31	497.53	5.56	0.00	85.43	0.00	0.00	0.00	1.11	3289.00	29.08	0.00	0.00	0.00	0.00	0.00	0.00	0.00	
73.00	786.00	434.00	0.00	3241.00	349874.00	1.00	55.33	-1.96	4757.00	349874.00	107.95	38.00	250.00	30.78	947.51	8.49	0.00	107.95	0.00	0.00	0.00	1.08	3241.00	28.66	0.00	0.00	0.00	0.00	0.00	0.00	0.00	
74.00	1353.00	483.00	0.00	3229.00	328244.00	1.00	53.57	-1.19	4352.00	328244.00	101.65	37.00	232.00	25.89	670.04	7.01	0.00	101.65	0.00	0.00	0.00	1.08	3229.00	28.55	0.00	0.00	0.00	0.00	0.00	0.00	0.00	
75.00	1157.00	569.00	0.00	3209.00	277517.00	1.00	53.45	-1.54	4347.00	277517.00	86.48	39.00	172.00	31.78	1009.69	6.38	0.00	86.48	0.00	0.00	0.00	1.08	3209.00	28.37	0.00	0.00	0.00	0.00	0.00	0.00	0.00	
76.00	533.00	488.00	0.00	3180.00	328933.00	1.00	53.98	-2.09	4278.00	328933.00	103.44	32.00	254.00	26.81	718.98	7.19	0.00	103.44	0.00	0.00	0.00	1.08	3180.00	28.12	0.01	0.00	0.00	0.00	0.00	0.00	0.00	
77.00	997.00	533.00	0.00	3166.00	344372.00	1.00	53.63	-1.44	4224.00	344372.00	108.77	36.00	243.00	28.38	805.66	7.77	0.00	108.77	0.00	0.00	0.00	1.07	3166.00	27.99	0.00	0.00	0.00	0.00	0.00	0.00	0.00	
78.00	834.00	637.00	0.00	3155.00	372416.00	1.00	54.35	-2.20	4224.00	372416.00	118.04	39.00	255.00	33.71	1136.70	8.16	0.00	118.04	0.00	0.00	0.00	1.07	3155.00	27.90	0.01	0.00	0.00	0.00	0.00	0.00	0.00	
79.00	275.00	750.00	0.00	3149.00	305603.00	1.00	48.21	0.59	4340.00	305603.00	97.05	36.00	243.00	29.95	897.05	7.07	0.00	97.05	0.00	0.00	0.00	1.11	3149.00	27.84	0.01	0.00	0.00	0.00	0.00	0.00	0.00	
80.00	1613.00	624.00	0.00	3144.00	318107.00	1.00	46.27	-0.97	4480.00	318107.00	101.18	38.00	255.00	31.06	964.73	6.64	0.00	101.18	0.00	0.00	0.00	1.16	3144.00	27.80	0.01	0.00	0.00	0.00	0.00	0.00	0.00	
81.00	584.00	616.00	0.00	3130.00	293237.00	1.00	52.40	0.72	3844.00	293237.00	93.69	37.00	255.00	29.00	841.21	7.01	0.00	93.69	0.00	0.00	0.00	1.08	3130.00	27.68	0.00	0.00	0.00	0.00	0.00	0.00	0.00	
82.00	1249.00	436.00	0.00	3124.00	332824.00	1.00	53.20	-1.43	4030.00	332824.00	106.54	35.00	255.00	29.37	862.88	8.78	0.00	106.54	0.00	0.00	0.00	1.07	3124.00	27.62	0.00	0.00	0.00	0.00	0.00	0.00	0.00	
83.00	475.00	347.00	0.00	3081.00	287892.00	1.00	50.07	-0.04	4464.00	287892.00	93.44	37.00	223.00	27.73	769.14	5.30	0.00	93.44	0.00	0.00	0.00	1.10	3081.00	27.24	0.02	0.00	0.00	0.00	0.00	0.00	0.00	
84.00	294.00	537.00	0.00	3080.00	301298.00	1.00	48.72	-2.29	4030.00	301298.00	97.82	38.00	244.00	27.31	746.08	6.62	0.00	97.82	0.00	0.00	0.00	1.10	3080.00	27.23	0.01	0.00	0.00	0.00	0.00	0.00	0.00	
85.00	1013.00	982.00	0.00	3076.00	246495.00	1.00	46.53	0.40	4898.00	246495.00	80.13	34.00	154.00	27.67	765.70	6.87	0.00	80.13	0.00	0.00	0.00	1.14	3076.00	27.20	0.01	0.00	0.00	0.00	0.00	0.00	0.00	
86.00	770.00	531.00	0.00	3074.00	285529.00	1.00	51.26	-1.13	4032.00	285529.00	92.89	36.00	255.00	34.53	1192.20	7.42	0.00	92.89	0.00	0.00	0.00	1.11	3074.00	27.18	0.00	0.00	0.00	0.00	0.00	0.00	0.00	
87.00	1363.00	545.00	0.00	3073.00	321278.00	1.00	47.91	-1.01	4209.00	321278.00	104.55	37.00	255.00	30.35	921.20	7.31	0.00	104.55	0.00	0.00	0.00	1.10	3073.00	27.17	0.00	0.00	0.00	0.00	0.00	0.00	0.00	
88.00	263.00	448.00	0.00	3023.00	283747.00	1.00	49.34	-2.05	3886.00	283747.00	93.86	38.00	236.00	27.09	733.86	6.27	0.00	93.86	0.00	0.00	0.00	1.08	3023.00	26.73	0.01	0.00	0.00	0.00	0.00	0.00	0.00	
89.00	1058.00	543.00	0.00	2993.00	317332.00	1.00	51.08	-1.19	4030.00	317332.00	106.02	37.00	255.00	31.89	1016.67	8.11	0.00	106.02	0.00	0.00	0.00	1.07	2993.00	26.46	0.00	0.00	0.00	0.00	0.00	0.00	0.00	
90.00	260.00	627.00	0.00	2992.00	283790.00	1.00	47.70	0.68	3965.00	283790.00	94.85	39.00	255.00	27.31	745.71	6.78	0.00	94.85	0.00	0.00	0.00	1.09	2992.00	26.46	0.00	0.00	0.00	0.00	0.00	0.00	0.00	
91.00	325.00	472.00	0.00	2966.00	298569.00	1.00	48.01	-2.15	4030.00	298569.00	100.66	39.00	251.00	30.53	932.37	7.15	0.00	100.66	0.00	0.00	0.00	1.08	2966.00	26.23	0.00	0.00	0.00	0.00	0.00	0.00	0.00	
92.00	548.00	558.00	0.00	2958.00	286742.00	1.00	49.84	0.70	3904.00	286742.00	96.94	38.00	250.00	33.42	1116.66	7.07	0.00	96.94	0.00	0.00	0.00	1.07	2958.00	26.16	0.00	0.00	0.00	0.00	0.00	0.00	0.00	
93.00	1136.00	486.00	0.00	2893.00	310515.00	1.00	50.42	-1.10	3894.00	310515.00	107.33	39.00	253.00	34.13	1165.03	7.89	0.00	107.33	0.00	0.00	0.00	1.05	2893.00	25.58	0.01	0.00	0.00	0.00	0.00	0.00	0.00	
94.00	1280.00	491.00	0.00	2871.00	285532.00	1.00	48.08	-0.75	3844.00	285532.00	99.45	34.00	255.00	31.28	978.64	7.26	0.00	99.45	0.00	0.00	0.00	1.07	2871.00	25.39	0.01	0.00	0.00	0.00	0.00	0.00	0.00	
95.00	560.00	422.00	0.00	2856.00	294347.00	1.00	45.15	-1.93	4218.00	294347.00	103.06	34.00	233.00	26.02	677.00	6.61	0.00	103.06	0.00	0.00	0.00	1.08	2856.00	25.25	0.01	0.00	0.00	0.00	0.00	0.00	0.00	
96.00	824.00	481.00	0.00	2851.00	293765.00	1.00	49.40	-1.93	3960.00	293765.00	103.04	35.00	237.00	28.27	799.44	8.34	0.00	103.04	0.00	0.00	0.00	1.05	2851.00	25.21	0.00	0.00	0.00	0.00	0.00	0.00	0.00	
97.00	664.00	391.00	0.00	2824.00	289315.00	1.00	48.03	-1.87	3472.00	289315.00	102.45	35.00	248.00	30.06	903.75	6.65	0.00	102.45	0.00	0.00	0.00	1.06	2824.00	24.97	0.01	0.00	0.00	0.00	0.00	0.00	0.00	
98.00	1770.00	782.00	0.00	2804.00	209707.00	1.00	48.20	-0.08	4012.00	209707.00	74.79	35.00	255.00	24.75	612.73	6.14	0.00	74.79	0.00	0.00	0.00	1.08	2804.00	24.79	0.00	0.00	0.00	0.00	0.00	0.00	0.00	
99.00	1457.00	381.00	0.00	2794.00	263909.00	1.00	46.80	-1.28	3819.00	263909.00	94.46	39.00	237.00	23.43	549.04	6.64	0.00	94.46	0.00	0.00	0.00	1.05	2794.00	24.71	0.01	0.00	0.00	0.00	0.00	0.00	0.00	
100.00	730.00	586.00	0.00	2793.00	294534.00	1.00	46.39	-2.33	4095.00	294534.00	105.45	34.00	255.00	30.51	930.65	6.57	0.00	105.45	0.00	0.00	0.00	1.09	2793.00	24.70	0.02	0.00	0.00	0.00	0.00	0.00	0.00	
101.00	210.00	565.00	0.00	2789.00	257775.00	1.00	43.11	-2.18	3819.00	257775.00	92.43	39.00	235.00	27.55	759.04	6.29	0.00	92.43	0.00	0.00	0.00	1.12	2789.00	24.66	0.00	0.00	0.00	0.00	0.00	0.00	0.00	
102.00	927.00	632.00	0.00	2758.00	328300.00	1.00	46.37	-2.07	4140.00	328300.00	119.04	33.00	255.00	33.77	1140.31	8.61	0.00	119.04	0.00	0.00	0.00	1.11	2758.00	24.39	0.02	0.00	0.00	0.00	0.00	0.00	0.00	
103.00	1338.00	411.00	0.00	2733.00	280219.00	1.00	46.35	-1.35	3696.00	280219.00	102.53	37.00	255.00	35.36	1250.57	8.16	0.00	102.53	0.00	0.00	0.00	1.04	2733.00	24.17	0.00	0.00	0.00	0.00	0.00	0.00	0.00	
104.00	321.00	316.00	0.00	2711.00	241866.00	1.00	49.91	-0.58	3660.00	241866.00	89.22	34.00	237.00	24.05	578.47	5.74	0.00	89.22	0.00	0.00	0.00	1.11	2711.00	23.97	0.01	0.00	0.00	0.00	0.00	0.00	0.00	
105.00	657.00	299.00	0.00	2693.00	260898.00	1.00	46.17	-1.33	3410.00	260898.00	96.88	33.00	218.00	26.70	712.83	6.76	0.00	96.88	0.00	0.00	0.00	1.10	2693.00	23.81	0.01	0.00	0.00	0.00	0.00	0.00	0.00	
106.00	1073.00	422.00	0.00	2678.00	258860.00	1.00	47.41	-1.61	3705.00	258860.00	96.66	39.00	247.00	29.88	892.94	7.07	0.00	96.66	0.00	0.00	0.00	1.03	2678.00	23.68	0.00	0.00	0.00	0.00	0.00	0.00	0.00	
107.00	593.00	476.00	0.00	2677.00	285868.00	1.00	50.00	-0.99	3843.00	285868.00	106.79	39.00	253.00	29.82	889.32	7.42	0.00	106.79	0.00	0.00	0.00	1.03	2677.00	23.67	0.01	0.00	0.00	0.00	0.00	0.00	0.00	
108.00	846.00	381.00	0.00	2670.00	282263.00	1.00	48.42	-1.75	3472.00	282263.00	105.72	37.00	236.00	28.75	826.63	7.30	0.00	105.72	0.00	0.00	0.00	1.04	2670.00	23.61	0.01	0.00	0.00	0.00	0.00	0.00	0.00	
109.00	1186.00	464.00	0.00	2663.00	258060.00	1.00	47.94	-1.10	3534.00	258060.00	96.91	38.00	255.00	32.37	1048.04	7.75	0.00	96.91	0.00	0.00	0.00	1.04	2663.00	23.55	0.01	0.00	0.00	0.00	0.00	0.00	0.00	
110.00	681.00	463.00	0.00	2633.00	275485.00	1.00	43.63	-1.82	3551.00	275485.00	104.63	36.00	255.00	31.83	1013.33	7.57	0.00	104.63	0.00	0.00	0.00	1.05	2633.00	23.28	0.00	0.00	0.00	0.00	0.00	0.00	0.00	
111.00	1576.00	336.00	0.00	2623.00	243348.00	1.00	44.94	-1.10	3584.00	243348.00	92.77	36.00	207.00	24.32	591.29	6.45	0.00	92.77	0.00	0.00	0.00	1.04	2623.00	23.19	0.01	0.00	0.00	0.00	0.00	0.00	0.00	
112.00	257.00	502.00	0.00	2614.00	240770.00	1.00	41.85	-2.13	3630.00	240770.00	92.11	33.00	176.00	21.23	450.64	5.36	0.00	92.11	0.00	0.00	0.00	1.10	2614.00	23.11	0.01	0.00	0.00	0.00	0.00	0.00	0.00	
113.00	998.00	374.00	0.00	2603.00	273239.00	1.00	47.32	-2.01	3654.00	273239.00	104.97	33.00	251.00	29.05	843.96	7.80	0.00	104.97	0.00	0.00	0.00	1.02	2603.00	23.02	0.01	0.00	0.00	0.00	0.00	0.00	0.00	
114.00	878.00	682.00	0.00	2602.00	228454.00	1.00	48.22	-0.15	4020.00	228454.00	87.80	30.00	255.00	37.35	1395.22	6.92	0.00	87.80	0.00	0.00	0.00	1.03	2602.00	23.01	0.01	0.00	0.00	0.00	0.00	0.00	0.00	
115.00	221.00	377.00	0.00	2595.00	232170.00	1.00	43.14	-1.97	3575.00	232170.00	89.47	37.00	202.00	24.78	614.18	5.66	0.00	89.47	0.00	0.00	0.00	1.06	2595.00	22.95	0.01	0.00	0.00	0.00	0.00	0.00	0.00	
116.00	1607.00	385.00	0.00	2590.00	243942.00	1.00	45.74	-1.03	3658.00	243942.00	94.19	38.00	227.00	25.14	632.17	6.90	0.00	94.19	0.00	0.00	0.00	1.03	2590.00	22.90	0.01	0.00	0.00	0.00	0.00	0.00	0.00	
117.00	886.00	328.00	0.00	2562.00	261043.00	1.00	45.16	-1.33	3348.00	261043.00	101.89	39.00	248.00	27.50	756.01	7.50	0.00	101.89	0.00	0.00	0.00	1.03	2562.00	22.65	0.00	0.00	0.00	0.00	0.00	0.00	0.00	
118.00	1087.00	324.00	0.00	2552.00	246601.00	1.00	46.15	-1.43	3402.00	246601.00	96.63	39.00	247.00	28.75	826.75	7.32	0.00	96.63	0.00	0.00	0.00	1.02	2552.00	22.57	0.00	0.00	0.00	0.00	0.00	0.00	0.00	
119.00	416.00	423.00	0.00	2552.00	257034.00	1.00	42.33	-2.04	3465.00	257034.00	100.72	37.00	241.00	27.67	765.77	6.72	0.00	100.72	0.00	0.00	0.00	1.07	2552.00	22.57	0.00	0.00	0.00	0.00	0.00	0.00	0.00	
120.00	1446.00	429.00	0.00	2552.00	257706.00	1.00	42.45	-1.09	3575.00	257706.00	100.98	34.00	248.00	31.97	1021.96	7.65	0.00	100.98	0.00	0.00	0.00	1.07	2552.00	22.57	0.01	0.00	0.00	0.00	0.00	0.00	0.00	
121.00	799.00	596.00	0.00	2533.00	314766.00	1.00	46.07	-0.14	4260.00	314766.00	124.27	33.00	255.00	33.76	1139.82	6.92	0.00	124.27	0.00	0.00	0.00	1.06	2533.00	22.40	0.03	0.00	0.00	0.00	0.00	0.00	0.00	
122.00	580.00	283.00	0.00	2528.00	252119.00	1.00	46.24	-1.92	3074.00	252119.00	99.73	37.00	213.00	24.65	607.51	7.33	0.00	99.73	0.00	0.00	0.00	1.02	2528.00	22.35	0.00	0.00	0.00	0.00	0.00	0.00	0.00	
123.00	631.00	343.00	0.00	2512.00	253184.00	1.00	44.66	-1.47	3456.00	253184.00	100.79	37.00	252.00	29.83	889.75	7.48	0.00	100.79	0.00	0.00	0.00	1.02	2512.00	22.21	0.01	0.00	0.00	0.00	0.00	0.00	0.00	
124.00	721.00	388.00	0.00	2511.00	249107.00	1.00	46.67	-1.74	3021.00	249107.00	99.21	35.00	252.00	27.85	775.56	7.64	0.00	99.21	0.00	0.00	0.00	1.03	2511.00	22.20	0.01	0.00	0.00	0.00	0.00	0.00	0.00	
125.00	1157.00	314.00	0.00	2489.00	250828.00	1.00	46.49	-1.66	3240.00	250828.00	100.77	38.00	255.00	32.05	1027.13	8.13	0.00	100.77	0.00	0.00	0.00	1.01	2489.00	22.01	0.00	0.00	0.00	0.00	0.00	0.00	0.00	
126.00	1262.00	321.00	0.00	2481.00	238629.00	1.00	44.18	-1.28	3286.00	238629.00	96.18	39.00	233.00	29.58	874.88	7.08	0.00	96.18	0.00	0.00	0.00	1.02	2481.00	21.94	0.00	0.00	0.00	0.00	0.00	0.00	0.00	
127.00	793.00	372.00	0.00	2477.00	238687.00	1.00	46.10	-2.21	3422.00	238687.00	96.36	33.00	237.00	29.32	859.55	6.79	0.00	96.36	0.00	0.00	0.00	1.02	2477.00	21.90	0.01	0.00	0.00	0.00	0.00	0.00	0.00	
128.00	712.00	1058.00	0.00	2442.00	242124.00	1.00	37.82	-1.61	3276.00	242124.00	99.15	39.00	242.00	34.54	1192.90	7.84	0.00	99.15	0.00	0.00	0.00	1.15	2442.00	21.59	0.00	0.00	0.00	0.00	0.00	0.00	0.00	
129.00	1636.00	460.00	0.00	2431.00	140334.00	1.00	40.33	-1.10	3456.00	140334.00	57.73	35.00	172.00	16.79	281.80	3.96	0.00	57.73	0.00	0.00	0.00	1.08	2431.00	21.50	0.00	0.00	0.00	0.00	0.00	0.00	0.00	
130.00	944.00	240.00	0.00	2429.00	257410.00	1.00	44.09	-1.63	3100.00	257410.00	105.97	35.00	255.00	27.79	772.03	6.57	0.00	105.97	0.00	0.00	0.00	1.03	2429.00	21.48	0.02	0.00	0.00	0.00	0.00	0.00	0.00	
131.00	243.00	304.00	0.00	2408.00	227416.00	1.00	44.39	-1.77	3060.00	227416.00	94.44	36.00	255.00	30.87	952.81	7.19	0.00	94.44	0.00	0.00	0.00	1.03	2408.00	21.29	0.01	0.00	0.00	0.00	0.00	0.00	0.00	
132.00	1351.00	330.00	0.00	2406.00	230854.00	1.00	43.44	-1.08	3294.00	230854.00	95.95	39.00	230.00	27.10	734.68	7.40	0.00	95.95	0.00	0.00	0.00	1.02	2406.00	21.27	0.00	0.00	0.00	0.00	0.00	0.00	0.00	
133.00	107.00	367.00	0.00	2404.00	211841.00	1.00	40.49	-1.99	3200.00	211841.00	88.12	39.00	242.00	24.34	592.54	6.53	0.00	88.12	0.00	0.00	0.00	1.06	2404.00	21.26	0.00	0.00	0.00	0.00	0.00	0.00	0.00	
134.00	403.00	372.00	0.00	2403.00	229713.00	1.00	42.16	-1.92	3286.00	229713.00	95.59	37.00	226.00	28.15	792.19	6.35	0.00	95.59	0.00	0.00	0.00	1.04	2403.00	21.25	0.01	0.00	0.00	0.00	0.00	0.00	0.00	
135.00	198.00	631.00	0.00	2394.00	222184.00	1.00	46.26	0.33	3717.00	222184.00	92.81	34.00	212.00	22.69	514.94	6.33	0.00	92.81	0.00	0.00	0.00	1.00	2394.00	21.17	0.01	0.00	0.00	0.00	0.00	0.00	0.00	
136.00	581.00	231.00	0.00	2372.00	236458.00	1.00	42.14	-1.74	3200.00	236458.00	99.69	35.00	250.00	28.71	824.21	7.10	0.00	99.69	0.00	0.00	0.00	1.01	2372.00	20.97	0.01	0.00	0.00	0.00	0.00	0.00	0.00	
137.00	1174.00	249.00	0.00	2359.00	226076.00	1.00	44.84	-1.57	3180.00	226076.00	95.84	39.00	248.00	28.84	831.56	7.86	0.00	95.84	0.00	0.00	0.00	1.00	2359.00	20.86	0.00	0.00	0.00	0.00	0.00	0.00	0.00	
138.00	196.00	334.00	0.00	2342.00	213681.00	1.00	44.04	-1.84	3224.00	213681.00	91.24	35.00	186.00	21.33	454.99	6.22	0.00	91.24	0.00	0.00	0.00	1.00	2342.00	20.71	0.01	0.00	0.00	0.00	0.00	0.00	0.00	
139.00	956.00	343.00	0.00	2307.00	258193.00	1.00	41.83	-1.34	3392.00	258193.00	111.92	37.00	247.00	28.86	833.13	7.19	0.00	111.92	0.00	0.00	0.00	1.05	2307.00	20.40	0.02	0.00	0.00	0.00	0.00	0.00	0.00	
140.00	78.00	467.00	0.00	2306.00	150478.00	1.00	39.33	-2.07	3162.00	150478.00	65.25	37.00	168.00	22.16	491.25	4.58	0.00	65.25	0.00	0.00	0.00	1.08	2306.00	20.39	0.00	0.00	0.00	0.00	0.00	0.00	0.00	
141.00	1013.00	714.00	0.00	2305.00	149660.00	1.00	38.11	-2.35	3600.00	149660.00	64.93	33.00	137.00	20.26	410.36	4.71	0.00	64.93	0.00	0.00	0.00	1.13	2305.00	20.38	0.02	0.00	0.00	0.00	0.00	0.00	0.00	
142.00	1149.00	408.00	0.00	2272.00	233646.00	1.00	40.75	-0.98	3186.00	233646.00	102.84	38.00	255.00	31.78	1009.65	7.96	0.00	102.84	0.00	0.00	0.00	1.03	2272.00	20.09	0.00	0.00	0.00	0.00	0.00	0.00	0.00	
143.00	393.00	318.00	0.00	2252.00	211374.00	1.00	41.25	-2.16	3078.00	211374.00	93.86	39.00	223.00	27.81	773.54	7.54	0.00	93.86	0.00	0.00	0.00	1.02	2252.00	19.91	0.00	0.00	0.00	0.00	0.00	0.00	0.00	
144.00	351.00	407.00	0.00	2235.00	209502.00	1.00	41.66	-2.33	3024.00	209502.00	93.74	37.00	255.00	29.53	872.15	7.73	0.00	93.74	0.00	0.00	0.00	1.02	2235.00	19.76	0.00	0.00	0.00	0.00	0.00	0.00	0.00	
145.00	766.00	622.00	0.00	2234.00	247338.00	1.00	32.32	-0.13	3444.00	247338.00	110.72	29.00	255.00	27.39	750.47	6.91	0.00	110.72	0.00	0.00	0.00	1.12	2234.00	19.75	0.04	0.00	0.00	0.00	0.00	0.00	0.00	
146.00	925.00	280.00	0.00	2228.00	255273.00	1.00	40.69	-1.35	3120.00	255273.00	114.57	34.00	255.00	32.90	1082.54	8.28	0.00	114.57	0.00	0.00	0.00	1.05	2228.00	19.70	0.02	0.00	0.00	0.00	0.00	0.00	0.00	
147.00	1019.00	311.00	0.00	2217.00	228420.00	1.00	45.36	-2.11	2915.00	228420.00	103.03	36.00	220.00	30.34	920.80	6.97	0.00	103.03	0.00	0.00	0.00	0.99	2217.00	19.60	0.01	0.00	0.00	0.00	0.00	0.00	0.00	
148.00	640.00	223.00	0.00	2196.00	217283.00	1.00	40.04	-1.70	2820.00	217283.00	98.94	35.00	255.00	32.58	1061.71	7.48	0.00	98.94	0.00	0.00	0.00	1.00	2196.00	19.42	0.00	0.00	0.00	0.00	0.00	0.00	0.00	
149.00	1244.00	255.00	0.00	2192.00	210245.00	1.00	41.48	-1.32	2950.00	210245.00	95.91	39.00	222.00	28.20	794.98	7.08	0.00	95.91	0.00	0.00	0.00	0.99	2192.00	19.38	0.00	0.00	0.00	0.00	0.00	0.00	0.00	
150.00	877.00	161.00	0.00	2175.00	216051.00	1.00	42.49	-1.48	2688.00	216051.00	99.33	36.00	247.00	31.13	969.25	7.52	0.00	99.33	0.00	0.00	0.00	0.98	2175.00	19.23	0.00	0.00	0.00	0.00	0.00	0.00	0.00	
151.00	1354.00	193.00	0.00	2174.00	216708.00	1.00	41.88	-1.25	2907.00	216708.00	99.68	39.00	255.00	31.69	1004.35	8.21	0.00	99.68	0.00	0.00	0.00	0.99	2174.00	19.22	0.01	0.00	0.00	0.00	0.00	0.00	0.00	
152.00	139.00	295.00	0.00	2169.00	187928.00	1.00	40.15	-2.03	2950.00	187928.00	86.64	39.00	231.00	23.15	536.09	6.37	0.00	86.64	0.00	0.00	0.00	1.01	2169.00	19.18	0.00	0.00	0.00	0.00	0.00	0.00	0.00	
153.00	1417.00	327.00	0.00	2160.00	180803.00	1.00	40.80	-0.85	2756.00	180803.00	83.71	35.00	255.00	31.87	1015.54	7.47	0.00	83.71	0.00	0.00	0.00	1.02	2160.00	19.10	0.00	0.00	0.00	0.00	0.00	0.00	0.00	
154.00	606.00	394.00	0.00	2158.00	218243.00	1.00	44.48	-0.36	3306.00	218243.00	101.13	38.00	190.00	23.93	572.67	6.39	0.00	101.13	0.00	0.00	0.00	0.97	2158.00	19.08	0.02	0.00	0.00	0.00	0.00	0.00	0.00	
155.00	18.00	690.00	0.00	2155.00	178391.00	1.00	37.61	0.33	2790.00	178391.00	82.78	39.00	177.00	16.91	285.97	5.12	0.00	82.78	0.00	0.00	0.00	1.09	2155.00	19.05	0.00	0.00	0.00	0.00	0.00	0.00	0.00	
156.00	1478.00	489.00	0.00	2130.00	160605.00	1.00	38.46	-0.74	3660.00	160605.00	75.40	39.00	180.00	16.78	281.43	4.29	0.00	75.40	0.00	0.00	0.00	1.09	2130.00	18.83	0.02	0.00	0.00	0.00	0.00	0.00	0.00	
157.00	941.00	493.00	0.00	2123.00	233779.00	1.00	37.14	-1.06	3564.00	233779.00	110.12	36.00	255.00	32.20	1037.00	8.14	0.00	110.12	0.00	0.00	0.00	1.09	2123.00	18.77	0.02	0.00	0.00	0.00	0.00	0.00	0.00	
158.00	1299.00	182.00	0.00	2099.00	197609.00	1.00	38.99	-1.60	2820.00	197609.00	94.14	36.00	219.00	27.59	761.37	7.17	0.00	94.14	0.00	0.00	0.00	0.99	2099.00	18.56	0.01	0.00	0.00	0.00	0.00	0.00	0.00	
159.00	1219.00	202.00	0.00	2092.00	203845.00	1.00	39.82	-1.18	2632.00	203845.00	97.44	35.00	249.00	29.91	894.44	7.83	0.00	97.44	0.00	0.00	0.00	0.99	2092.00	18.50	0.00	0.00	0.00	0.00	0.00	0.00	0.00	
160.00	746.00	151.00	0.00	2089.00	204528.00	1.00	41.58	-1.50	2688.00	204528.00	97.91	37.00	255.00	32.28	1042.02	7.99	0.00	97.91	0.00	0.00	0.00	0.97	2089.00	18.47	0.00	0.00	0.00	0.00	0.00	0.00	0.00	
161.00	304.00	202.00	0.00	2080.00	186863.00	1.00	39.28	-1.83	2610.00	186863.00	89.84	38.00	233.00	28.88	834.08	7.63	0.00	89.84	0.00	0.00	0.00	1.00	2080.00	18.39	0.00	0.00	0.00	0.00	0.00	0.00	0.00	
162.00	976.00	295.00	0.00	2076.00	235292.00	1.00	44.50	-0.18	2970.00	235292.00	113.34	35.00	228.00	28.70	823.42	7.13	0.00	113.34	0.00	0.00	0.00	0.99	2076.00	18.36	0.03	0.00	0.00	0.00	0.00	0.00	0.00	
163.00	1109.00	255.00	0.00	2071.00	201314.00	1.00	38.39	-1.62	2640.00	201314.00	97.21	39.00	248.00	31.89	1016.94	7.73	0.00	97.21	0.00	0.00	0.00	0.98	2071.00	18.31	0.00	0.00	0.00	0.00	0.00	0.00	0.00	
164.00	1315.00	274.00	0.00	2056.00	192982.00	1.00	38.68	-1.22	2688.00	192982.00	93.86	37.00	243.00	27.93	780.06	7.35	0.00	93.86	0.00	0.00	0.00	0.99	2056.00	18.18	0.00	0.00	0.00	0.00	0.00	0.00	0.00	
165.00	589.00	147.00	0.00	2053.00	197573.00	1.00	40.53	-1.68	2784.00	197573.00	96.24	39.00	244.00	32.44	1052.41	7.65	0.00	96.24	0.00	0.00	0.00	0.97	2053.00	18.15	0.00	0.00	0.00	0.00	0.00	0.00	0.00	
166.00	627.00	442.00	0.00	2043.00	220082.00	1.00	38.91	-1.42	2928.00	220082.00	107.72	32.00	255.00	33.23	1104.30	8.35	0.00	107.72	0.00	0.00	0.00	0.97	2043.00	18.06	0.02	0.00	0.00	0.00	0.00	0.00	0.00	
167.00	1456.00	139.00	0.00	2007.00	185295.00	1.00	37.41	-1.52	2684.00	185295.00	92.32	39.00	255.00	31.16	971.02	8.27	0.00	92.32	0.00	0.00	0.00	0.98	2007.00	17.75	0.00	0.00	0.00	0.00	0.00	0.00	0.00	
168.00	1076.00	168.00	0.00	2004.00	157939.00	1.00	41.30	-1.39	2646.00	157939.00	78.81	39.00	230.00	27.87	776.98	6.75	0.00	78.81	0.00	0.00	0.00	0.96	2004.00	17.72	0.00	0.00	0.00	0.00	0.00	0.00	0.00	
169.00	564.00	102.00	0.00	2001.00	198907.00	1.00	37.28	-1.65	2640.00	198907.00	99.40	31.00	255.00	30.63	938.24	8.23	0.00	99.40	0.00	0.00	0.00	0.98	2001.00	17.69	0.00	0.00	0.00	0.00	0.00	0.00	0.00	
170.00	653.00	727.00	0.00	1991.00	201150.00	1.00	32.02	-2.28	3843.00	201150.00	101.03	39.00	223.00	22.27	495.76	6.15	0.00	101.03	0.00	0.00	0.00	1.25	1991.00	17.60	0.04	0.00	0.00	0.00	0.00	0.00	0.00	
171.00	982.00	193.00	0.00	1980.00	222014.00	1.00	39.86	-1.40	2332.00	222014.00	112.13	38.00	240.00	32.23	1038.46	8.36	0.00	112.13	0.00	0.00	0.00	0.98	1980.00	17.51	0.01	0.00	0.00	0.00	0.00	0.00	0.00	
172.00	409.00	1058.00	0.00	1979.00	192676.00	1.00	37.24	-1.67	2688.00	192676.00	97.36	38.00	255.00	34.09	1162.10	6.88	0.00	97.36	0.00	0.00	0.00	1.07	1979.00	17.50	0.00	0.00	0.00	0.00	0.00	0.00	0.00	
173.00	1145.00	158.00	0.00	1972.00	197539.00	1.00	39.71	-1.22	2695.00	197539.00	100.17	38.00	228.00	26.87	722.10	7.63	0.00	100.17	0.00	0.00	0.00	0.96	1972.00	17.44	0.00	0.00	0.00	0.00	0.00	0.00	0.00	
174.00	421.00	240.00	0.00	1970.00	161806.00	1.00	40.20	-1.85	2592.00	161806.00	82.14	38.00	246.00	35.47	1257.86	7.77	0.00	82.14	0.00	0.00	0.00	0.97	1970.00	17.42	0.00	0.00	0.00	0.00	0.00	0.00	0.00	
175.00	495.00	175.00	0.00	1947.00	153005.00	1.00	39.11	-1.81	2632.00	153005.00	78.58	39.00	206.00	27.16	737.54	6.93	0.00	78.58	0.00	0.00	0.00	0.97	1947.00	17.22	0.00	0.00	0.00	0.00	0.00	0.00	0.00	
176.00	1249.00	149.00	0.00	1920.00	174045.00	1.00	37.98	-1.17	2430.00	174045.00	90.65	39.00	232.00	23.69	561.22	7.31	0.00	90.65	0.00	0.00	0.00	0.97	1920.00	16.98	0.00	0.00	0.00	0.00	0.00	0.00	0.00	
177.00	428.00	115.00	0.00	1915.00	173710.00	1.00	39.46	-2.12	2550.00	173710.00	90.71	39.00	242.00	29.11	847.56	7.78	0.00	90.71	0.00	0.00	0.00	0.97	1915.00	16.93	0.00	0.00	0.00	0.00	0.00	0.00	0.00	
178.00	1347.00	135.00	0.00	1908.00	190760.00	1.00	37.52	-1.36	2552.00	190760.00	99.98	39.00	255.00	33.73	1137.62	8.87	0.00	99.98	0.00	0.00	0.00	0.97	1908.00	16.87	0.00	0.00	0.00	0.00	0.00	0.00	0.00	
179.00	1030.00	199.00	0.00	1901.00	197038.00	1.00	39.43	-1.50	2244.00	197038.00	103.65	36.00	241.00	30.90	954.55	7.59	0.00	103.65	0.00	0.00	0.00	0.97	1901.00	16.81	0.01	0.00	0.00	0.00	0.00	0.00	0.00	
180.00	439.00	191.00	0.00	1899.00	168687.00	1.00	36.01	-1.82	2394.00	168687.00	88.83	34.00	223.00	28.66	821.20	6.81	0.00	88.83	0.00	0.00	0.00	0.99	1899.00	16.79	0.00	0.00	0.00	0.00	0.00	0.00	0.00	
181.00	1117.00	114.00	0.00	1854.00	168784.00	1.00	37.42	-1.65	2565.00	168784.00	91.04	37.00	209.00	25.04	626.80	7.41	0.00	91.04	0.00	0.00	0.00	0.95	1854.00	16.39	0.00	0.00	0.00	0.00	0.00	0.00	0.00	
182.00	783.00	207.00	0.00	1811.00	192295.00	1.00	39.56	-1.23	2491.00	192295.00	106.18	39.00	231.00	26.62	708.46	7.29	0.00	106.18	0.00	0.00	0.00	0.95	1811.00	16.01	0.02	0.00	0.00	0.00	0.00	0.00	0.00	
183.00	750.00	67.00	0.00	1807.00	167168.00	1.00	36.48	-1.56	2451.00	167168.00	92.51	39.00	234.00	26.01	676.41	7.47	0.00	92.51	0.00	0.00	0.00	0.94	1807.00	15.98	0.00	0.00	0.00	0.00	0.00	0.00	0.00	
184.00	672.00	104.00	0.00	1805.00	175723.00	1.00	36.73	-1.63	2365.00	175723.00	97.35	39.00	245.00	30.22	913.06	8.34	0.00	97.35	0.00	0.00	0.00	0.94	1805.00	15.96	0.00	0.00	0.00	0.00	0.00	0.00	0.00	
185.00	1233.00	95.00	0.00	1793.00	168813.00	1.00	35.77	-1.45	2451.00	168813.00	94.15	39.00	227.00	28.08	788.51	8.14	0.00	94.15	0.00	0.00	0.00	0.95	1793.00	15.85	0.00	0.00	0.00	0.00	0.00	0.00	0.00	
186.00	16.00	526.00	0.00	1763.00	157365.00	1.00	34.43	0.22	2280.00	157365.00	89.26	36.00	255.00	28.42	807.41	7.93	0.00	89.26	0.00	0.00	0.00	1.05	1763.00	15.59	0.00	0.00	0.00	0.00	0.00	0.00	0.00	
187.00	501.00	92.00	0.00	1748.00	156493.00	1.00	37.50	-1.89	2288.00	156493.00	89.53	36.00	255.00	28.97	839.31	8.24	0.00	89.53	0.00	0.00	0.00	0.97	1748.00	15.46	0.00	0.00	0.00	0.00	0.00	0.00	0.00	
188.00	938.00	158.00	0.00	1695.00	166690.00	1.00	35.37	-1.45	2494.00	166690.00	98.34	39.00	238.00	27.23	741.63	7.68	0.00	98.34	0.00	0.00	0.00	0.93	1695.00	14.99	0.01	0.00	0.00	0.00	0.00	0.00	0.00	
189.00	1033.00	71.00	0.00	1692.00	159355.00	1.00	35.31	-1.49	2184.00	159355.00	94.18	35.00	226.00	29.65	879.32	7.77	0.00	94.18	0.00	0.00	0.00	0.93	1692.00	14.96	0.00	0.00	0.00	0.00	0.00	0.00	0.00	
190.00	826.00	195.00	0.00	1683.00	170234.00	1.00	36.91	0.74	2300.00	170234.00	101.15	35.00	237.00	28.38	805.14	7.43	0.00	101.15	0.00	0.00	0.00	0.95	1683.00	14.88	0.02	0.00	0.00	0.00	0.00	0.00	0.00	
191.00	190.00	1062.00	0.00	1625.00	138524.00	1.00	28.01	-1.62	2310.00	138524.00	85.25	39.00	168.00	17.58	309.06	5.05	0.00	85.25	0.00	0.00	0.00	1.09	1625.00	14.37	0.00	0.00	0.00	0.00	0.00	0.00	0.00	
192.00	992.00	452.00	0.00	1611.00	179537.00	1.00	32.42	0.29	2478.00	179537.00	111.44	35.00	255.00	37.53	1408.18	8.71	0.00	111.44	0.00	0.00	0.00	0.99	1611.00	14.24	0.02	0.00	0.00	0.00	0.00	0.00	0.00	
193.00	580.00	49.00	0.00	1590.00	118341.00	1.00	34.36	-1.85	2000.00	118341.00	74.43	38.00	183.00	17.71	313.72	6.15	0.00	74.43	0.00	0.00	0.00	0.92	1590.00	14.06	0.00	0.00	0.00	0.00	0.00	0.00	0.00	
194.00	618.00	100.00	0.00	1576.00	145267.00	1.00	35.89	-1.82	2244.00	145267.00	92.17	39.00	255.00	30.31	918.65	8.83	0.00	92.17	0.00	0.00	0.00	0.96	1576.00	13.94	0.01	0.00	0.00	0.00	0.00	0.00	0.00	
195.00	967.00	435.00	0.00	1560.00	177374.00	1.00	27.97	0.34	2560.00	177374.00	113.70	39.00	255.00	27.66	765.21	5.88	0.00	113.70	0.00	0.00	0.00	1.10	1560.00	13.79	0.05	0.00	0.00	0.00	0.00	0.00	0.00	
196.00	895.00	26.00	0.00	1553.00	131014.00	1.00	34.89	-1.60	2332.00	131014.00	84.36	39.00	255.00	29.24	855.25	8.65	0.00	84.36	0.00	0.00	0.00	0.90	1553.00	13.73	0.00	0.00	0.00	0.00	0.00	0.00	0.00	
197.00	668.00	751.00	0.00	1521.00	181633.00	1.00	28.64	-2.19	2688.00	181633.00	119.42	39.00	255.00	36.82	1355.40	8.53	0.00	119.42	0.00	0.00	0.00	1.11	1521.00	13.45	0.04	0.00	0.00	0.00	0.00	0.00	0.00	
198.00	1144.00	34.00	0.00	1501.00	131800.00	1.00	33.73	-1.53	2184.00	131800.00	87.81	39.00	255.00	27.93	780.19	8.20	0.00	87.81	0.00	0.00	0.00	0.89	1501.00	13.27	0.00	0.00	0.00	0.00	0.00	0.00	0.00	
199.00	323.00	361.00	0.00	1500.00	141109.00	1.00	33.19	-1.72	1862.00	141109.00	94.07	35.00	194.00	21.68	469.99	6.52	0.00	94.07	0.00	0.00	0.00	0.94	1500.00	13.26	0.01	0.00	0.00	0.00	0.00	0.00	0.00	
200.00	13.00	621.00	0.00	1349.00	126210.00	1.00	31.13	0.09	2088.00	126210.00	93.56	35.00	255.00	37.25	1387.46	8.32	0.00	93.56	0.00	0.00	0.00	1.01	1349.00	11.93	0.00	0.00	0.00	0.00	0.00	0.00	0.00	
201.00	954.00	400.00	0.00	1310.00	146734.00	1.00	29.27	-1.59	2035.00	146734.00	112.01	40.00	239.00	28.85	832.09	7.19	0.00	112.01	0.00	0.00	0.00	0.90	1310.00	11.58	0.04	0.00	0.00	0.00	0.00	0.00	0.00	
202.00	644.00	27.00	0.00	1290.00	102515.00	1.00	34.45	-1.92	2107.00	102515.00	79.47	35.00	255.00	27.28	744.30	8.90	0.00	79.47	0.00	0.00	0.00	0.98	1290.00	11.41	0.00	0.00	0.00	0.00	0.00	0.00	0.00	
203.00	571.00	1064.00	0.00	1259.00	123078.00	1.00	22.89	-1.69	1700.00	123078.00	97.76	36.00	163.00	22.97	527.68	6.63	0.00	97.76	0.00	0.00	0.00	1.11	1259.00	11.13	0.02	0.00	0.00	0.00	0.00	0.00	0.00	
204.00	1094.00	12.00	0.00	1217.00	107003.00	1.00	26.16	-1.51	1428.00	107003.00	87.92	35.00	199.00	21.60	466.55	7.22	0.00	87.92	0.00	0.00	0.00	0.95	1217.00	10.76	0.00	0.00	0.00	0.00	0.00	0.00	0.00	
206.00	705.00	11.00	0.00	1023.00	86388.00	1.00	25.87	-1.49	1500.00	86388.00	84.45	36.00	255.00	37.35	1395.33	9.82	0.00	84.45	0.00	0.00	0.00	0.95	1023.00	9.05	0.00	0.00	0.00	0.00	0.00	0.00	0.00	
207.00	956.00	473.00	0.00	875.00	89942.00	1.00	17.83	-1.01	1820.00	89942.00	102.79	39.00	160.00	16.56	274.37	5.45	0.00	102.79	0.00	0.00	0.00	1.16	875.00	7.74	0.07	0.00	0.00	0.00	0.00	0.00	0.00	
208.00	696.00	336.00	0.00	827.00	39189.00	1.00	25.29	-1.63	1147.00	39189.00	47.39	39.00	61.00	3.61	13.04	1.50	0.00	47.39	0.00	0.00	0.00	0.79	827.00	7.31	0.05	0.00	0.00	0.00	0.00	0.00	0.00	
209.00	711.00	350.00	0.00	326.00	13639.00	1.00	11.20	-1.83	480.00	13639.00	41.84	37.00	49.00	2.11	4.45	1.26	0.00	41.84	0.00	0.00	0.00	0.79	326.00	2.88	0.06	0.00	0.00	0.00	0.00	0.00	0.00	
210.00	967.00	322.00	0.00	303.00	33051.00	1.00	11.09	-1.01	513.00	33051.00	109.08	44.00	123.00	11.87	140.97	3.97	0.00	109.08	0.00	0.00	0.00	0.82	303.00	2.68	0.13	0.00	0.00	0.00	0.00	0.00	0.00	
211.00	276.00	1071.00	0.00	287.00	16804.00	0.99	7.90	-1.59	328.00	16804.00	58.55	40.00	76.00	8.54	73.01	4.82	0.00	58.55	0.00	0.00	0.00	0.89	287.00	2.54	0.00	0.00	0.00	0.00	0.00	0.00	0.00	
212.00	487.00	288.00	0.00	255.00	12258.00	0.99	7.94	-1.64	380.00	12258.00	48.07	37.00	61.00	4.64	21.54	3.17	0.00	48.07	0.00	0.00	0.00	0.84	255.00	2.25	0.07	0.00	0.00	0.00	0.00	0.00	0.00	
213.00	1464.00	462.00	0.00	149.00	9553.00	0.99	7.94	-2.12	260.00	9553.00	64.11	39.00	77.00	10.00	100.07	5.89	0.00	64.11	0.00	0.00	0.00	0.69	149.00	1.32	0.09	0.00	0.00	0.00	0.00	0.00	0.00	
214.00	805.00	337.00	0.00	140.00	6786.00	0.99	7.40	-1.11	264.00	6786.00	48.47	39.00	54.00	3.78	14.31	2.54	0.00	48.47	0.00	0.00	0.00	0.71	140.00	1.24	0.09	0.00	0.00	0.00	0.00	0.00	0.00	
215.00	400.00	347.00	0.00	98.00	6751.00	0.97	4.49	-1.83	200.00	6751.00	68.89	39.00	95.00	16.40	268.82	12.06	0.00	68.89	0.00	0.00	0.00	0.77	98.00	0.87	0.12	0.00	0.00	0.00	0.00	0.00	0.00	
216.00	671.00	546.00	0.00	80.00	5167.00	0.98	5.42	-0.47	144.00	5167.00	64.59	39.00	85.00	15.22	231.64	10.32	0.00	64.59	0.00	0.00	0.00	0.62	80.00	0.71	0.12	0.00	0.00	0.00	0.00	0.00	0.00	
217.00	1086.00	658.00	0.00	71.00	4922.00	0.97	4.09	-1.29	133.00	4922.00	69.32	40.00	97.00	17.65	311.54	14.39	0.00	69.32	0.00	0.00	0.00	0.67	71.00	0.63	0.13	0.00	0.00	0.00	0.00	0.00	0.00	
