ID	centroid_x	centroid_y	centroid_z	volume	integrated_intensity	eccentricity	elongation	orientation	bounding_box_volume	sum	mean	minimum	maximum	sigma	variance	surface_gradient	interior_gradient	surface_intensity	interior_intensity	intensity_ratio	convexity	radius_variation	surface_area	shape	shared_boundary	t_energy	t_entropy	inverse_diff_moment	inertia	cluster_shade	cluster_prominence	
1.00	377.00	988.00	0.00	6075.00	556379.00	1.00	72.77	-0.51	9118.00	556379.00	91.59	31.00	255.00	35.79	1280.59	6.23	0.00	91.59	0.00	0.00	0.00	1.33	6075.00	53.72	0.01	0.00	0.00	0.00	0.00	0.00	0.00	
2.00	974.00	927.00	0.00	6025.00	661634.00	1.00	65.79	-0.51	9964.00	661634.00	109.81	36.00	255.00	39.74	1578.97	8.05	0.00	109.81	0.00	0.00	0.00	1.34	6025.00	53.27	0.01	0.00	0.00	0.00	0.00	0.00	0.00	
3.00	982.00	311.00	0.00	5703.00	400553.00	1.00	66.50	-1.93	10246.00	400553.00	70.24	32.00	226.00	30.79	948.03	4.82	0.00	70.24	0.00	0.00	0.00	1.53	5703.00	50.43	0.01	0.00	0.00	0.00	0.00	0.00	0.00	
4.00	596.00	1008.00	0.00	5262.00	605394.00	1.00	66.52	0.62	7224.00	605394.00	115.05	35.00	255.00	36.65	1342.90	9.48	0.00	115.05	0.00	0.00	0.00	1.22	5262.00	46.53	0.00	0.00	0.00	0.00	0.00	0.00	0.00	
5.00	925.00	426.00	0.00	5105.00	451084.00	1.00	53.40	-2.12	8774.00	451084.00	88.36	32.00	255.00	40.05	1603.68	6.84	0.00	88.36	0.00	0.00	0.00	1.48	5105.00	45.14	0.01	0.00	0.00	0.00	0.00	0.00	0.00	
6.00	711.00	553.00	0.00	5101.00	294525.00	1.00	57.86	-0.41	9680.00	294525.00	57.74	26.00	138.00	9.78	95.61	4.30	0.00	57.74	0.00	0.00	0.00	1.40	5101.00	45.10	0.01	0.00	0.00	0.00	0.00	0.00	0.00	
7.00	865.00	979.00	0.00	4931.00	556753.00	1.00	66.16	0.26	6552.00	556753.00	112.91	36.00	255.00	33.61	1129.31	8.66	0.00	112.91	0.00	0.00	0.00	1.20	4931.00	43.60	0.00	0.00	0.00	0.00	0.00	0.00	0.00	
8.00	485.00	1008.00	0.00	4847.00	244496.00	1.00	61.65	0.67	6723.00	244496.00	50.44	35.00	127.00	7.00	49.07	2.57	0.00	50.44	0.00	0.00	0.00	1.22	4847.00	42.86	0.00	0.00	0.00	0.00	0.00	0.00	0.00	
9.00	467.00	511.00	0.00	4840.00	372820.00	1.00	56.71	-1.10	7176.00	372820.00	77.03	34.00	228.00	31.30	979.44	4.53	0.00	77.03	0.00	0.00	0.00	1.32	4840.00	42.80	0.01	0.00	0.00	0.00	0.00	0.00	0.00	
10.00	134.00	650.00	0.00	4724.00	415748.00	1.00	62.05	-1.33	8084.00	415748.00	88.01	35.00	234.00	21.26	452.19	5.16	0.00	88.01	0.00	0.00	0.00	1.20	4724.00	41.77	0.01	0.00	0.00	0.00	0.00	0.00	0.00	
11.00	1667.00	919.00	0.00	4724.00	439619.00	1.00	60.01	-0.79	6160.00	439619.00	93.06	35.00	255.00	27.93	780.02	6.29	0.00	93.06	0.00	0.00	0.00	1.22	4724.00	41.77	0.00	0.00	0.00	0.00	0.00	0.00	0.00	
12.00	906.00	864.00	0.00	4624.00	532542.00	1.00	64.32	0.52	6004.00	532542.00	115.17	35.00	255.00	40.01	1600.89	9.67	0.00	115.17	0.00	0.00	0.00	1.18	4624.00	40.89	0.01	0.00	0.00	0.00	0.00	0.00	0.00	
13.00	512.00	328.00	0.00	4608.00	406272.00	1.00	48.23	-1.01	8268.00	406272.00	88.17	34.00	255.00	39.74	1579.22	6.35	0.00	88.17	0.00	0.00	0.00	1.50	4608.00	40.74	0.01	0.00	0.00	0.00	0.00	0.00	0.00	
14.00	926.00	732.00	0.00	4585.00	545493.00	1.00	61.32	0.65	6642.00	545493.00	118.97	36.00	255.00	40.73	1658.66	10.45	0.00	118.97	0.00	0.00	0.00	1.21	4585.00	40.54	0.01	0.00	0.00	0.00	0.00	0.00	0.00	
15.00	186.00	983.00	0.00	4570.00	416032.00	1.00	54.08	-2.33	6474.00	416032.00	91.04	27.00	255.00	30.30	918.23	6.05	0.00	91.04	0.00	0.00	0.00	1.31	4570.00	40.41	0.00	0.00	0.00	0.00	0.00	0.00	0.00	
16.00	773.00	939.00	0.00	4558.00	464859.00	1.00	63.06	0.35	5544.00	464859.00	101.99	28.00	255.00	28.68	822.50	7.62	0.00	101.99	0.00	0.00	0.00	1.19	4558.00	40.30	0.00	0.00	0.00	0.00	0.00	0.00	0.00	
17.00	1006.00	831.00	0.00	4530.00	546901.00	1.00	63.19	-0.79	5928.00	546901.00	120.73	32.00	255.00	45.39	2060.46	10.73	0.00	120.73	0.00	0.00	0.00	1.20	4530.00	40.06	0.01	0.00	0.00	0.00	0.00	0.00	0.00	
18.00	1572.00	838.00	0.00	4528.00	420845.00	1.00	60.10	-0.79	6240.00	420845.00	92.94	35.00	246.00	27.94	780.76	6.75	0.00	92.94	0.00	0.00	0.00	1.19	4528.00	40.04	0.00	0.00	0.00	0.00	0.00	0.00	0.00	
19.00	1690.00	810.00	0.00	4490.00	437106.00	1.00	58.66	-0.94	5994.00	437106.00	97.35	34.00	255.00	28.87	833.23	7.43	0.00	97.35	0.00	0.00	0.00	1.20	4490.00	39.70	0.00	0.00	0.00	0.00	0.00	0.00	0.00	
20.00	120.00	1038.00	0.00	4423.00	203825.00	1.00	58.50	0.73	6162.00	203825.00	46.08	29.00	105.00	7.51	56.37	2.33	0.00	46.08	0.00	0.00	0.00	1.20	4423.00	39.11	0.00	0.00	0.00	0.00	0.00	0.00	0.00	
21.00	714.00	308.00	0.00	4353.00	399394.00	1.00	47.23	0.52	7360.00	399394.00	91.75	33.00	220.00	26.11	681.93	6.00	0.00	91.75	0.00	0.00	0.00	1.41	4353.00	38.49	0.01	0.00	0.00	0.00	0.00	0.00	0.00	
22.00	838.00	302.00	0.00	4340.00	341190.00	1.00	48.92	-2.18	6916.00	341190.00	78.62	31.00	243.00	33.19	1101.38	5.06	0.00	78.62	0.00	0.00	0.00	1.36	4340.00	38.38	0.01	0.00	0.00	0.00	0.00	0.00	0.00	
23.00	183.00	872.00	0.00	4302.00	383503.00	1.00	58.15	-2.23	5538.00	383503.00	89.15	34.00	255.00	30.10	905.94	6.27	0.00	89.15	0.00	0.00	0.00	1.18	4302.00	38.04	0.00	0.00	0.00	0.00	0.00	0.00	0.00	
24.00	1380.00	761.00	0.00	4291.00	488713.00	1.00	60.04	-0.98	5850.00	488713.00	113.89	35.00	255.00	34.62	1198.38	9.42	0.00	113.89	0.00	0.00	0.00	1.17	4291.00	37.94	0.00	0.00	0.00	0.00	0.00	0.00	0.00	
25.00	1468.00	764.00	0.00	4276.00	428702.00	1.00	58.78	-1.01	6396.00	428702.00	100.26	36.00	255.00	32.73	1071.21	7.71	0.00	100.26	0.00	0.00	0.00	1.17	4276.00	37.81	0.00	0.00	0.00	0.00	0.00	0.00	0.00	
26.00	491.00	418.00	0.00	4275.00	337701.00	1.00	52.55	-0.13	6674.00	337701.00	78.99	29.00	237.00	29.51	871.03	5.28	0.00	78.99	0.00	0.00	0.00	1.30	4275.00	37.80	0.01	0.00	0.00	0.00	0.00	0.00	0.00	
27.00	634.00	537.00	0.00	4264.00	377123.00	1.00	58.99	-0.77	6000.00	377123.00	88.44	28.00	255.00	33.77	1140.46	6.55	0.00	88.44	0.00	0.00	0.00	1.23	4264.00	37.70	0.01	0.00	0.00	0.00	0.00	0.00	0.00	
28.00	1526.00	467.00	0.00	4185.00	367199.00	1.00	49.01	-1.62	6200.00	367199.00	87.74	30.00	255.00	30.10	906.28	5.68	0.00	87.74	0.00	0.00	0.00	1.28	4185.00	37.00	0.01	0.00	0.00	0.00	0.00	0.00	0.00	
29.00	1071.00	798.00	0.00	4148.00	513379.00	1.00	61.91	-0.75	5256.00	513379.00	123.77	30.00	255.00	40.62	1649.65	11.37	0.00	123.77	0.00	0.00	0.00	1.15	4148.00	36.68	0.00	0.00	0.00	0.00	0.00	0.00	0.00	
30.00	922.00	261.00	0.00	4111.00	367287.00	1.00	45.85	-2.27	8265.00	367287.00	89.34	24.00	255.00	33.88	1147.89	6.91	0.00	89.34	0.00	0.00	0.00	1.49	4111.00	36.35	0.02	0.00	0.00	0.00	0.00	0.00	0.00	
31.00	1454.00	853.00	0.00	4057.00	169979.00	1.00	55.80	-0.94	6232.00	169979.00	41.90	32.00	54.00	3.94	15.56	1.44	0.00	41.90	0.00	0.00	0.00	1.22	4057.00	35.87	0.00	0.00	0.00	0.00	0.00	0.00	0.00	
32.00	883.00	221.00	0.00	4011.00	425798.00	1.00	46.37	-1.50	5656.00	425798.00	106.16	32.00	254.00	33.93	1150.92	7.25	0.00	106.16	0.00	0.00	0.00	1.27	4011.00	35.47	0.01	0.00	0.00	0.00	0.00	0.00	0.00	
33.00	731.00	224.00	0.00	3982.00	407053.00	1.00	53.16	-0.62	5621.00	407053.00	102.22	31.00	234.00	29.10	846.67	7.26	0.00	102.22	0.00	0.00	0.00	1.19	3982.00	35.21	0.01	0.00	0.00	0.00	0.00	0.00	0.00	
34.00	837.00	732.00	0.00	3953.00	499549.00	1.00	61.33	0.34	5040.00	499549.00	126.37	33.00	255.00	42.62	1816.72	12.36	0.00	126.37	0.00	0.00	0.00	1.14	3953.00	34.95	0.01	0.00	0.00	0.00	0.00	0.00	0.00	
35.00	594.00	741.00	0.00	3903.00	451460.00	1.00	57.83	0.42	5032.00	451460.00	115.67	30.00	255.00	37.20	1383.54	8.20	0.00	115.67	0.00	0.00	0.00	1.15	3903.00	34.51	0.01	0.00	0.00	0.00	0.00	0.00	0.00	
36.00	705.00	664.00	0.00	3894.00	433670.00	1.00	56.90	-2.15	5400.00	433670.00	111.37	32.00	255.00	30.44	926.62	7.26	0.00	111.37	0.00	0.00	0.00	1.13	3894.00	34.43	0.01	0.00	0.00	0.00	0.00	0.00	0.00	
37.00	281.00	755.00	0.00	3877.00	356190.00	1.00	56.67	0.77	5184.00	356190.00	91.87	35.00	241.00	27.65	764.26	6.49	0.00	91.87	0.00	0.00	0.00	1.14	3877.00	34.28	0.00	0.00	0.00	0.00	0.00	0.00	0.00	
38.00	976.00	119.00	0.00	3873.00	394296.00	1.00	49.59	-0.10	4956.00	394296.00	101.81	34.00	255.00	32.86	1080.10	7.25	0.00	101.81	0.00	0.00	0.00	1.23	3873.00	34.25	0.01	0.00	0.00	0.00	0.00	0.00	0.00	
39.00	856.00	798.00	0.00	3873.00	395861.00	1.00	59.40	-1.76	4900.00	395861.00	102.21	32.00	255.00	32.21	1037.54	7.55	0.00	102.21	0.00	0.00	0.00	1.13	3873.00	34.25	0.00	0.00	0.00	0.00	0.00	0.00	0.00	
40.00	1192.00	744.00	0.00	3851.00	158798.00	1.00	57.61	-1.21	5175.00	158798.00	41.24	34.00	57.00	3.29	10.85	1.37	0.00	41.24	0.00	0.00	0.00	1.15	3851.00	34.05	0.00	0.00	0.00	0.00	0.00	0.00	0.00	
41.00	1612.00	620.00	0.00	3778.00	397974.00	1.00	56.67	-0.79	5040.00	397974.00	105.34	32.00	255.00	33.15	1098.80	7.43	0.00	105.34	0.00	0.00	0.00	1.14	3778.00	33.41	0.01	0.00	0.00	0.00	0.00	0.00	0.00	
42.00	63.00	573.00	0.00	3770.00	316140.00	1.00	52.47	0.59	5530.00	316140.00	83.86	32.00	243.00	31.38	984.62	6.06	0.00	83.86	0.00	0.00	0.00	1.18	3770.00	33.34	0.00	0.00	0.00	0.00	0.00	0.00	0.00	
43.00	792.00	600.00	0.00	3680.00	423192.00	1.00	54.43	0.51	5976.00	423192.00	115.00	33.00	255.00	31.13	969.03	6.19	0.00	115.00	0.00	0.00	0.00	1.13	3680.00	32.54	0.02	0.00	0.00	0.00	0.00	0.00	0.00	
44.00	1435.00	637.00	0.00	3678.00	369457.00	1.00	55.59	-1.15	4891.00	369457.00	100.45	36.00	255.00	32.14	1033.03	7.45	0.00	100.45	0.00	0.00	0.00	1.12	3678.00	32.52	0.00	0.00	0.00	0.00	0.00	0.00	0.00	
45.00	499.00	741.00	0.00	3649.00	356310.00	1.00	55.01	-2.29	4623.00	356310.00	97.65	34.00	235.00	26.17	685.11	6.91	0.00	97.65	0.00	0.00	0.00	1.13	3649.00	32.27	0.00	0.00	0.00	0.00	0.00	0.00	0.00	
46.00	502.00	244.00	0.00	3645.00	286969.00	1.00	42.29	-1.74	4876.00	286969.00	78.73	18.00	255.00	29.52	871.16	6.30	0.00	78.73	0.00	0.00	0.00	1.28	3645.00	32.23	0.00	0.00	0.00	0.00	0.00	0.00	0.00	
47.00	387.00	515.00	0.00	3632.00	359817.00	1.00	49.63	-1.99	5120.00	359817.00	99.07	35.00	255.00	36.43	1327.08	7.40	0.00	99.07	0.00	0.00	0.00	1.20	3632.00	32.11	0.01	0.00	0.00	0.00	0.00	0.00	0.00	
48.00	1511.00	616.00	0.00	3603.00	336182.00	1.00	56.27	-0.70	4692.00	336182.00	93.31	33.00	255.00	31.11	968.14	6.68	0.00	93.31	0.00	0.00	0.00	1.14	3603.00	31.86	0.00	0.00	0.00	0.00	0.00	0.00	0.00	
49.00	991.00	531.00	0.00	3588.00	341638.00	1.00	53.68	-0.96	5402.00	341638.00	95.22	28.00	247.00	31.75	1008.10	7.42	0.00	95.22	0.00	0.00	0.00	1.22	3588.00	31.73	0.01	0.00	0.00	0.00	0.00	0.00	0.00	
50.00	593.00	609.00	0.00	3542.00	322360.00	1.00	52.28	-2.24	4761.00	322360.00	91.01	34.00	221.00	26.40	697.05	6.53	0.00	91.01	0.00	0.00	0.00	1.20	3542.00	31.32	0.01	0.00	0.00	0.00	0.00	0.00	0.00	
51.00	49.00	771.00	0.00	3540.00	332243.00	1.00	53.68	0.64	4896.00	332243.00	93.85	33.00	255.00	31.20	973.50	7.05	0.00	93.85	0.00	0.00	0.00	1.12	3540.00	31.30	0.00	0.00	0.00	0.00	0.00	0.00	0.00	
52.00	1314.00	714.00	0.00	3535.00	374094.00	1.00	53.96	-0.65	4690.00	374094.00	105.83	30.00	255.00	33.26	1106.28	8.63	0.00	105.83	0.00	0.00	0.00	1.12	3535.00	31.26	0.01	0.00	0.00	0.00	0.00	0.00	0.00	
53.00	826.00	109.00	0.00	3514.00	263202.00	1.00	40.23	-1.41	4888.00	263202.00	74.90	30.00	239.00	34.17	1167.34	6.49	0.00	74.90	0.00	0.00	0.00	1.30	3514.00	31.07	0.00	0.00	0.00	0.00	0.00	0.00	0.00	
54.00	1103.00	621.00	0.00	3504.00	374268.00	1.00	56.53	-1.13	4488.00	374268.00	106.81	35.00	255.00	34.02	1157.12	10.08	0.00	106.81	0.00	0.00	0.00	1.10	3504.00	30.98	0.00	0.00	0.00	0.00	0.00	0.00	0.00	
55.00	783.00	696.00	0.00	3502.00	327484.00	1.00	53.14	-2.23	4760.00	327484.00	93.51	29.00	255.00	28.67	821.96	6.95	0.00	93.51	0.00	0.00	0.00	1.14	3502.00	30.97	0.01	0.00	0.00	0.00	0.00	0.00	0.00	
56.00	439.00	779.00	0.00	3459.00	338371.00	1.00	50.58	-2.35	4760.00	338371.00	97.82	35.00	255.00	33.82	1143.45	7.20	0.00	97.82	0.00	0.00	0.00	1.15	3459.00	30.59	0.00	0.00	0.00	0.00	0.00	0.00	0.00	
57.00	1179.00	467.00	0.00	3457.00	322120.00	1.00	49.24	-1.63	5100.00	322120.00	93.18	35.00	255.00	37.14	1379.55	7.90	0.00	93.18	0.00	0.00	0.00	1.14	3457.00	30.57	0.01	0.00	0.00	0.00	0.00	0.00	0.00	
58.00	918.00	642.00	0.00	3451.00	419643.00	1.00	54.87	-1.71	4824.00	419643.00	121.60	29.00	255.00	37.18	1382.39	9.28	0.00	121.60	0.00	0.00	0.00	1.15	3451.00	30.51	0.02	0.00	0.00	0.00	0.00	0.00	0.00	
59.00	1359.00	674.00	0.00	3450.00	370762.00	1.00	52.11	-1.25	4453.00	370762.00	107.47	35.00	255.00	35.78	1280.43	8.52	0.00	107.47	0.00	0.00	0.00	1.11	3450.00	30.51	0.01	0.00	0.00	0.00	0.00	0.00	0.00	
60.00	336.00	935.00	0.00	3449.00	151034.00	1.00	45.32	-2.32	6084.00	151034.00	43.79	32.00	62.00	4.36	19.03	1.64	0.00	43.79	0.00	0.00	0.00	1.32	3449.00	30.50	0.01	0.00	0.00	0.00	0.00	0.00	0.00	
61.00	849.00	565.00	0.00	3422.00	376692.00	1.00	54.03	-1.60	4140.00	376692.00	110.08	34.00	255.00	33.31	1109.80	7.44	0.00	110.08	0.00	0.00	0.00	1.11	3422.00	30.26	0.01	0.00	0.00	0.00	0.00	0.00	0.00	
62.00	801.00	1051.00	0.00	3419.00	367375.00	1.00	50.03	-1.62	3996.00	367375.00	107.45	34.00	255.00	34.54	1192.97	8.15	0.00	107.45	0.00	0.00	0.00	1.18	3419.00	30.23	0.00	0.00	0.00	0.00	0.00	0.00	0.00	
63.00	910.00	586.00	0.00	3407.00	400564.00	1.00	57.08	-1.66	4284.00	400564.00	117.57	35.00	255.00	34.33	1178.77	8.45	0.00	117.57	0.00	0.00	0.00	1.13	3407.00	30.13	0.01	0.00	0.00	0.00	0.00	0.00	0.00	
64.00	411.00	663.00	0.00	3374.00	319070.00	1.00	50.89	-2.30	4690.00	319070.00	94.57	36.00	242.00	24.97	623.56	6.44	0.00	94.57	0.00	0.00	0.00	1.12	3374.00	29.83	0.00	0.00	0.00	0.00	0.00	0.00	0.00	
65.00	559.00	551.00	0.00	3368.00	336131.00	1.00	52.61	-1.68	4380.00	336131.00	99.80	33.00	253.00	31.60	998.54	7.25	0.00	99.80	0.00	0.00	0.00	1.10	3368.00	29.78	0.00	0.00	0.00	0.00	0.00	0.00	0.00	
66.00	1220.00	543.00	0.00	3307.00	331076.00	1.00	52.47	-1.39	4544.00	331076.00	100.11	27.00	248.00	33.63	1130.73	7.32	0.00	100.11	0.00	0.00	0.00	1.09	3307.00	29.24	0.00	0.00	0.00	0.00	0.00	0.00	0.00	
67.00	1157.00	567.00	0.00	3276.00	285238.00	1.00	53.84	-1.56	4284.00	285238.00	87.07	32.00	203.00	31.26	977.16	6.96	0.00	87.07	0.00	0.00	0.00	1.08	3276.00	28.97	0.00	0.00	0.00	0.00	0.00	0.00	0.00	
68.00	1246.00	435.00	0.00	3271.00	372631.00	1.00	54.64	-0.95	4355.00	372631.00	113.92	29.00	255.00	34.47	1188.31	10.25	0.00	113.92	0.00	0.00	0.00	1.09	3271.00	28.92	0.01	0.00	0.00	0.00	0.00	0.00	0.00	
69.00	1634.00	567.00	0.00	3269.00	313899.00	1.00	47.55	-1.06	4818.00	313899.00	96.02	36.00	252.00	30.23	913.78	6.73	0.00	96.02	0.00	0.00	0.00	1.15	3269.00	28.91	0.01	0.00	0.00	0.00	0.00	0.00	0.00	
70.00	771.00	528.00	0.00	3256.00	298714.00	1.00	53.80	-0.81	4761.00	298714.00	91.74	32.00	255.00	33.80	1142.18	6.92	0.00	91.74	0.00	0.00	0.00	1.13	3256.00	28.79	0.00	0.00	0.00	0.00	0.00	0.00	0.00	
71.00	751.00	634.00	0.00	3224.00	335037.00	1.00	38.72	-0.57	5680.00	335037.00	103.92	29.00	254.00	35.23	1240.89	7.10	0.00	103.92	0.00	0.00	0.00	1.38	3224.00	28.51	0.03	0.00	0.00	0.00	0.00	0.00	0.00	
72.00	292.00	535.00	0.00	3216.00	336623.00	1.00	52.10	0.71	4095.00	336623.00	104.67	35.00	255.00	32.23	1039.02	8.07	0.00	104.67	0.00	0.00	0.00	1.11	3216.00	28.44	0.01	0.00	0.00	0.00	0.00	0.00	0.00	
73.00	1449.00	432.00	0.00	3205.00	327456.00	1.00	49.27	-0.72	4690.00	327456.00	102.17	31.00	255.00	36.98	1367.52	7.93	0.00	102.17	0.00	0.00	0.00	1.15	3205.00	28.34	0.01	0.00	0.00	0.00	0.00	0.00	0.00	
74.00	1001.00	200.00	0.00	3191.00	184201.00	1.00	38.58	-1.48	5304.00	184201.00	57.73	24.00	145.00	12.69	161.10	4.52	0.00	57.73	0.00	0.00	0.00	1.34	3191.00	28.22	0.02	0.00	0.00	0.00	0.00	0.00	0.00	
75.00	835.00	635.00	0.00	3178.00	362448.00	1.00	51.86	-1.95	4480.00	362448.00	114.05	30.00	255.00	33.72	1136.71	7.97	0.00	114.05	0.00	0.00	0.00	1.07	3178.00	28.10	0.01	0.00	0.00	0.00	0.00	0.00	0.00	
76.00	539.00	485.00	0.00	3162.00	331286.00	1.00	50.30	-1.95	4020.00	331286.00	104.77	33.00	229.00	27.94	780.75	6.92	0.00	104.77	0.00	0.00	0.00	1.10	3162.00	27.96	0.02	0.00	0.00	0.00	0.00	0.00	0.00	
77.00	999.00	366.00	0.00	3115.00	284702.00	1.00	47.13	-1.27	5040.00	284702.00	91.40	32.00	255.00	31.76	1008.66	7.10	0.00	91.40	0.00	0.00	0.00	1.15	3115.00	27.54	0.01	0.00	0.00	0.00	0.00	0.00	0.00	
78.00	1363.00	538.00	0.00	3075.00	323202.00	1.00	45.85	-0.78	4420.00	323202.00	105.11	29.00	255.00	37.81	1429.52	8.62	0.00	105.11	0.00	0.00	0.00	1.15	3075.00	27.19	0.01	0.00	0.00	0.00	0.00	0.00	0.00	
79.00	790.00	432.00	0.00	3063.00	328249.00	1.00	52.71	-2.02	4485.00	328249.00	107.17	32.00	255.00	35.26	1243.27	9.27	0.00	107.17	0.00	0.00	0.00	1.08	3063.00	27.08	0.01	0.00	0.00	0.00	0.00	0.00	0.00	
80.00	731.00	735.00	0.00	3044.00	162434.00	1.00	48.50	0.16	4278.00	162434.00	53.36	35.00	78.00	6.99	48.88	2.39	0.00	53.36	0.00	0.00	0.00	1.14	3044.00	26.92	0.01	0.00	0.00	0.00	0.00	0.00	0.00	
81.00	697.00	1053.00	0.00	3035.00	285545.00	1.00	45.13	-1.74	3876.00	285545.00	94.08	34.00	255.00	28.09	788.82	5.97	0.00	94.08	0.00	0.00	0.00	1.17	3035.00	26.84	0.00	0.00	0.00	0.00	0.00	0.00	0.00	
82.00	632.00	680.00	0.00	3024.00	337053.00	1.00	44.63	-1.83	3960.00	337053.00	111.46	31.00	255.00	33.86	1146.54	7.41	0.00	111.46	0.00	0.00	0.00	1.17	3024.00	26.74	0.01	0.00	0.00	0.00	0.00	0.00	0.00	
83.00	822.00	483.00	0.00	3015.00	312064.00	1.00	51.53	-1.76	3960.00	312064.00	103.50	29.00	255.00	31.73	1006.63	9.29	0.00	103.50	0.00	0.00	0.00	1.06	3015.00	26.66	0.00	0.00	0.00	0.00	0.00	0.00	0.00	
84.00	1292.00	549.00	0.00	2994.00	177707.00	1.00	50.26	-0.40	4092.00	177707.00	59.35	26.00	184.00	11.49	131.97	4.44	0.00	59.35	0.00	0.00	0.00	1.10	2994.00	26.47	0.01	0.00	0.00	0.00	0.00	0.00	0.00	
85.00	213.00	569.00	0.00	2988.00	271260.00	1.00	46.69	-2.30	4224.00	271260.00	90.78	31.00	237.00	26.80	718.03	6.10	0.00	90.78	0.00	0.00	0.00	1.11	2988.00	26.42	0.00	0.00	0.00	0.00	0.00	0.00	0.00	
86.00	666.00	394.00	0.00	2970.00	334397.00	1.00	51.27	-1.80	3780.00	334397.00	112.59	35.00	255.00	33.04	1091.68	7.81	0.00	112.59	0.00	0.00	0.00	1.08	2970.00	26.26	0.01	0.00	0.00	0.00	0.00	0.00	0.00	
87.00	1009.00	984.00	0.00	2961.00	216546.00	1.00	44.18	-2.24	5040.00	216546.00	73.13	34.00	147.00	28.46	810.25	5.84	0.00	73.13	0.00	0.00	0.00	1.20	2961.00	26.18	0.02	0.00	0.00	0.00	0.00	0.00	0.00	
88.00	1348.00	481.00	0.00	2925.00	137279.00	1.00	48.42	-1.52	3944.00	137279.00	46.93	35.00	67.00	4.33	18.73	1.67	0.00	46.93	0.00	0.00	0.00	1.08	2925.00	25.86	0.01	0.00	0.00	0.00	0.00	0.00	0.00	
89.00	264.00	447.00	0.00	2919.00	283263.00	1.00	46.73	-2.02	3944.00	283263.00	97.04	32.00	255.00	29.76	885.43	7.34	0.00	97.04	0.00	0.00	0.00	1.09	2919.00	25.81	0.00	0.00	0.00	0.00	0.00	0.00	0.00	
90.00	261.00	628.00	0.00	2895.00	273979.00	1.00	46.09	0.58	3900.00	273979.00	94.64	34.00	255.00	26.92	724.81	6.40	0.00	94.64	0.00	0.00	0.00	1.10	2895.00	25.60	0.01	0.00	0.00	0.00	0.00	0.00	0.00	
91.00	1336.00	410.00	0.00	2867.00	291407.00	1.00	47.99	-1.33	3886.00	291407.00	101.64	35.00	255.00	35.60	1267.21	8.14	0.00	101.64	0.00	0.00	0.00	1.05	2867.00	25.35	0.00	0.00	0.00	0.00	0.00	0.00	0.00	
92.00	680.00	469.00	0.00	2852.00	302397.00	1.00	47.04	-1.94	3819.00	302397.00	106.03	35.00	255.00	31.81	1011.84	7.43	0.00	106.03	0.00	0.00	0.00	1.07	2852.00	25.22	0.00	0.00	0.00	0.00	0.00	0.00	0.00	
93.00	323.00	474.00	0.00	2846.00	297644.00	1.00	46.63	-2.16	3904.00	297644.00	104.58	33.00	255.00	33.99	1155.15	8.61	0.00	104.58	0.00	0.00	0.00	1.07	2846.00	25.16	0.00	0.00	0.00	0.00	0.00	0.00	0.00	
94.00	599.00	479.00	0.00	2832.00	314101.00	1.00	48.75	-1.00	4096.00	314101.00	110.91	31.00	243.00	30.62	937.49	8.17	0.00	110.91	0.00	0.00	0.00	1.06	2832.00	25.04	0.02	0.00	0.00	0.00	0.00	0.00	0.00	
95.00	423.00	575.00	0.00	2807.00	133042.00	1.00	48.18	-2.22	4012.00	133042.00	47.40	25.00	91.00	7.32	53.57	3.60	0.00	47.40	0.00	0.00	0.00	1.03	2807.00	24.82	0.00	0.00	0.00	0.00	0.00	0.00	0.00	
96.00	1274.00	488.00	0.00	2773.00	265541.00	1.00	49.74	-1.13	3906.00	265541.00	95.76	29.00	255.00	31.68	1003.55	6.92	0.00	95.76	0.00	0.00	0.00	1.05	2773.00	24.52	0.01	0.00	0.00	0.00	0.00	0.00	0.00	
97.00	1571.00	333.00	0.00	2749.00	250057.00	1.00	45.81	-1.25	3752.00	250057.00	90.96	36.00	209.00	25.85	668.06	6.48	0.00	90.96	0.00	0.00	0.00	1.06	2749.00	24.31	0.01	0.00	0.00	0.00	0.00	0.00	0.00	
98.00	889.00	336.00	0.00	2738.00	291723.00	1.00	47.72	-1.06	3477.00	291723.00	106.55	27.00	255.00	31.74	1007.19	8.97	0.00	106.55	0.00	0.00	0.00	1.05	2738.00	24.21	0.00	0.00	0.00	0.00	0.00	0.00	0.00	
99.00	78.00	474.00	0.00	2708.00	166255.00	1.00	44.73	-2.01	3456.00	166255.00	61.39	35.00	178.00	22.17	491.64	4.20	0.00	61.39	0.00	0.00	0.00	1.07	2708.00	23.94	0.00	0.00	0.00	0.00	0.00	0.00	0.00	
100.00	1008.00	711.00	0.00	2700.00	130054.00	1.00	47.75	0.72	4420.00	130054.00	48.17	24.00	114.00	9.18	84.30	3.00	0.00	48.17	0.00	0.00	0.00	1.05	2700.00	23.87	0.02	0.00	0.00	0.00	0.00	0.00	0.00	
101.00	1635.00	458.00	0.00	2696.00	172970.00	1.00	45.44	-0.97	3477.00	172970.00	64.16	35.00	221.00	24.20	585.52	4.92	0.00	64.16	0.00	0.00	0.00	1.07	2696.00	23.84	0.00	0.00	0.00	0.00	0.00	0.00	0.00	
102.00	791.00	375.00	0.00	2688.00	259021.00	1.00	49.97	-2.11	3364.00	259021.00	96.36	33.00	227.00	27.07	732.69	6.53	0.00	96.36	0.00	0.00	0.00	1.04	2688.00	23.77	0.01	0.00	0.00	0.00	0.00	0.00	0.00	
103.00	576.00	290.00	0.00	2653.00	263458.00	1.00	47.38	-1.71	3591.00	263458.00	99.31	36.00	217.00	25.59	654.66	7.55	0.00	99.31	0.00	0.00	0.00	1.03	2653.00	23.46	0.00	0.00	0.00	0.00	0.00	0.00	0.00	
104.00	1457.00	379.00	0.00	2636.00	244197.00	1.00	44.34	-1.26	3575.00	244197.00	92.64	33.00	205.00	23.03	530.25	6.39	0.00	92.64	0.00	0.00	0.00	1.07	2636.00	23.31	0.01	0.00	0.00	0.00	0.00	0.00	0.00	
105.00	628.00	345.00	0.00	2632.00	261974.00	1.00	46.76	-1.59	3575.00	261974.00	99.53	32.00	255.00	29.07	845.12	7.39	0.00	99.53	0.00	0.00	0.00	1.03	2632.00	23.27	0.01	0.00	0.00	0.00	0.00	0.00	0.00	
106.00	222.00	380.00	0.00	2598.00	227124.00	1.00	44.23	-2.07	3584.00	227124.00	87.42	36.00	205.00	24.80	614.99	5.93	0.00	87.42	0.00	0.00	0.00	1.05	2598.00	22.97	0.00	0.00	0.00	0.00	0.00	0.00	0.00	
107.00	559.00	433.00	0.00	2589.00	263700.00	1.00	45.04	-1.84	3752.00	263700.00	101.85	33.00	223.00	27.34	747.52	6.56	0.00	101.85	0.00	0.00	0.00	1.05	2589.00	22.89	0.02	0.00	0.00	0.00	0.00	0.00	0.00	
108.00	659.00	300.00	0.00	2584.00	267014.00	1.00	45.34	-1.62	3200.00	267014.00	103.33	36.00	219.00	25.16	632.96	6.89	0.00	103.33	0.00	0.00	0.00	1.04	2584.00	22.85	0.01	0.00	0.00	0.00	0.00	0.00	0.00	
109.00	352.00	403.00	0.00	2578.00	241240.00	1.00	43.58	-2.07	3685.00	241240.00	93.58	33.00	255.00	32.17	1035.18	7.69	0.00	93.58	0.00	0.00	0.00	1.08	2578.00	22.80	0.01	0.00	0.00	0.00	0.00	0.00	0.00	
110.00	330.00	692.00	0.00	2578.00	144823.00	1.00	44.06	-0.92	4416.00	144823.00	56.18	36.00	111.00	8.16	66.64	3.18	0.00	56.18	0.00	0.00	0.00	1.09	2578.00	22.80	0.01	0.00	0.00	0.00	0.00	0.00	0.00	
111.00	1069.00	693.00	0.00	2573.00	115449.00	1.00	41.93	-1.19	4402.00	115449.00	44.87	36.00	57.00	3.22	10.34	1.58	0.00	44.87	0.00	0.00	0.00	1.16	2573.00	22.75	0.01	0.00	0.00	0.00	0.00	0.00	0.00	
112.00	845.00	380.00	0.00	2571.00	278443.00	1.00	48.61	-1.62	3248.00	278443.00	108.30	37.00	255.00	29.37	862.87	8.16	0.00	108.30	0.00	0.00	0.00	1.04	2571.00	22.73	0.01	0.00	0.00	0.00	0.00	0.00	0.00	
113.00	420.00	424.00	0.00	2564.00	258475.00	1.00	41.62	-1.93	3417.00	258475.00	100.81	33.00	231.00	31.99	1023.36	7.43	0.00	100.81	0.00	0.00	0.00	1.08	2564.00	22.67	0.00	0.00	0.00	0.00	0.00	0.00	0.00	
114.00	590.00	234.00	0.00	2556.00	262050.00	1.00	45.87	-1.60	3410.00	262050.00	102.52	36.00	255.00	30.61	936.93	7.21	0.00	102.52	0.00	0.00	0.00	1.02	2556.00	22.60	0.01	0.00	0.00	0.00	0.00	0.00	0.00	
115.00	645.00	231.00	0.00	2546.00	257994.00	1.00	48.39	-1.11	3248.00	257994.00	101.33	34.00	254.00	33.16	1099.85	7.26	0.00	101.33	0.00	0.00	0.00	1.03	2546.00	22.51	0.01	0.00	0.00	0.00	0.00	0.00	0.00	
116.00	1143.00	413.00	0.00	2512.00	271100.00	1.00	44.60	-1.20	3120.00	271100.00	107.92	35.00	255.00	35.75	1278.14	8.75	0.00	107.92	0.00	0.00	0.00	1.03	2512.00	22.21	0.00	0.00	0.00	0.00	0.00	0.00	0.00	
117.00	241.00	306.00	0.00	2510.00	254184.00	1.00	45.68	-1.83	3127.00	254184.00	101.27	36.00	255.00	34.77	1209.02	8.36	0.00	101.27	0.00	0.00	0.00	1.04	2510.00	22.19	0.01	0.00	0.00	0.00	0.00	0.00	0.00	
118.00	1084.00	327.00	0.00	2496.00	132892.00	1.00	47.08	-1.54	3416.00	132892.00	53.24	21.00	172.00	10.69	114.32	4.65	0.00	53.24	0.00	0.00	0.00	1.02	2496.00	22.07	0.00	0.00	0.00	0.00	0.00	0.00	0.00	
119.00	720.00	397.00	0.00	2491.00	253574.00	1.00	47.98	0.41	3024.00	253574.00	101.80	35.00	247.00	30.88	953.76	7.62	0.00	101.80	0.00	0.00	0.00	1.04	2491.00	22.03	0.01	0.00	0.00	0.00	0.00	0.00	0.00	
120.00	1261.00	320.00	0.00	2481.00	236006.00	1.00	43.85	-1.28	3276.00	236006.00	95.13	36.00	234.00	29.77	886.47	7.12	0.00	95.13	0.00	0.00	0.00	1.02	2481.00	21.94	0.00	0.00	0.00	0.00	0.00	0.00	0.00	
121.00	453.00	192.00	0.00	2426.00	206358.00	1.00	38.50	-1.86	3384.00	206358.00	85.06	33.00	238.00	35.36	1250.60	6.59	0.00	85.06	0.00	0.00	0.00	1.10	2426.00	21.45	0.01	0.00	0.00	0.00	0.00	0.00	0.00	
122.00	19.00	694.00	0.00	2426.00	217823.00	1.00	40.55	0.27	3174.00	217823.00	89.79	34.00	224.00	22.50	506.37	6.45	0.00	89.79	0.00	0.00	0.00	1.10	2426.00	21.45	0.00	0.00	0.00	0.00	0.00	0.00	0.00	
123.00	599.00	394.00	0.00	2425.00	262494.00	1.00	45.24	-2.35	3363.00	262494.00	108.24	33.00	243.00	27.33	746.69	7.88	0.00	108.24	0.00	0.00	0.00	1.01	2425.00	21.44	0.01	0.00	0.00	0.00	0.00	0.00	0.00	
124.00	727.00	869.00	0.00	2417.00	100269.00	1.00	42.81	-2.20	4488.00	100269.00	41.48	33.00	55.00	4.09	16.74	1.57	0.00	41.48	0.00	0.00	0.00	1.26	2417.00	21.37	0.02	0.00	0.00	0.00	0.00	0.00	0.00	
125.00	1161.00	314.00	0.00	2359.00	245119.00	1.00	44.28	-1.46	3120.00	245119.00	103.91	36.00	255.00	35.05	1228.26	9.13	0.00	103.91	0.00	0.00	0.00	1.00	2359.00	20.86	0.00	0.00	0.00	0.00	0.00	0.00	0.00	
126.00	389.00	321.00	0.00	2340.00	229280.00	1.00	42.65	-2.14	3186.00	229280.00	97.98	36.00	255.00	31.64	1001.05	8.72	0.00	97.98	0.00	0.00	0.00	1.02	2340.00	20.69	0.00	0.00	0.00	0.00	0.00	0.00	0.00	
127.00	1078.00	172.00	0.00	2338.00	190324.00	1.00	46.02	0.14	3135.00	190324.00	81.40	36.00	241.00	28.70	823.70	6.93	0.00	81.40	0.00	0.00	0.00	0.99	2338.00	20.67	0.00	0.00	0.00	0.00	0.00	0.00	0.00	
128.00	1412.00	326.00	0.00	2288.00	190837.00	1.00	42.18	-1.02	2912.00	190837.00	83.41	33.00	255.00	36.60	1339.27	8.21	0.00	83.41	0.00	0.00	0.00	1.02	2288.00	20.23	0.00	0.00	0.00	0.00	0.00	0.00	0.00	
129.00	1245.00	258.00	0.00	2281.00	211489.00	1.00	43.22	-1.09	2856.00	211489.00	92.72	36.00	225.00	25.86	668.83	6.99	0.00	92.72	0.00	0.00	0.00	1.00	2281.00	20.17	0.00	0.00	0.00	0.00	0.00	0.00	0.00	
130.00	1343.00	333.00	0.00	2268.00	94632.00	1.00	43.60	-0.98	2968.00	94632.00	41.72	33.00	55.00	3.88	15.05	1.64	0.00	41.72	0.00	0.00	0.00	1.01	2268.00	20.05	0.01	0.00	0.00	0.00	0.00	0.00	0.00	
131.00	943.00	819.00	0.00	2253.00	125567.00	1.00	39.98	-1.32	3136.00	125567.00	55.73	36.00	75.00	6.73	45.26	1.77	0.00	55.73	0.00	0.00	0.00	1.11	2253.00	19.92	0.03	0.00	0.00	0.00	0.00	0.00	0.00	
132.00	1172.00	245.00	0.00	2212.00	200765.00	1.00	41.70	-1.45	2832.00	200765.00	90.76	35.00	230.00	25.39	644.41	7.07	0.00	90.76	0.00	0.00	0.00	0.99	2212.00	19.56	0.00	0.00	0.00	0.00	0.00	0.00	0.00	
133.00	680.00	744.00	0.00	2211.00	227595.00	1.00	33.28	-2.20	4032.00	227595.00	102.94	32.00	255.00	45.26	2048.13	8.16	0.00	102.94	0.00	0.00	0.00	1.31	2211.00	19.55	0.03	0.00	0.00	0.00	0.00	0.00	0.00	
134.00	329.00	351.00	0.00	2207.00	211378.00	1.00	40.97	-2.20	2970.00	211378.00	95.78	31.00	255.00	32.19	1036.04	8.48	0.00	95.78	0.00	0.00	0.00	1.04	2207.00	19.51	0.01	0.00	0.00	0.00	0.00	0.00	0.00	
135.00	414.00	1057.00	0.00	2196.00	211340.00	1.00	38.69	-1.63	2992.00	211340.00	96.24	33.00	255.00	38.46	1479.43	7.35	0.00	96.24	0.00	0.00	0.00	1.09	2196.00	19.42	0.00	0.00	0.00	0.00	0.00	0.00	0.00	
136.00	629.00	442.00	0.00	2185.00	243578.00	1.00	40.71	-1.54	3150.00	243578.00	111.48	31.00	255.00	34.90	1218.27	8.96	0.00	111.48	0.00	0.00	0.00	0.99	2185.00	19.32	0.02	0.00	0.00	0.00	0.00	0.00	0.00	
137.00	107.00	369.00	0.00	2177.00	95485.00	1.00	37.70	-2.04	3024.00	95485.00	43.86	27.00	115.00	7.63	58.17	2.68	0.00	43.86	0.00	0.00	0.00	1.05	2177.00	19.25	0.00	0.00	0.00	0.00	0.00	0.00	0.00	
138.00	1297.00	183.00	0.00	2174.00	205211.00	1.00	41.18	-1.64	2842.00	205211.00	94.39	35.00	229.00	28.48	811.32	7.05	0.00	94.39	0.00	0.00	0.00	0.99	2174.00	19.22	0.01	0.00	0.00	0.00	0.00	0.00	0.00	
139.00	874.00	677.00	0.00	2166.00	202546.00	1.00	47.23	-0.50	3876.00	202546.00	93.51	30.00	245.00	34.72	1205.38	7.60	0.00	93.51	0.00	0.00	0.00	1.04	2166.00	19.15	0.01	0.00	0.00	0.00	0.00	0.00	0.00	
140.00	195.00	333.00	0.00	2163.00	211722.00	1.00	41.58	-1.79	3100.00	211722.00	97.88	34.00	230.00	25.38	643.99	7.22	0.00	97.88	0.00	0.00	0.00	0.99	2163.00	19.13	0.01	0.00	0.00	0.00	0.00	0.00	0.00	
141.00	1076.00	426.00	0.00	2158.00	88584.00	1.00	42.45	-0.08	2912.00	88584.00	41.05	31.00	51.00	3.31	10.99	1.47	0.00	41.05	0.00	0.00	0.00	1.05	2158.00	19.08	0.01	0.00	0.00	0.00	0.00	0.00	0.00	
142.00	1352.00	193.00	0.00	2157.00	218000.00	1.00	40.54	-1.29	2842.00	218000.00	101.07	37.00	255.00	32.57	1061.09	8.99	0.00	101.07	0.00	0.00	0.00	0.99	2157.00	19.07	0.01	0.00	0.00	0.00	0.00	0.00	0.00	
143.00	305.00	203.00	0.00	2142.00	192601.00	1.00	39.00	-1.71	2596.00	192601.00	89.92	36.00	223.00	24.17	584.28	7.40	0.00	89.92	0.00	0.00	0.00	1.00	2142.00	18.94	0.00	0.00	0.00	0.00	0.00	0.00	0.00	
144.00	201.00	634.00	0.00	2137.00	218578.00	1.00	42.76	-0.91	3300.00	218578.00	102.28	36.00	236.00	27.51	756.63	6.58	0.00	102.28	0.00	0.00	0.00	1.00	2137.00	18.90	0.03	0.00	0.00	0.00	0.00	0.00	0.00	
145.00	1217.00	201.00	0.00	2126.00	203509.00	1.00	40.18	-1.18	2679.00	203509.00	95.72	35.00	232.00	30.32	919.22	7.79	0.00	95.72	0.00	0.00	0.00	1.00	2126.00	18.80	0.00	0.00	0.00	0.00	0.00	0.00	0.00	
146.00	143.00	293.00	0.00	2104.00	173178.00	1.00	41.30	-2.13	2754.00	173178.00	82.31	34.00	255.00	27.23	741.47	7.02	0.00	82.31	0.00	0.00	0.00	1.01	2104.00	18.60	0.00	0.00	0.00	0.00	0.00	0.00	0.00	
147.00	561.00	107.00	0.00	2090.00	197288.00	1.00	39.43	-1.72	2714.00	197288.00	94.40	33.00	247.00	29.98	899.06	7.45	0.00	94.40	0.00	0.00	0.00	0.98	2090.00	18.48	0.01	0.00	0.00	0.00	0.00	0.00	0.00	
148.00	1604.00	388.00	0.00	2083.00	179919.00	1.00	39.38	-2.08	3410.00	179919.00	86.37	36.00	244.00	24.57	603.70	6.83	0.00	86.37	0.00	0.00	0.00	1.02	2083.00	18.42	0.01	0.00	0.00	0.00	0.00	0.00	0.00	
149.00	1105.00	251.00	0.00	2060.00	201438.00	1.00	37.97	-1.63	2852.00	201438.00	97.79	36.00	255.00	30.30	917.98	8.40	0.00	97.79	0.00	0.00	0.00	0.98	2060.00	18.21	0.00	0.00	0.00	0.00	0.00	0.00	0.00	
150.00	1342.00	135.00	0.00	2058.00	207939.00	1.00	38.80	-1.58	2806.00	207939.00	101.04	36.00	255.00	34.51	1190.94	9.03	0.00	101.04	0.00	0.00	0.00	0.98	2058.00	18.20	0.00	0.00	0.00	0.00	0.00	0.00	0.00	
151.00	314.00	311.00	0.00	2049.00	184343.00	1.00	38.05	-2.15	2695.00	184343.00	89.97	30.00	255.00	27.31	746.09	7.26	0.00	89.97	0.00	0.00	0.00	1.02	2049.00	18.12	0.01	0.00	0.00	0.00	0.00	0.00	0.00	
152.00	418.00	242.00	0.00	2047.00	162803.00	1.00	40.79	-1.97	2744.00	162803.00	79.53	35.00	254.00	34.11	1163.54	7.60	0.00	79.53	0.00	0.00	0.00	0.99	2047.00	18.10	0.00	0.00	0.00	0.00	0.00	0.00	0.00	
153.00	1063.00	551.00	0.00	2047.00	83910.00	1.00	38.08	0.20	2880.00	83910.00	40.99	32.00	52.00	3.95	15.63	1.46	0.00	40.99	0.00	0.00	0.00	1.05	2047.00	18.10	0.01	0.00	0.00	0.00	0.00	0.00	0.00	
154.00	708.00	28.00	0.00	2034.00	163445.00	1.00	42.73	0.07	2700.00	163445.00	80.36	30.00	232.00	35.12	1233.30	7.68	0.00	80.36	0.00	0.00	0.00	0.97	2034.00	17.99	0.00	0.00	0.00	0.00	0.00	0.00	0.00	
155.00	1305.00	269.00	0.00	2027.00	132058.00	1.00	36.48	-1.64	2816.00	132058.00	65.15	31.00	135.00	13.39	179.41	4.57	0.00	65.15	0.00	0.00	0.00	0.99	2027.00	17.92	0.00	0.00	0.00	0.00	0.00	0.00	0.00	
156.00	1144.00	158.00	0.00	2018.00	192170.00	1.00	39.54	-1.14	2695.00	192170.00	95.23	36.00	221.00	25.74	662.41	7.41	0.00	95.23	0.00	0.00	0.00	0.98	2018.00	17.84	0.00	0.00	0.00	0.00	0.00	0.00	0.00	
157.00	827.00	193.00	0.00	1991.00	199283.00	1.00	42.81	-1.59	2646.00	199283.00	100.09	33.00	248.00	28.89	834.66	6.97	0.00	100.09	0.00	0.00	0.00	0.97	1991.00	17.60	0.02	0.00	0.00	0.00	0.00	0.00	0.00	
158.00	742.00	153.00	0.00	1989.00	82830.00	1.00	41.07	-1.60	2592.00	82830.00	41.64	32.00	57.00	3.52	12.36	1.68	0.00	41.64	0.00	0.00	0.00	0.96	1989.00	17.59	0.00	0.00	0.00	0.00	0.00	0.00	0.00	
159.00	19.00	527.00	0.00	1989.00	166498.00	1.00	37.34	0.45	2668.00	166498.00	83.71	35.00	201.00	19.35	374.26	6.28	0.00	83.71	0.00	0.00	0.00	1.07	1989.00	17.59	0.00	0.00	0.00	0.00	0.00	0.00	0.00	
160.00	587.00	146.00	0.00	1976.00	185716.00	1.00	39.09	-1.75	2576.00	185716.00	93.99	33.00	245.00	30.25	914.86	7.29	0.00	93.99	0.00	0.00	0.00	0.97	1976.00	17.47	0.01	0.00	0.00	0.00	0.00	0.00	0.00	
161.00	619.00	107.00	0.00	1961.00	195447.00	1.00	39.77	-1.97	2496.00	195447.00	99.67	31.00	242.00	32.51	1057.01	7.76	0.00	99.67	0.00	0.00	0.00	0.97	1961.00	17.34	0.01	0.00	0.00	0.00	0.00	0.00	0.00	
162.00	472.00	347.00	0.00	1947.00	201193.00	1.00	39.33	-0.75	2968.00	201193.00	103.33	31.00	249.00	33.81	1143.06	8.25	0.00	103.33	0.00	0.00	0.00	1.01	1947.00	17.22	0.02	0.00	0.00	0.00	0.00	0.00	0.00	
163.00	16.00	627.00	0.00	1896.00	162337.00	1.00	35.89	0.35	2604.00	162337.00	85.62	33.00	255.00	36.51	1332.92	6.90	0.00	85.62	0.00	0.00	0.00	1.12	1896.00	16.76	0.00	0.00	0.00	0.00	0.00	0.00	0.00	
164.00	431.00	125.00	0.00	1895.00	177019.00	1.00	38.58	-2.10	2448.00	177019.00	93.41	36.00	255.00	30.80	948.80	8.70	0.00	93.41	0.00	0.00	0.00	0.97	1895.00	16.76	0.00	0.00	0.00	0.00	0.00	0.00	0.00	
165.00	781.00	208.00	0.00	1895.00	204991.00	1.00	41.36	-1.57	2688.00	204991.00	108.17	34.00	255.00	31.03	963.06	8.82	0.00	108.17	0.00	0.00	0.00	0.97	1895.00	16.76	0.02	0.00	0.00	0.00	0.00	0.00	0.00	
166.00	670.00	105.00	0.00	1889.00	184751.00	1.00	38.08	-1.55	2376.00	184751.00	97.80	32.00	248.00	28.71	824.34	7.51	0.00	97.80	0.00	0.00	0.00	0.96	1889.00	16.70	0.01	0.00	0.00	0.00	0.00	0.00	0.00	
167.00	872.00	159.00	0.00	1880.00	186060.00	1.00	37.40	-1.79	2622.00	186060.00	98.97	34.00	239.00	31.54	994.97	7.96	0.00	98.97	0.00	0.00	0.00	0.95	1880.00	16.62	0.00	0.00	0.00	0.00	0.00	0.00	0.00	
168.00	1246.00	149.00	0.00	1844.00	119922.00	1.00	36.61	-1.42	2508.00	119922.00	65.03	36.00	105.00	16.81	282.51	4.80	0.00	65.03	0.00	0.00	0.00	0.95	1844.00	16.31	0.00	0.00	0.00	0.00	0.00	0.00	0.00	
169.00	935.00	159.00	0.00	1844.00	198833.00	1.00	38.73	-1.63	2576.00	198833.00	107.83	36.00	255.00	33.78	1140.86	8.76	0.00	107.83	0.00	0.00	0.00	0.94	1844.00	16.31	0.01	0.00	0.00	0.00	0.00	0.00	0.00	
170.00	744.00	73.00	0.00	1823.00	166185.00	1.00	37.34	-1.91	2376.00	166185.00	91.16	33.00	234.00	26.52	703.54	7.60	0.00	91.16	0.00	0.00	0.00	0.95	1823.00	16.12	0.00	0.00	0.00	0.00	0.00	0.00	0.00	
171.00	1129.00	486.00	0.00	1822.00	102169.00	1.00	34.23	-0.82	2912.00	102169.00	56.08	28.00	144.00	11.08	122.71	4.40	0.00	56.08	0.00	0.00	0.00	1.06	1822.00	16.11	0.02	0.00	0.00	0.00	0.00	0.00	0.00	
172.00	1032.00	73.00	0.00	1760.00	173099.00	1.00	36.04	-1.41	2226.00	173099.00	98.35	34.00	255.00	34.54	1192.94	9.16	0.00	98.35	0.00	0.00	0.00	0.94	1760.00	15.56	0.00	0.00	0.00	0.00	0.00	0.00	0.00	
173.00	896.00	36.00	0.00	1748.00	154852.00	1.00	36.14	-1.41	2226.00	154852.00	88.59	36.00	214.00	25.96	674.04	7.43	0.00	88.59	0.00	0.00	0.00	0.93	1748.00	15.46	0.00	0.00	0.00	0.00	0.00	0.00	0.00	
174.00	1743.00	709.00	0.00	1730.00	71248.00	1.00	38.76	0.63	4095.00	71248.00	41.18	33.00	56.00	4.55	20.71	1.64	0.00	41.18	0.00	0.00	0.00	1.19	1730.00	15.30	0.00	0.00	0.00	0.00	0.00	0.00	0.00	
175.00	1476.00	492.00	0.00	1697.00	130292.00	1.00	28.62	-1.04	2880.00	130292.00	76.78	35.00	180.00	18.77	352.43	4.90	0.00	76.78	0.00	0.00	0.00	1.15	1697.00	15.01	0.02	0.00	0.00	0.00	0.00	0.00	0.00	
177.00	1182.00	672.00	0.00	1670.00	66548.00	1.00	36.19	0.64	2805.00	66548.00	39.85	31.00	52.00	4.07	16.60	1.51	0.00	39.85	0.00	0.00	0.00	1.02	1670.00	14.77	0.02	0.00	0.00	0.00	0.00	0.00	0.00	
178.00	338.00	828.00	0.00	1659.00	65405.00	1.00	38.00	-1.13	2961.00	65405.00	39.42	31.00	47.00	2.86	8.16	1.25	0.00	39.42	0.00	0.00	0.00	1.04	1659.00	14.67	0.00	0.00	0.00	0.00	0.00	0.00	0.00	
179.00	646.00	40.00	0.00	1606.00	139943.00	1.00	34.50	-1.58	2236.00	139943.00	87.14	36.00	255.00	25.94	672.74	7.77	0.00	87.14	0.00	0.00	0.00	0.92	1606.00	14.20	0.00	0.00	0.00	0.00	0.00	0.00	0.00	
180.00	1459.00	139.00	0.00	1534.00	66525.00	1.00	36.12	-1.33	2150.00	66525.00	43.37	28.00	133.00	10.12	102.41	3.84	0.00	43.37	0.00	0.00	0.00	0.94	1534.00	13.56	0.00	0.00	0.00	0.00	0.00	0.00	0.00	
181.00	248.00	510.00	0.00	1525.00	143987.00	1.00	36.30	-0.13	2288.00	143987.00	94.42	34.00	192.00	24.34	592.42	6.42	0.00	94.42	0.00	0.00	0.00	0.91	1525.00	13.48	0.02	0.00	0.00	0.00	0.00	0.00	0.00	
182.00	1233.00	96.00	0.00	1500.00	60511.00	1.00	32.10	-1.46	1961.00	60511.00	40.34	34.00	56.00	3.08	9.48	1.56	0.00	40.34	0.00	0.00	0.00	0.94	1500.00	13.26	0.01	0.00	0.00	0.00	0.00	0.00	0.00	
183.00	973.00	685.00	0.00	1495.00	103219.00	1.00	29.67	-1.63	2340.00	103219.00	69.04	31.00	159.00	16.56	274.39	4.54	0.00	69.04	0.00	0.00	0.00	1.02	1495.00	13.22	0.05	0.00	0.00	0.00	0.00	0.00	0.00	
184.00	581.00	52.00	0.00	1488.00	99161.00	1.00	32.14	-1.57	1976.00	99161.00	66.64	35.00	183.00	21.31	454.33	5.96	0.00	66.64	0.00	0.00	0.00	0.90	1488.00	13.16	0.00	0.00	0.00	0.00	0.00	0.00	0.00	
185.00	651.00	584.00	0.00	1463.00	80186.00	1.00	29.50	-2.04	2288.00	80186.00	54.81	26.00	109.00	10.63	113.05	4.54	0.00	54.81	0.00	0.00	0.00	1.10	1463.00	12.94	0.02	0.00	0.00	0.00	0.00	0.00	0.00	
187.00	500.00	173.00	0.00	1454.00	65983.00	1.00	34.31	-0.93	2392.00	65983.00	45.38	36.00	60.00	4.18	17.50	2.05	0.00	45.38	0.00	0.00	0.00	0.94	1454.00	12.86	0.02	0.00	0.00	0.00	0.00	0.00	0.00	
188.00	167.00	684.00	0.00	1441.00	150543.00	1.00	22.98	-2.23	2950.00	150543.00	104.47	34.00	255.00	40.23	1618.67	9.69	0.00	104.47	0.00	0.00	0.00	1.30	1441.00	12.74	0.03	0.00	0.00	0.00	0.00	0.00	0.00	
189.00	409.00	365.00	0.00	1419.00	78691.00	1.00	33.82	-0.76	2544.00	78691.00	55.46	26.00	151.00	12.87	165.58	5.12	0.00	55.46	0.00	0.00	0.00	0.96	1419.00	12.55	0.02	0.00	0.00	0.00	0.00	0.00	0.00	
190.00	741.00	896.00	0.00	1383.00	63484.00	1.00	24.68	-2.19	2352.00	63484.00	45.90	31.00	65.00	5.05	25.47	1.63	0.00	45.90	0.00	0.00	0.00	1.16	1383.00	12.23	0.04	0.00	0.00	0.00	0.00	0.00	0.00	
191.00	937.00	499.00	0.00	1358.00	62315.00	1.00	29.62	-1.12	2064.00	62315.00	45.89	34.00	62.00	4.15	17.26	1.95	0.00	45.89	0.00	0.00	0.00	0.98	1358.00	12.01	0.03	0.00	0.00	0.00	0.00	0.00	0.00	
192.00	1112.00	113.00	0.00	1270.00	55454.00	1.00	30.17	-2.26	2150.00	55454.00	43.66	25.00	121.00	7.60	57.78	2.95	0.00	43.66	0.00	0.00	0.00	0.97	1270.00	11.23	0.02	0.00	0.00	0.00	0.00	0.00	0.00	
193.00	943.00	789.00	0.00	1270.00	81520.00	1.00	23.81	-1.64	1820.00	81520.00	64.19	36.00	104.00	12.64	159.79	4.09	0.00	64.19	0.00	0.00	0.00	1.05	1270.00	11.23	0.03	0.00	0.00	0.00	0.00	0.00	0.00	
194.00	641.00	742.00	0.00	1215.00	125237.00	1.00	27.79	0.02	1683.00	125237.00	103.08	33.00	182.00	20.56	422.65	5.99	0.00	103.08	0.00	0.00	0.00	0.90	1215.00	10.74	0.05	0.00	0.00	0.00	0.00	0.00	0.00	
195.00	1712.00	681.00	0.00	1207.00	48620.00	1.00	24.82	-2.02	2200.00	48620.00	40.28	34.00	54.00	3.38	11.41	1.52	0.00	40.28	0.00	0.00	0.00	1.09	1207.00	10.67	0.01	0.00	0.00	0.00	0.00	0.00	0.00	
196.00	1092.00	11.00	0.00	1195.00	102596.00	1.00	25.70	-1.55	1428.00	102596.00	85.85	36.00	191.00	21.79	474.88	7.04	0.00	85.85	0.00	0.00	0.00	0.95	1195.00	10.57	0.00	0.00	0.00	0.00	0.00	0.00	0.00	
197.00	189.00	1065.00	0.00	1115.00	96007.00	1.00	21.74	-1.59	1638.00	96007.00	86.10	36.00	132.00	17.51	306.64	5.69	0.00	86.10	0.00	0.00	0.00	1.04	1115.00	9.86	0.00	0.00	0.00	0.00	0.00	0.00	0.00	
198.00	982.00	440.00	0.00	1099.00	49694.00	1.00	36.38	-0.78	2688.00	49694.00	45.22	28.00	70.00	7.67	58.89	3.77	0.00	45.22	0.00	0.00	0.00	0.77	1099.00	9.72	0.03	0.00	0.00	0.00	0.00	0.00	0.00	
199.00	942.00	674.00	0.00	1073.00	79688.00	1.00	18.51	-2.19	2394.00	79688.00	74.27	36.00	107.00	9.17	84.08	4.12	0.00	74.27	0.00	0.00	0.00	1.27	1073.00	9.49	0.06	0.00	0.00	0.00	0.00	0.00	0.00	
200.00	308.00	713.00	0.00	1053.00	53278.00	1.00	21.96	-0.84	1936.00	53278.00	50.60	32.00	78.00	6.63	44.00	2.33	0.00	50.60	0.00	0.00	0.00	1.09	1053.00	9.31	0.05	0.00	0.00	0.00	0.00	0.00	0.00	
202.00	665.00	715.00	0.00	981.00	94804.00	1.00	23.98	-1.43	1421.00	94804.00	96.64	35.00	202.00	23.49	551.98	6.51	0.00	96.64	0.00	0.00	0.00	0.86	981.00	8.67	0.05	0.00	0.00	0.00	0.00	0.00	0.00	
203.00	1214.00	681.00	0.00	919.00	39405.00	1.00	23.31	-0.13	1344.00	39405.00	42.88	35.00	57.00	4.94	24.38	1.94	0.00	42.88	0.00	0.00	0.00	0.84	919.00	8.13	0.04	0.00	0.00	0.00	0.00	0.00	0.00	
204.00	962.00	476.00	0.00	851.00	40041.00	1.00	27.18	-0.53	1088.00	40041.00	47.05	30.00	79.00	5.98	35.70	2.80	0.00	47.05	0.00	0.00	0.00	0.83	851.00	7.52	0.05	0.00	0.00	0.00	0.00	0.00	0.00	
205.00	272.00	490.00	0.00	821.00	81965.00	1.00	22.09	-1.26	1080.00	81965.00	99.84	30.00	138.00	22.73	516.45	6.80	0.00	99.84	0.00	0.00	0.00	0.84	821.00	7.26	0.03	0.00	0.00	0.00	0.00	0.00	0.00	
206.00	223.00	612.00	0.00	813.00	70470.00	1.00	23.63	-0.86	992.00	70470.00	86.68	33.00	127.00	15.35	235.51	4.32	0.00	86.68	0.00	0.00	0.00	0.84	813.00	7.19	0.06	0.00	0.00	0.00	0.00	0.00	0.00	
207.00	1039.00	544.00	0.00	764.00	31325.00	1.00	16.52	0.24	1300.00	31325.00	41.00	34.00	55.00	4.66	21.69	1.60	0.00	41.00	0.00	0.00	0.00	1.01	764.00	6.76	0.06	0.00	0.00	0.00	0.00	0.00	0.00	
208.00	1585.00	369.00	0.00	716.00	56047.00	1.00	16.73	-2.23	1360.00	56047.00	78.28	36.00	105.00	13.38	179.10	4.18	0.00	78.28	0.00	0.00	0.00	1.05	716.00	6.33	0.06	0.00	0.00	0.00	0.00	0.00	0.00	
209.00	387.00	377.00	0.00	684.00	37159.00	1.00	21.42	-0.64	1015.00	37159.00	54.33	36.00	65.00	4.07	16.56	2.14	0.00	54.33	0.00	0.00	0.00	0.82	684.00	6.05	0.06	0.00	0.00	0.00	0.00	0.00	0.00	
210.00	1076.00	668.00	0.00	653.00	27474.00	1.00	13.85	-1.19	1377.00	27474.00	42.07	33.00	49.00	3.39	11.46	1.66	0.00	42.07	0.00	0.00	0.00	1.12	653.00	5.77	0.08	0.00	0.00	0.00	0.00	0.00	0.00	
211.00	934.00	473.00	0.00	574.00	31221.00	1.00	19.87	-2.00	744.00	31221.00	54.39	37.00	78.00	9.73	94.72	3.43	0.00	54.39	0.00	0.00	0.00	0.81	574.00	5.08	0.05	0.00	0.00	0.00	0.00	0.00	0.00	
212.00	1191.00	705.00	0.00	483.00	19856.00	1.00	16.20	-1.20	620.00	19856.00	41.11	32.00	47.00	3.13	9.77	1.17	0.00	41.11	0.00	0.00	0.00	0.77	483.00	4.27	0.08	0.00	0.00	0.00	0.00	0.00	0.00	
213.00	634.00	708.00	0.00	477.00	58592.00	1.00	15.82	-1.93	660.00	58592.00	122.83	32.00	236.00	42.29	1788.10	10.15	0.00	122.83	0.00	0.00	0.00	0.82	477.00	4.22	0.09	0.00	0.00	0.00	0.00	0.00	0.00	
214.00	518.00	442.00	0.00	391.00	25139.00	1.00	15.39	0.49	500.00	25139.00	64.29	49.00	72.00	2.99	8.94	0.93	0.00	64.29	0.00	0.00	0.00	0.74	391.00	3.46	0.10	0.00	0.00	0.00	0.00	0.00	0.00	
215.00	577.00	1071.00	0.00	368.00	32703.00	0.99	9.96	-1.54	588.00	32703.00	88.87	37.00	152.00	25.86	668.80	11.05	0.00	88.87	0.00	0.00	0.00	0.95	368.00	3.25	0.00	0.00	0.00	0.00	0.00	0.00	0.00	
216.00	1043.00	192.00	0.00	341.00	15866.00	1.00	11.78	-0.77	600.00	15866.00	46.53	33.00	58.00	4.65	21.66	3.18	0.00	46.53	0.00	0.00	0.00	0.85	341.00	3.02	0.06	0.00	0.00	0.00	0.00	0.00	0.00	
217.00	278.00	1071.00	0.00	338.00	19969.00	0.99	9.26	-1.56	462.00	19969.00	59.08	36.00	81.00	9.95	98.92	4.71	0.00	59.08	0.00	0.00	0.00	0.90	338.00	2.99	0.00	0.00	0.00	0.00	0.00	0.00	0.00	
218.00	486.00	289.00	0.00	331.00	16081.00	0.99	9.17	-1.63	462.00	16081.00	48.58	36.00	74.00	8.02	64.27	4.24	0.00	48.58	0.00	0.00	0.00	0.88	331.00	2.93	0.06	0.00	0.00	0.00	0.00	0.00	0.00	
219.00	1126.00	126.00	0.00	328.00	15641.00	1.00	10.29	-2.24	837.00	15641.00	47.69	26.00	104.00	10.00	99.96	5.71	0.00	47.69	0.00	0.00	0.00	1.01	328.00	2.90	0.07	0.00	0.00	0.00	0.00	0.00	0.00	
220.00	518.00	87.00	0.00	297.00	11924.00	1.00	13.05	-0.21	425.00	11924.00	40.15	31.00	54.00	4.31	18.55	2.84	0.00	40.15	0.00	0.00	0.00	0.70	297.00	2.63	0.00	0.00	0.00	0.00	0.00	0.00	0.00	
221.00	961.00	185.00	0.00	293.00	18056.00	0.99	9.52	-2.24	648.00	18056.00	61.62	37.00	82.00	7.07	50.04	5.04	0.00	61.62	0.00	0.00	0.00	0.95	293.00	2.59	0.07	0.00	0.00	0.00	0.00	0.00	0.00	
222.00	968.00	705.00	0.00	285.00	20541.00	1.00	14.14	-1.04	360.00	20541.00	72.07	42.00	88.00	8.23	67.70	3.01	0.00	72.07	0.00	0.00	0.00	0.64	285.00	2.52	0.11	0.00	0.00	0.00	0.00	0.00	0.00	
223.00	1100.00	427.00	0.00	268.00	12711.00	0.99	9.70	-0.37	450.00	12711.00	47.43	36.00	53.00	2.37	5.63	1.65	0.00	47.43	0.00	0.00	0.00	0.80	268.00	2.37	0.12	0.00	0.00	0.00	0.00	0.00	0.00	
225.00	960.00	224.00	0.00	246.00	15066.00	0.99	9.03	-0.88	550.00	15066.00	61.24	36.00	72.00	7.57	57.25	5.33	0.00	61.24	0.00	0.00	0.00	0.91	246.00	2.18	0.08	0.00	0.00	0.00	0.00	0.00	0.00	
226.00	1321.00	541.00	0.00	246.00	14389.00	0.99	7.63	-0.37	578.00	14389.00	58.49	36.00	74.00	8.34	69.63	5.67	0.00	58.49	0.00	0.00	0.00	0.97	246.00	2.18	0.08	0.00	0.00	0.00	0.00	0.00	0.00	
227.00	958.00	451.00	0.00	245.00	11226.00	1.00	12.16	-0.02	273.00	11226.00	45.82	34.00	65.00	4.85	23.56	2.37	0.00	45.82	0.00	0.00	0.00	0.62	245.00	2.17	0.12	0.00	0.00	0.00	0.00	0.00	0.00	
228.00	977.00	338.00	0.00	244.00	15865.00	1.00	13.02	-1.80	266.00	15865.00	65.02	54.00	90.00	5.54	30.66	2.84	0.00	65.02	0.00	0.00	0.00	0.61	244.00	2.16	0.12	0.00	0.00	0.00	0.00	0.00	0.00	
229.00	754.00	586.00	0.00	239.00	14450.00	1.00	12.01	0.11	360.00	14450.00	60.46	30.00	84.00	9.25	85.63	5.65	0.00	60.46	0.00	0.00	0.00	0.61	239.00	2.11	0.07	0.00	0.00	0.00	0.00	0.00	0.00	
230.00	1083.00	661.00	0.00	235.00	11758.00	0.99	7.91	-1.13	510.00	11758.00	50.03	36.00	64.00	5.05	25.55	4.42	0.00	50.03	0.00	0.00	0.00	0.92	235.00	2.08	0.08	0.00	0.00	0.00	0.00	0.00	0.00	
231.00	973.00	397.00	0.00	224.00	11561.00	0.99	7.61	-0.76	600.00	11561.00	51.61	36.00	69.00	6.26	39.23	5.18	0.00	51.61	0.00	0.00	0.00	0.97	224.00	1.98	0.09	0.00	0.00	0.00	0.00	0.00	0.00	
232.00	1205.00	699.00	0.00	199.00	8228.00	0.99	8.26	-0.76	484.00	8228.00	41.35	35.00	49.00	4.33	18.76	1.58	0.00	41.35	0.00	0.00	0.00	0.86	199.00	1.76	0.15	0.00	0.00	0.00	0.00	0.00	0.00	
233.00	299.00	855.00	0.00	198.00	7983.00	0.99	9.02	-0.27	288.00	7983.00	40.32	35.00	47.00	2.69	7.21	1.97	0.00	40.32	0.00	0.00	0.00	0.67	198.00	1.75	0.00	0.00	0.00	0.00	0.00	0.00	0.00	
234.00	1133.00	455.00	0.00	187.00	12122.00	0.99	6.48	-1.65	264.00	12122.00	64.82	36.00	86.00	11.19	125.15	7.88	0.00	64.82	0.00	0.00	0.00	0.77	187.00	1.65	0.08	0.00	0.00	0.00	0.00	0.00	0.00	
235.00	1104.00	416.00	0.00	175.00	8253.00	0.99	8.01	-0.42	338.00	8253.00	47.16	37.00	53.00	3.52	12.37	3.21	0.00	47.16	0.00	0.00	0.00	0.76	175.00	1.55	0.09	0.00	0.00	0.00	0.00	0.00	0.00	
236.00	1262.00	546.00	0.00	162.00	9875.00	0.99	7.31	0.10	252.00	9875.00	60.96	36.00	79.00	9.66	93.41	6.18	0.00	60.96	0.00	0.00	0.00	0.69	162.00	1.43	0.08	0.00	0.00	0.00	0.00	0.00	0.00	
239.00	329.00	868.00	0.00	148.00	5591.00	0.99	9.25	-2.00	198.00	5591.00	37.78	34.00	41.00	1.49	2.23	1.44	0.00	37.78	0.00	0.00	0.00	0.60	148.00	1.31	0.00	0.00	0.00	0.00	0.00	0.00	0.00	
240.00	1239.00	115.00	0.00	138.00	6286.00	0.98	5.54	-1.71	252.00	6286.00	45.55	37.00	59.00	4.88	23.83	4.55	0.00	45.55	0.00	0.00	0.00	0.77	138.00	1.22	0.09	0.00	0.00	0.00	0.00	0.00	0.00	
242.00	1026.00	686.00	0.00	123.00	5253.00	0.99	6.07	-0.67	288.00	5253.00	42.71	36.00	55.00	3.12	9.73	2.89	0.00	42.71	0.00	0.00	0.00	0.80	123.00	1.09	0.11	0.00	0.00	0.00	0.00	0.00	0.00	
244.00	1370.00	333.00	0.00	111.00	5198.00	0.98	4.82	-0.16	189.00	5198.00	46.83	36.00	53.00	4.34	18.80	4.01	0.00	46.83	0.00	0.00	0.00	0.74	111.00	0.98	0.10	0.00	0.00	0.00	0.00	0.00	0.00	
245.00	406.00	392.00	0.00	109.00	5668.00	0.98	4.88	-1.94	250.00	5668.00	52.00	36.00	95.00	11.33	128.39	7.08	0.00	52.00	0.00	0.00	0.00	0.79	109.00	0.96	0.11	0.00	0.00	0.00	0.00	0.00	0.00	
246.00	978.00	464.00	0.00	96.00	5933.00	0.97	4.13	-0.31	297.00	5933.00	61.80	34.00	144.00	24.19	585.09	22.77	0.00	61.80	0.00	0.00	0.00	0.86	96.00	0.85	0.02	0.00	0.00	0.00	0.00	0.00	0.00	
247.00	1038.00	111.00	0.00	72.00	2845.00	0.99	6.10	-0.27	91.00	2845.00	39.51	35.00	48.00	2.93	8.59	2.79	0.00	39.51	0.00	0.00	0.00	0.48	72.00	0.64	0.00	0.00	0.00	0.00	0.00	0.00	0.00	
248.00	981.00	175.00	0.00	71.00	4236.00	0.98	5.63	-1.62	78.00	4236.00	59.66	36.00	69.00	7.65	58.48	6.94	0.00	59.66	0.00	0.00	0.00	0.48	71.00	0.63	0.12	0.00	0.00	0.00	0.00	0.00	0.00	
